# 8x8x34 dnabrick lattice
1 274
1 239
2 240
2 275
3 241
3 276
4 242
4 277
5 243
5 278
6 244
6 279
7 280
7 245
8 281
8 246
9 282
9 247
10 248
10 283
11 249
11 284
12 250
12 285
13 251
13 286
14 252
14 287
15 288
15 253
16 289
16 254
17 290
17 255
18 256
18 291
19 257
19 292
20 258
20 293
21 259
21 294
22 260
22 295
23 296
23 261
24 297
24 262
25 298
25 263
26 264
26 299
27 265
27 300
28 266
28 301
29 267
29 302
30 268
30 303
31 304
31 269
32 305
32 270
33 306
33 271
34 272
34 273 b1
35 273
35 307
36 274
36 308
37 275
37 309
38 276
38 310
39 277
39 311
40 312
40 278
41 313
41 279
42 280
42 314
43 281
43 315
44 282
44 316
45 283
45 317
46 284
46 318
47 285
47 319
48 320
48 286
49 321
49 287
50 288
50 322
51 289
51 323
52 290
52 324
53 291
53 325
54 292
54 326
55 293
55 327
56 328
56 294
57 329
57 295
58 296
58 330
59 297
59 331
60 298
60 332
61 299
61 333
62 300
62 334
63 301
63 335
64 336
64 302
65 337
65 303
66 304
66 338
67 305
67 339
68 306
68 340
69 307
69 342
70 308
70 343
71 344
71 309
72 345
72 310
73 346
73 311
74 312
74 347
75 313
75 348
76 314
76 349
77 315
77 350
78 316
78 351
79 352
79 317
80 353
80 318
81 354
81 319
82 320
82 355
83 321
83 356
84 322
84 357
85 323
85 358
86 324
86 359
87 360
87 325
88 361
88 326
89 362
89 327
90 328
90 363
91 329
91 364
92 330
92 365
93 331
93 366
94 332
94 367
95 368
95 333
96 369
96 334
97 370
97 335
98 336
98 371
99 337
99 372
100 338
100 373
101 339
101 374
102 340
102 341 b1
103 341
103 375
104 376
104 342
105 377
105 343
106 344
106 378
107 345
107 379
108 346
108 380
109 347
109 381
110 348
110 382
111 349
111 383
112 384
112 350
113 385
113 351
114 352
114 386
115 353
115 387
116 354
116 388
117 355
117 389
118 356
118 390
119 357
119 391
120 392
120 358
121 393
121 359
122 360
122 394
123 361
123 395
124 362
124 396
125 363
125 397
126 364
126 398
127 365
127 399
128 400
128 366
129 401
129 367
130 368
130 402
131 369
131 403
132 370
132 404
133 371
133 405
134 372
134 406
135 373
135 407
136 408
136 374
137 410
137 375
138 376
138 411
139 377
139 412
140 378
140 413
141 379
141 414
142 380
142 415
143 416
143 381
144 417
144 382
145 418
145 383
146 384
146 419
147 385
147 420
148 386
148 421
149 387
149 422
150 388
150 423
151 424
151 389
152 425
152 390
153 426
153 391
154 392
154 427
155 393
155 428
156 394
156 429
157 395
157 430
158 396
158 431
159 432
159 397
160 433
160 398
161 434
161 399
162 400
162 435
163 401
163 436
164 402
164 437
165 403
165 438
166 404
166 439
167 440
167 405
168 441
168 406
169 442
169 407
170 408
170 409 b1
171 409
171 443
172 410
172 444
173 411
173 445
174 412
174 446
175 413
175 447
176 448
176 414
177 449
177 415
178 416
178 450
179 417
179 451
180 418
180 452
181 419
181 453
182 420
182 454
183 421
183 455
184 456
184 422
185 457
185 423
186 424
186 458
187 425
187 459
188 426
188 460
189 427
189 461
190 428
190 462
191 429
191 463
192 464
192 430
193 465
193 431
194 432
194 466
195 433
195 467
196 434
196 468
197 435
197 469
198 436
198 470
199 437
199 471
200 472
200 438
201 473
201 439
202 440
202 474
203 441
203 475
204 442
204 476
205 443
205 478
206 444
206 479
207 480
207 445
208 481
208 446
209 482
209 447
210 448
210 483
211 449
211 484
212 450
212 485
213 451
213 486
214 452
214 487
215 488
215 453
216 489
216 454
217 490
217 455
218 456
218 491
219 457
219 492
220 458
220 493
221 459
221 494
222 460
222 495
223 496
223 461
224 497
224 462
225 498
225 463
226 464
226 499
227 465
227 500
228 466
228 501
229 467
229 502
230 468
230 503
231 504
231 469
232 505
232 470
233 506
233 471
234 472
234 507
235 473
235 508
236 474
236 509
237 475
237 510
238 476
238 477 b1
239 545
239 511
240 512
240 546
241 547
241 513
242 514
242 548
243 515
243 549
244 516
244 550
245 551
245 517
246 552
246 518
247 519
247 553
248 520
248 554
249 521
249 555
250 522
250 556
251 523
251 557
252 524
252 558
253 525
253 559
254 560
254 526
255 561
255 527
256 528
256 562
257 529
257 563
258 530
258 564
259 531
259 565
260 532
260 566
261 567
261 533
262 568
262 534
263 569
263 535
264 536
264 570
265 537
265 571
266 538
266 572
267 539
267 573
268 540
268 574
269 541
269 575
270 576
270 542
271 577
271 543
272 544
272 578
273 545
273 612 b1
274 546
274 579
275 547
275 580
276 548
276 581
277 549
277 582
278 550
278 583
279 584
279 551
280 552
280 585
281 553
281 586
282 554
282 587
283 555
283 588
284 556
284 589
285 557
285 590
286 558
286 591
287 592
287 559
288 560
288 593
289 561
289 594
290 562
290 595
291 563
291 596
292 564
292 597
293 565
293 598
294 566
294 599
295 600
295 567
296 568
296 601
297 569
297 602
298 570
298 603
299 571
299 604
300 572
300 605
301 573
301 606
302 574
302 607
303 608
303 575
304 576
304 609
305 577
305 610
306 578
306 611
307 579
307 613
308 580
308 614
309 581
309 615
310 616
310 582
311 617
311 583
312 584
312 618
313 619
313 585
314 620
314 586
315 587
315 621
316 588
316 622
317 589
317 623
318 624
318 590
319 625
319 591
320 592
320 626
321 593
321 627
322 594
322 628
323 595
323 629
324 596
324 630
325 597
325 631
326 632
326 598
327 633
327 599
328 600
328 634
329 635
329 601
330 602
330 636
331 603
331 637
332 604
332 638
333 605
333 639
334 640
334 606
335 641
335 607
336 608
336 642
337 609
337 643
338 644
338 610
339 611
339 645
340 612
340 646
341 680 b1
341 613
342 614
342 647
343 648
343 615
344 616
344 649
345 617
345 650
346 618
346 651
347 619
347 652
348 620
348 653
349 621
349 654
350 622
350 655
351 656
351 623
352 624
352 657
353 625
353 658
354 626
354 659
355 627
355 660
356 628
356 661
357 629
357 662
358 630
358 663
359 664
359 631
360 632
360 665
361 633
361 666
362 634
362 667
363 635
363 668
364 636
364 669
365 637
365 670
366 638
366 671
367 672
367 639
368 640
368 673
369 641
369 674
370 642
370 675
371 643
371 676
372 644
372 677
373 645
373 678
374 646
374 679
375 681
375 647
376 648
376 682
377 649
377 683
378 684
378 650
379 651
379 685
380 652
380 686
381 687
381 653
382 688
382 654
383 689
383 655
384 656
384 690
385 657
385 691
386 692
386 658
387 659
387 693
388 660
388 694
389 661
389 695
390 696
390 662
391 697
391 663
392 664
392 698
393 699
393 665
394 700
394 666
395 667
395 701
396 668
396 702
397 669
397 703
398 704
398 670
399 705
399 671
400 672
400 706
401 707
401 673
402 708
402 674
403 675
403 709
404 676
404 710
405 711
405 677
406 712
406 678
407 713
407 679
408 680
408 714
409 681
409 748 b1
410 682
410 715
411 683
411 716
412 684
412 717
413 685
413 718
414 686
414 719
415 720
415 687
416 688
416 721
417 689
417 722
418 690
418 723
419 691
419 724
420 692
420 725
421 693
421 726
422 694
422 727
423 728
423 695
424 696
424 729
425 697
425 730
426 698
426 731
427 699
427 732
428 700
428 733
429 701
429 734
430 702
430 735
431 736
431 703
432 704
432 737
433 705
433 738
434 706
434 739
435 707
435 740
436 708
436 741
437 709
437 742
438 710
438 743
439 744
439 711
440 712
440 745
441 713
441 746
442 714
442 747
443 749
443 715
444 716
444 750
445 717
445 751
446 752
446 718
447 753
447 719
448 720
448 754
449 755
449 721
450 756
450 722
451 757
451 723
452 724
452 758
453 759
453 725
454 760
454 726
455 761
455 727
456 728
456 762
457 763
457 729
458 764
458 730
459 765
459 731
460 732
460 766
461 733
461 767
462 768
462 734
463 769
463 735
464 736
464 770
465 737
465 771
466 772
466 738
467 739
467 773
468 740
468 774
469 741
469 775
470 776
470 742
471 777
471 743
472 744
472 778
473 745
473 779
474 780
474 746
475 747
475 781
476 748
476 782
477 749
478 750
479 751
480 752
481 753
482 754
483 755
484 756
485 757
486 758
487 759
488 760
489 761
490 762
491 763
492 764
493 765
494 766
495 767
496 768
497 769
498 770
499 771
500 772
501 773
502 774
503 775
504 776
505 777
506 778
507 779
508 780
509 781
510 782
511 784
512 785
513 786
514 787
515 788
516 789
517 790
518 791
519 792
520 793
521 794
522 795
523 796
524 797
525 798
526 799
527 800
528 801
529 802
530 803
531 804
532 805
533 806
534 807
535 808
536 809
537 810
538 811
539 812
540 813
541 814
542 815
543 816
544 783 b1
545 817
545 783
546 784
546 818
547 819
547 785
548 820
548 786
549 787
549 821
550 788
550 822
551 789
551 823
552 824
552 790
553 825
553 791
554 792
554 826
555 793
555 827
556 794
556 828
557 795
557 829
558 796
558 830
559 797
559 831
560 832
560 798
561 799
561 833
562 800
562 834
563 835
563 801
564 836
564 802
565 803
565 837
566 804
566 838
567 839
567 805
568 840
568 806
569 841
569 807
570 808
570 842
571 843
571 809
572 844
572 810
573 811
573 845
574 812
574 846
575 813
575 847
576 848
576 814
577 849
577 815
578 816
578 850
579 817
579 852
580 818
580 853
581 819
581 854
582 820
582 855
583 856
583 821
584 857
584 822
585 858
585 823
586 824
586 859
587 825
587 860
588 826
588 861
589 827
589 862
590 828
590 863
591 864
591 829
592 865
592 830
593 866
593 831
594 832
594 867
595 833
595 868
596 834
596 869
597 835
597 870
598 836
598 871
599 872
599 837
600 873
600 838
601 874
601 839
602 840
602 875
603 841
603 876
604 842
604 877
605 843
605 878
606 844
606 879
607 880
607 845
608 881
608 846
609 882
609 847
610 848
610 883
611 849
611 884
612 850
612 851 b1
613 851
613 885
614 852
614 886
615 853
615 887
616 888
616 854
617 889
617 855
618 856
618 890
619 891
619 857
620 892
620 858
621 859
621 893
622 860
622 894
623 861
623 895
624 896
624 862
625 897
625 863
626 864
626 898
627 865
627 899
628 900
628 866
629 867
629 901
630 868
630 902
631 903
631 869
632 904
632 870
633 905
633 871
634 872
634 906
635 907
635 873
636 874
636 908
637 875
637 909
638 876
638 910
639 911
639 877
640 912
640 878
641 913
641 879
642 880
642 914
643 915
643 881
644 916
644 882
645 883
645 917
646 884
646 918
647 920
647 885
648 921
648 886
649 922
649 887
650 888
650 923
651 889
651 924
652 890
652 925
653 891
653 926
654 892
654 927
655 928
655 893
656 929
656 894
657 930
657 895
658 896
658 931
659 897
659 932
660 898
660 933
661 899
661 934
662 900
662 935
663 936
663 901
664 937
664 902
665 938
665 903
666 904
666 939
667 905
667 940
668 906
668 941
669 907
669 942
670 908
670 943
671 944
671 909
672 945
672 910
673 946
673 911
674 912
674 947
675 913
675 948
676 914
676 949
677 915
677 950
678 916
678 951
679 952
679 917
680 918
680 919 b1
681 919
681 953
682 920
682 954
683 921
683 955
684 956
684 922
685 923
685 957
686 924
686 958
687 959
687 925
688 960
688 926
689 961
689 927
690 928
690 962
691 929
691 963
692 930
692 964
693 931
693 965
694 932
694 966
695 933
695 967
696 968
696 934
697 969
697 935
698 936
698 970
699 937
699 971
700 972
700 938
701 939
701 973
702 940
702 974
703 975
703 941
704 976
704 942
705 977
705 943
706 944
706 978
707 945
707 979
708 946
708 980
709 947
709 981
710 948
710 982
711 983
711 949
712 984
712 950
713 985
713 951
714 952
714 986
715 953
715 988
716 954
716 989
717 955
717 990
718 956
718 991
719 992
719 957
720 993
720 958
721 994
721 959
722 960
722 995
723 961
723 996
724 962
724 997
725 963
725 998
726 964
726 999
727 1000
727 965
728 1001
728 966
729 1002
729 967
730 968
730 1003
731 969
731 1004
732 970
732 1005
733 971
733 1006
734 972
734 1007
735 1008
735 973
736 1009
736 974
737 1010
737 975
738 976
738 1011
739 977
739 1012
740 978
740 1013
741 979
741 1014
742 980
742 1015
743 1016
743 981
744 1017
744 982
745 1018
745 983
746 984
746 1019
747 985
747 1020
748 986
748 987 b1
749 1021
749 987
750 988
750 1022
751 989
751 1023
752 1024
752 990
753 1025
753 991
754 992
754 1026
755 1027
755 993
756 1028
756 994
757 995
757 1029
758 996
758 1030
759 1031
759 997
760 1032
760 998
761 1033
761 999
762 1000
762 1034
763 1001
763 1035
764 1002
764 1036
765 1037
765 1003
766 1004
766 1038
767 1005
767 1039
768 1040
768 1006
769 1041
769 1007
770 1008
770 1042
771 1043
771 1009
772 1044
772 1010
773 1011
773 1045
774 1012
774 1046
775 1047
775 1013
776 1048
776 1014
777 1049
777 1015
778 1016
778 1050
779 1051
779 1017
780 1018
780 1052
781 1019
781 1053
782 1020
782 1054
783 1122 b1
783 1055
784 1056
784 1089
785 1057
785 1090
786 1058
786 1091
787 1059
787 1092
788 1060
788 1093
789 1061
789 1094
790 1062
790 1095
791 1096
791 1063
792 1064
792 1097
793 1065
793 1098
794 1066
794 1099
795 1067
795 1100
796 1068
796 1101
797 1069
797 1102
798 1070
798 1103
799 1104
799 1071
800 1072
800 1105
801 1073
801 1106
802 1074
802 1107
803 1075
803 1108
804 1076
804 1109
805 1077
805 1110
806 1078
806 1111
807 1112
807 1079
808 1080
808 1113
809 1081
809 1114
810 1082
810 1115
811 1083
811 1116
812 1084
812 1117
813 1085
813 1118
814 1086
814 1119
815 1120
815 1087
816 1088
816 1121
817 1123
817 1089
818 1124
818 1090
819 1091
819 1125
820 1092
820 1126
821 1093
821 1127
822 1128
822 1094
823 1129
823 1095
824 1096
824 1130
825 1131
825 1097
826 1132
826 1098
827 1099
827 1133
828 1100
828 1134
829 1135
829 1101
830 1136
830 1102
831 1103
831 1137
832 1104
832 1138
833 1105
833 1139
834 1106
834 1140
835 1107
835 1141
836 1108
836 1142
837 1143
837 1109
838 1144
838 1110
839 1145
839 1111
840 1112
840 1146
841 1147
841 1113
842 1148
842 1114
843 1115
843 1149
844 1116
844 1150
845 1117
845 1151
846 1152
846 1118
847 1153
847 1119
848 1120
848 1154
849 1155
849 1121
850 1156
850 1122
851 1123
851 1190 b1
852 1124
852 1157
853 1125
853 1158
854 1126
854 1159
855 1160
855 1127
856 1128
856 1161
857 1129
857 1162
858 1130
858 1163
859 1131
859 1164
860 1132
860 1165
861 1133
861 1166
862 1134
862 1167
863 1168
863 1135
864 1136
864 1169
865 1137
865 1170
866 1138
866 1171
867 1139
867 1172
868 1140
868 1173
869 1141
869 1174
870 1142
870 1175
871 1176
871 1143
872 1144
872 1177
873 1145
873 1178
874 1146
874 1179
875 1147
875 1180
876 1148
876 1181
877 1149
877 1182
878 1150
878 1183
879 1184
879 1151
880 1152
880 1185
881 1153
881 1186
882 1154
882 1187
883 1155
883 1188
884 1156
884 1189
885 1157
885 1191
886 1192
886 1158
887 1193
887 1159
888 1160
888 1194
889 1195
889 1161
890 1196
890 1162
891 1163
891 1197
892 1164
892 1198
893 1165
893 1199
894 1200
894 1166
895 1201
895 1167
896 1168
896 1202
897 1203
897 1169
898 1204
898 1170
899 1171
899 1205
900 1172
900 1206
901 1173
901 1207
902 1208
902 1174
903 1209
903 1175
904 1176
904 1210
905 1177
905 1211
906 1212
906 1178
907 1179
907 1213
908 1180
908 1214
909 1181
909 1215
910 1216
910 1182
911 1217
911 1183
912 1184
912 1218
913 1219
913 1185
914 1220
914 1186
915 1187
915 1221
916 1188
916 1222
917 1189
917 1223
918 1224
918 1190
919 1258 b1
919 1191
920 1192
920 1225
921 1193
921 1226
922 1194
922 1227
923 1195
923 1228
924 1196
924 1229
925 1197
925 1230
926 1198
926 1231
927 1232
927 1199
928 1200
928 1233
929 1201
929 1234
930 1202
930 1235
931 1203
931 1236
932 1204
932 1237
933 1205
933 1238
934 1206
934 1239
935 1240
935 1207
936 1208
936 1241
937 1209
937 1242
938 1210
938 1243
939 1211
939 1244
940 1212
940 1245
941 1213
941 1246
942 1214
942 1247
943 1248
943 1215
944 1216
944 1249
945 1217
945 1250
946 1218
946 1251
947 1219
947 1252
948 1220
948 1253
949 1221
949 1254
950 1222
950 1255
951 1256
951 1223
952 1224
952 1257
953 1225
953 1259
954 1260
954 1226
955 1261
955 1227
956 1228
956 1262
957 1229
957 1263
958 1264
958 1230
959 1265
959 1231
960 1232
960 1266
961 1233
961 1267
962 1268
962 1234
963 1235
963 1269
964 1236
964 1270
965 1237
965 1271
966 1272
966 1238
967 1273
967 1239
968 1240
968 1274
969 1275
969 1241
970 1276
970 1242
971 1243
971 1277
972 1244
972 1278
973 1245
973 1279
974 1280
974 1246
975 1247
975 1281
976 1248
976 1282
977 1283
977 1249
978 1284
978 1250
979 1251
979 1285
980 1252
980 1286
981 1287
981 1253
982 1288
982 1254
983 1289
983 1255
984 1256
984 1290
985 1257
985 1291
986 1292
986 1258
987 1259
987 1326 b1
988 1260
988 1293
989 1261
989 1294
990 1262
990 1295
991 1296
991 1263
992 1264
992 1297
993 1265
993 1298
994 1266
994 1299
995 1267
995 1300
996 1268
996 1301
997 1269
997 1302
998 1270
998 1303
999 1304
999 1271
1000 1272
1000 1305
1001 1273
1001 1306
1002 1274
1002 1307
1003 1275
1003 1308
1004 1276
1004 1309
1005 1277
1005 1310
1006 1278
1006 1311
1007 1312
1007 1279
1008 1280
1008 1313
1009 1281
1009 1314
1010 1282
1010 1315
1011 1283
1011 1316
1012 1284
1012 1317
1013 1285
1013 1318
1014 1286
1014 1319
1015 1320
1015 1287
1016 1288
1016 1321
1017 1289
1017 1322
1018 1290
1018 1323
1019 1291
1019 1324
1020 1292
1020 1325
1021 1293
1022 1294
1023 1295
1024 1296
1025 1297
1026 1298
1027 1299
1028 1300
1029 1301
1030 1302
1031 1303
1032 1304
1033 1305
1034 1306
1035 1307
1036 1308
1037 1309
1038 1310
1039 1311
1040 1312
1041 1313
1042 1314
1043 1315
1044 1316
1045 1317
1046 1318
1047 1319
1048 1320
1049 1321
1050 1322
1051 1323
1052 1324
1053 1325
1054 1326
1055 1327
1056 1328
1057 1329
1058 1330
1059 1331
1060 1332
1061 1333
1062 1334
1063 1335
1064 1336
1065 1337
1066 1338
1067 1339
1068 1340
1069 1341
1070 1342
1071 1343
1072 1344
1073 1345
1074 1346
1075 1347
1076 1348
1077 1349
1078 1350
1079 1351
1080 1352
1081 1353
1082 1354
1083 1355
1084 1356
1085 1357
1086 1358
1087 1359
1088 1360
1089 1362
1089 1327
1090 1328
1090 1363
1091 1329
1091 1364
1092 1330
1092 1365
1093 1331
1093 1366
1094 1332
1094 1367
1095 1368
1095 1333
1096 1369
1096 1334
1097 1370
1097 1335
1098 1336
1098 1371
1099 1337
1099 1372
1100 1338
1100 1373
1101 1339
1101 1374
1102 1340
1102 1375
1103 1376
1103 1341
1104 1377
1104 1342
1105 1378
1105 1343
1106 1344
1106 1379
1107 1345
1107 1380
1108 1346
1108 1381
1109 1347
1109 1382
1110 1348
1110 1383
1111 1384
1111 1349
1112 1385
1112 1350
1113 1386
1113 1351
1114 1352
1114 1387
1115 1353
1115 1388
1116 1354
1116 1389
1117 1355
1117 1390
1118 1356
1118 1391
1119 1392
1119 1357
1120 1393
1120 1358
1121 1394
1121 1359
1122 1360
1122 1361 b1
1123 1361
1123 1395
1124 1362
1124 1396
1125 1363
1125 1397
1126 1364
1126 1398
1127 1399
1127 1365
1128 1400
1128 1366
1129 1401
1129 1367
1130 1368
1130 1402
1131 1369
1131 1403
1132 1404
1132 1370
1133 1371
1133 1405
1134 1372
1134 1406
1135 1407
1135 1373
1136 1408
1136 1374
1137 1409
1137 1375
1138 1376
1138 1410
1139 1377
1139 1411
1140 1412
1140 1378
1141 1379
1141 1413
1142 1380
1142 1414
1143 1381
1143 1415
1144 1416
1144 1382
1145 1417
1145 1383
1146 1384
1146 1418
1147 1419
1147 1385
1148 1386
1148 1420
1149 1387
1149 1421
1150 1388
1150 1422
1151 1389
1151 1423
1152 1424
1152 1390
1153 1425
1153 1391
1154 1392
1154 1426
1155 1427
1155 1393
1156 1428
1156 1394
1157 1395
1157 1430
1158 1396
1158 1431
1159 1432
1159 1397
1160 1433
1160 1398
1161 1434
1161 1399
1162 1400
1162 1435
1163 1401
1163 1436
1164 1402
1164 1437
1165 1403
1165 1438
1166 1404
1166 1439
1167 1440
1167 1405
1168 1441
1168 1406
1169 1442
1169 1407
1170 1408
1170 1443
1171 1409
1171 1444
1172 1410
1172 1445
1173 1411
1173 1446
1174 1412
1174 1447
1175 1448
1175 1413
1176 1449
1176 1414
1177 1450
1177 1415
1178 1416
1178 1451
1179 1417
1179 1452
1180 1418
1180 1453
1181 1419
1181 1454
1182 1420
1182 1455
1183 1456
1183 1421
1184 1457
1184 1422
1185 1458
1185 1423
1186 1424
1186 1459
1187 1425
1187 1460
1188 1426
1188 1461
1189 1427
1189 1462
1190 1428
1190 1429 b1
1191 1429
1191 1463
1192 1464
1192 1430
1193 1431
1193 1465
1194 1432
1194 1466
1195 1433
1195 1467
1196 1468
1196 1434
1197 1435
1197 1469
1198 1436
1198 1470
1199 1437
1199 1471
1200 1472
1200 1438
1201 1473
1201 1439
1202 1440
1202 1474
1203 1475
1203 1441
1204 1476
1204 1442
1205 1443
1205 1477
1206 1444
1206 1478
1207 1445
1207 1479
1208 1480
1208 1446
1209 1481
1209 1447
1210 1448
1210 1482
1211 1483
1211 1449
1212 1484
1212 1450
1213 1451
1213 1485
1214 1452
1214 1486
1215 1453
1215 1487
1216 1488
1216 1454
1217 1489
1217 1455
1218 1456
1218 1490
1219 1457
1219 1491
1220 1492
1220 1458
1221 1459
1221 1493
1222 1460
1222 1494
1223 1495
1223 1461
1224 1496
1224 1462
1225 1498
1225 1463
1226 1464
1226 1499
1227 1465
1227 1500
1228 1466
1228 1501
1229 1467
1229 1502
1230 1468
1230 1503
1231 1504
1231 1469
1232 1505
1232 1470
1233 1506
1233 1471
1234 1472
1234 1507
1235 1473
1235 1508
1236 1474
1236 1509
1237 1475
1237 1510
1238 1476
1238 1511
1239 1512
1239 1477
1240 1513
1240 1478
1241 1514
1241 1479
1242 1480
1242 1515
1243 1481
1243 1516
1244 1482
1244 1517
1245 1483
1245 1518
1246 1484
1246 1519
1247 1520
1247 1485
1248 1521
1248 1486
1249 1522
1249 1487
1250 1488
1250 1523
1251 1489
1251 1524
1252 1490
1252 1525
1253 1491
1253 1526
1254 1492
1254 1527
1255 1528
1255 1493
1256 1529
1256 1494
1257 1530
1257 1495
1258 1496
1258 1497 b1
1259 1531
1259 1497
1260 1532
1260 1498
1261 1499
1261 1533
1262 1500
1262 1534
1263 1501
1263 1535
1264 1536
1264 1502
1265 1537
1265 1503
1266 1504
1266 1538
1267 1539
1267 1505
1268 1540
1268 1506
1269 1507
1269 1541
1270 1508
1270 1542
1271 1509
1271 1543
1272 1544
1272 1510
1273 1545
1273 1511
1274 1512
1274 1546
1275 1547
1275 1513
1276 1548
1276 1514
1277 1549
1277 1515
1278 1516
1278 1550
1279 1517
1279 1551
1280 1552
1280 1518
1281 1553
1281 1519
1282 1520
1282 1554
1283 1521
1283 1555
1284 1556
1284 1522
1285 1557
1285 1523
1286 1524
1286 1558
1287 1525
1287 1559
1288 1560
1288 1526
1289 1561
1289 1527
1290 1528
1290 1562
1291 1529
1291 1563
1292 1530
1292 1564
1293 1531
1293 1566
1294 1532
1294 1567
1295 1568
1295 1533
1296 1569
1296 1534
1297 1570
1297 1535
1298 1536
1298 1571
1299 1537
1299 1572
1300 1538
1300 1573
1301 1539
1301 1574
1302 1540
1302 1575
1303 1576
1303 1541
1304 1577
1304 1542
1305 1578
1305 1543
1306 1544
1306 1579
1307 1545
1307 1580
1308 1546
1308 1581
1309 1547
1309 1582
1310 1548
1310 1583
1311 1584
1311 1549
1312 1585
1312 1550
1313 1586
1313 1551
1314 1552
1314 1587
1315 1553
1315 1588
1316 1554
1316 1589
1317 1555
1317 1590
1318 1556
1318 1591
1319 1592
1319 1557
1320 1593
1320 1558
1321 1594
1321 1559
1322 1560
1322 1595
1323 1561
1323 1596
1324 1562
1324 1597
1325 1563
1325 1598
1326 1564
1326 1565 b1
1327 1633
1327 1599
1328 1600
1328 1634
1329 1635
1329 1601
1330 1636
1330 1602
1331 1603
1331 1637
1332 1604
1332 1638
1333 1639
1333 1605
1334 1640
1334 1606
1335 1641
1335 1607
1336 1608
1336 1642
1337 1643
1337 1609
1338 1644
1338 1610
1339 1611
1339 1645
1340 1612
1340 1646
1341 1613
1341 1647
1342 1648
1342 1614
1343 1615
1343 1649
1344 1616
1344 1650
1345 1617
1345 1651
1346 1652
1346 1618
1347 1619
1347 1653
1348 1620
1348 1654
1349 1621
1349 1655
1350 1656
1350 1622
1351 1657
1351 1623
1352 1624
1352 1658
1353 1659
1353 1625
1354 1660
1354 1626
1355 1627
1355 1661
1356 1628
1356 1662
1357 1629
1357 1663
1358 1664
1358 1630
1359 1665
1359 1631
1360 1632
1360 1666
1361 1633
1361 1700 b1
1362 1634
1362 1667
1363 1635
1363 1668
1364 1636
1364 1669
1365 1637
1365 1670
1366 1638
1366 1671
1367 1672
1367 1639
1368 1640
1368 1673
1369 1641
1369 1674
1370 1642
1370 1675
1371 1643
1371 1676
1372 1644
1372 1677
1373 1645
1373 1678
1374 1646
1374 1679
1375 1680
1375 1647
1376 1648
1376 1681
1377 1649
1377 1682
1378 1650
1378 1683
1379 1651
1379 1684
1380 1652
1380 1685
1381 1653
1381 1686
1382 1654
1382 1687
1383 1688
1383 1655
1384 1656
1384 1689
1385 1657
1385 1690
1386 1658
1386 1691
1387 1659
1387 1692
1388 1660
1388 1693
1389 1661
1389 1694
1390 1662
1390 1695
1391 1696
1391 1663
1392 1664
1392 1697
1393 1665
1393 1698
1394 1666
1394 1699
1395 1667
1395 1701
1396 1668
1396 1702
1397 1703
1397 1669
1398 1704
1398 1670
1399 1705
1399 1671
1400 1672
1400 1706
1401 1673
1401 1707
1402 1708
1402 1674
1403 1675
1403 1709
1404 1676
1404 1710
1405 1711
1405 1677
1406 1712
1406 1678
1407 1679
1407 1713
1408 1680
1408 1714
1409 1681
1409 1715
1410 1682
1410 1716
1411 1683
1411 1717
1412 1684
1412 1718
1413 1685
1413 1719
1414 1720
1414 1686
1415 1687
1415 1721
1416 1688
1416 1722
1417 1723
1417 1689
1418 1724
1418 1690
1419 1691
1419 1725
1420 1692
1420 1726
1421 1693
1421 1727
1422 1728
1422 1694
1423 1729
1423 1695
1424 1696
1424 1730
1425 1731
1425 1697
1426 1732
1426 1698
1427 1699
1427 1733
1428 1700
1428 1734
1429 1768 b1
1429 1701
1430 1702
1430 1735
1431 1736
1431 1703
1432 1704
1432 1737
1433 1705
1433 1738
1434 1706
1434 1739
1435 1707
1435 1740
1436 1708
1436 1741
1437 1709
1437 1742
1438 1710
1438 1743
1439 1744
1439 1711
1440 1712
1440 1745
1441 1713
1441 1746
1442 1714
1442 1747
1443 1715
1443 1748
1444 1716
1444 1749
1445 1717
1445 1750
1446 1718
1446 1751
1447 1752
1447 1719
1448 1720
1448 1753
1449 1721
1449 1754
1450 1722
1450 1755
1451 1723
1451 1756
1452 1724
1452 1757
1453 1725
1453 1758
1454 1726
1454 1759
1455 1760
1455 1727
1456 1728
1456 1761
1457 1729
1457 1762
1458 1730
1458 1763
1459 1731
1459 1764
1460 1732
1460 1765
1461 1733
1461 1766
1462 1734
1462 1767
1463 1735
1463 1769
1464 1736
1464 1770
1465 1737
1465 1771
1466 1738
1466 1772
1467 1773
1467 1739
1468 1740
1468 1774
1469 1775
1469 1741
1470 1776
1470 1742
1471 1777
1471 1743
1472 1744
1472 1778
1473 1779
1473 1745
1474 1780
1474 1746
1475 1747
1475 1781
1476 1748
1476 1782
1477 1749
1477 1783
1478 1784
1478 1750
1479 1785
1479 1751
1480 1752
1480 1786
1481 1787
1481 1753
1482 1788
1482 1754
1483 1755
1483 1789
1484 1756
1484 1790
1485 1791
1485 1757
1486 1792
1486 1758
1487 1793
1487 1759
1488 1760
1488 1794
1489 1795
1489 1761
1490 1796
1490 1762
1491 1763
1491 1797
1492 1764
1492 1798
1493 1799
1493 1765
1494 1800
1494 1766
1495 1801
1495 1767
1496 1768
1496 1802
1497 1769
1497 1836 b1
1498 1770
1498 1803
1499 1771
1499 1804
1500 1772
1500 1805
1501 1773
1501 1806
1502 1774
1502 1807
1503 1808
1503 1775
1504 1776
1504 1809
1505 1777
1505 1810
1506 1778
1506 1811
1507 1779
1507 1812
1508 1780
1508 1813
1509 1781
1509 1814
1510 1782
1510 1815
1511 1816
1511 1783
1512 1784
1512 1817
1513 1785
1513 1818
1514 1786
1514 1819
1515 1787
1515 1820
1516 1788
1516 1821
1517 1789
1517 1822
1518 1790
1518 1823
1519 1824
1519 1791
1520 1792
1520 1825
1521 1793
1521 1826
1522 1794
1522 1827
1523 1795
1523 1828
1524 1796
1524 1829
1525 1797
1525 1830
1526 1798
1526 1831
1527 1832
1527 1799
1528 1800
1528 1833
1529 1801
1529 1834
1530 1802
1530 1835
1531 1803
1531 1837
1532 1804
1532 1838
1533 1839
1533 1805
1534 1840
1534 1806
1535 1807
1535 1841
1536 1808
1536 1842
1537 1843
1537 1809
1538 1810
1538 1844
1539 1845
1539 1811
1540 1812
1540 1846
1541 1847
1541 1813
1542 1848
1542 1814
1543 1849
1543 1815
1544 1816
1544 1850
1545 1851
1545 1817
1546 1852
1546 1818
1547 1819
1547 1853
1548 1820
1548 1854
1549 1855
1549 1821
1550 1856
1550 1822
1551 1823
1551 1857
1552 1824
1552 1858
1553 1859
1553 1825
1554 1860
1554 1826
1555 1827
1555 1861
1556 1828
1556 1862
1557 1863
1557 1829
1558 1864
1558 1830
1559 1831
1559 1865
1560 1832
1560 1866
1561 1833
1561 1867
1562 1834
1562 1868
1563 1835
1563 1869
1564 1836
1564 1870
1565 1837
1566 1838
1567 1839
1568 1840
1569 1841
1570 1842
1571 1843
1572 1844
1573 1845
1574 1846
1575 1847
1576 1848
1577 1849
1578 1850
1579 1851
1580 1852
1581 1853
1582 1854
1583 1855
1584 1856
1585 1857
1586 1858
1587 1859
1588 1860
1589 1861
1590 1862
1591 1863
1592 1864
1593 1865
1594 1866
1595 1867
1596 1868
1597 1869
1598 1870
1599 1872
1600 1873
1601 1874
1602 1875
1603 1876
1604 1877
1605 1878
1606 1879
1607 1880
1608 1881
1609 1882
1610 1883
1611 1884
1612 1885
1613 1886
1614 1887
1615 1888
1616 1889
1617 1890
1618 1891
1619 1892
1620 1893
1621 1894
1622 1895
1623 1896
1624 1897
1625 1898
1626 1899
1627 1900
1628 1901
1629 1902
1630 1903
1631 1904
1632 1871 b1
1633 1905
1633 1871
1634 1872
1634 1906
1635 1907
1635 1873
1636 1908
1636 1874
1637 1875
1637 1909
1638 1876
1638 1910
1639 1911
1639 1877
1640 1912
1640 1878
1641 1879
1641 1913
1642 1880
1642 1914
1643 1881
1643 1915
1644 1882
1644 1916
1645 1883
1645 1917
1646 1884
1646 1918
1647 1885
1647 1919
1648 1920
1648 1886
1649 1887
1649 1921
1650 1888
1650 1922
1651 1889
1651 1923
1652 1890
1652 1924
1653 1891
1653 1925
1654 1892
1654 1926
1655 1893
1655 1927
1656 1928
1656 1894
1657 1929
1657 1895
1658 1896
1658 1930
1659 1931
1659 1897
1660 1932
1660 1898
1661 1899
1661 1933
1662 1900
1662 1934
1663 1901
1663 1935
1664 1936
1664 1902
1665 1937
1665 1903
1666 1904
1666 1938
1667 1905
1667 1940
1668 1906
1668 1941
1669 1907
1669 1942
1670 1908
1670 1943
1671 1944
1671 1909
1672 1945
1672 1910
1673 1946
1673 1911
1674 1912
1674 1947
1675 1913
1675 1948
1676 1914
1676 1949
1677 1915
1677 1950
1678 1916
1678 1951
1679 1952
1679 1917
1680 1953
1680 1918
1681 1954
1681 1919
1682 1920
1682 1955
1683 1921
1683 1956
1684 1922
1684 1957
1685 1923
1685 1958
1686 1924
1686 1959
1687 1960
1687 1925
1688 1961
1688 1926
1689 1962
1689 1927
1690 1928
1690 1963
1691 1929
1691 1964
1692 1930
1692 1965
1693 1931
1693 1966
1694 1932
1694 1967
1695 1968
1695 1933
1696 1969
1696 1934
1697 1970
1697 1935
1698 1936
1698 1971
1699 1937
1699 1972
1700 1938
1700 1939 b1
1701 1939
1701 1973
1702 1940
1702 1974
1703 1941
1703 1975
1704 1976
1704 1942
1705 1977
1705 1943
1706 1944
1706 1978
1707 1945
1707 1979
1708 1980
1708 1946
1709 1947
1709 1981
1710 1948
1710 1982
1711 1983
1711 1949
1712 1984
1712 1950
1713 1951
1713 1985
1714 1952
1714 1986
1715 1987
1715 1953
1716 1988
1716 1954
1717 1955
1717 1989
1718 1956
1718 1990
1719 1957
1719 1991
1720 1992
1720 1958
1721 1993
1721 1959
1722 1960
1722 1994
1723 1961
1723 1995
1724 1996
1724 1962
1725 1963
1725 1997
1726 1964
1726 1998
1727 1965
1727 1999
1728 2000
1728 1966
1729 2001
1729 1967
1730 1968
1730 2002
1731 1969
1731 2003
1732 2004
1732 1970
1733 1971
1733 2005
1734 1972
1734 2006
1735 2008
1735 1973
1736 2009
1736 1974
1737 2010
1737 1975
1738 1976
1738 2011
1739 1977
1739 2012
1740 1978
1740 2013
1741 1979
1741 2014
1742 1980
1742 2015
1743 2016
1743 1981
1744 2017
1744 1982
1745 2018
1745 1983
1746 1984
1746 2019
1747 1985
1747 2020
1748 1986
1748 2021
1749 1987
1749 2022
1750 1988
1750 2023
1751 2024
1751 1989
1752 2025
1752 1990
1753 2026
1753 1991
1754 1992
1754 2027
1755 1993
1755 2028
1756 1994
1756 2029
1757 1995
1757 2030
1758 1996
1758 2031
1759 2032
1759 1997
1760 2033
1760 1998
1761 2034
1761 1999
1762 2000
1762 2035
1763 2001
1763 2036
1764 2002
1764 2037
1765 2003
1765 2038
1766 2004
1766 2039
1767 2040
1767 2005
1768 2006
1768 2007 b1
1769 2007
1769 2041
1770 2008
1770 2042
1771 2009
1771 2043
1772 2010
1772 2044
1773 2011
1773 2045
1774 2012
1774 2046
1775 2013
1775 2047
1776 2048
1776 2014
1777 2049
1777 2015
1778 2016
1778 2050
1779 2051
1779 2017
1780 2052
1780 2018
1781 2019
1781 2053
1782 2020
1782 2054
1783 2055
1783 2021
1784 2056
1784 2022
1785 2057
1785 2023
1786 2024
1786 2058
1787 2059
1787 2025
1788 2060
1788 2026
1789 2061
1789 2027
1790 2028
1790 2062
1791 2063
1791 2029
1792 2064
1792 2030
1793 2065
1793 2031
1794 2032
1794 2066
1795 2033
1795 2067
1796 2034
1796 2068
1797 2035
1797 2069
1798 2036
1798 2070
1799 2071
1799 2037
1800 2072
1800 2038
1801 2039
1801 2073
1802 2040
1802 2074
1803 2041
1803 2076
1804 2042
1804 2077
1805 2043
1805 2078
1806 2044
1806 2079
1807 2080
1807 2045
1808 2081
1808 2046
1809 2082
1809 2047
1810 2048
1810 2083
1811 2049
1811 2084
1812 2050
1812 2085
1813 2051
1813 2086
1814 2052
1814 2087
1815 2088
1815 2053
1816 2089
1816 2054
1817 2090
1817 2055
1818 2056
1818 2091
1819 2057
1819 2092
1820 2058
1820 2093
1821 2059
1821 2094
1822 2060
1822 2095
1823 2096
1823 2061
1824 2097
1824 2062
1825 2098
1825 2063
1826 2064
1826 2099
1827 2065
1827 2100
1828 2066
1828 2101
1829 2067
1829 2102
1830 2068
1830 2103
1831 2104
1831 2069
1832 2105
1832 2070
1833 2106
1833 2071
1834 2072
1834 2107
1835 2073
1835 2108
1836 2074
1836 2075 b1
1837 2075
1837 2109
1838 2076
1838 2110
1839 2111
1839 2077
1840 2112
1840 2078
1841 2079
1841 2113
1842 2080
1842 2114
1843 2115
1843 2081
1844 2116
1844 2082
1845 2083
1845 2117
1846 2084
1846 2118
1847 2085
1847 2119
1848 2120
1848 2086
1849 2087
1849 2121
1850 2088
1850 2122
1851 2089
1851 2123
1852 2124
1852 2090
1853 2091
1853 2125
1854 2092
1854 2126
1855 2127
1855 2093
1856 2128
1856 2094
1857 2129
1857 2095
1858 2096
1858 2130
1859 2131
1859 2097
1860 2098
1860 2132
1861 2099
1861 2133
1862 2100
1862 2134
1863 2135
1863 2101
1864 2136
1864 2102
1865 2137
1865 2103
1866 2104
1866 2138
1867 2105
1867 2139
1868 2140
1868 2106
1869 2107
1869 2141
1870 2108
1870 2142
1871 2210 b1
1871 2143
1872 2144
1872 2177
1873 2145
1873 2178
1874 2146
1874 2179
1875 2147
1875 2180
1876 2148
1876 2181
1877 2149
1877 2182
1878 2150
1878 2183
1879 2184
1879 2151
1880 2152
1880 2185
1881 2153
1881 2186
1882 2154
1882 2187
1883 2155
1883 2188
1884 2156
1884 2189
1885 2157
1885 2190
1886 2158
1886 2191
1887 2192
1887 2159
1888 2160
1888 2193
1889 2161
1889 2194
1890 2162
1890 2195
1891 2163
1891 2196
1892 2164
1892 2197
1893 2165
1893 2198
1894 2166
1894 2199
1895 2200
1895 2167
1896 2168
1896 2201
1897 2169
1897 2202
1898 2170
1898 2203
1899 2171
1899 2204
1900 2172
1900 2205
1901 2173
1901 2206
1902 2174
1902 2207
1903 2208
1903 2175
1904 2176
1904 2209
1905 2177
1905 2211
1906 2212
1906 2178
1907 2179
1907 2213
1908 2180
1908 2214
1909 2181
1909 2215
1910 2216
1910 2182
1911 2217
1911 2183
1912 2184
1912 2218
1913 2185
1913 2219
1914 2220
1914 2186
1915 2187
1915 2221
1916 2188
1916 2222
1917 2189
1917 2223
1918 2224
1918 2190
1919 2191
1919 2225
1920 2192
1920 2226
1921 2227
1921 2193
1922 2228
1922 2194
1923 2195
1923 2229
1924 2196
1924 2230
1925 2197
1925 2231
1926 2232
1926 2198
1927 2233
1927 2199
1928 2200
1928 2234
1929 2201
1929 2235
1930 2236
1930 2202
1931 2203
1931 2237
1932 2204
1932 2238
1933 2239
1933 2205
1934 2240
1934 2206
1935 2241
1935 2207
1936 2208
1936 2242
1937 2243
1937 2209
1938 2244
1938 2210
1939 2211
1939 2278 b1
1940 2212
1940 2245
1941 2213
1941 2246
1942 2214
1942 2247
1943 2248
1943 2215
1944 2216
1944 2249
1945 2217
1945 2250
1946 2218
1946 2251
1947 2219
1947 2252
1948 2220
1948 2253
1949 2221
1949 2254
1950 2222
1950 2255
1951 2256
1951 2223
1952 2224
1952 2257
1953 2225
1953 2258
1954 2226
1954 2259
1955 2227
1955 2260
1956 2228
1956 2261
1957 2229
1957 2262
1958 2230
1958 2263
1959 2264
1959 2231
1960 2232
1960 2265
1961 2233
1961 2266
1962 2234
1962 2267
1963 2235
1963 2268
1964 2236
1964 2269
1965 2237
1965 2270
1966 2238
1966 2271
1967 2272
1967 2239
1968 2240
1968 2273
1969 2241
1969 2274
1970 2242
1970 2275
1971 2243
1971 2276
1972 2244
1972 2277
1973 2245
1973 2279
1974 2280
1974 2246
1975 2247
1975 2281
1976 2248
1976 2282
1977 2249
1977 2283
1978 2250
1978 2284
1979 2251
1979 2285
1980 2252
1980 2286
1981 2287
1981 2253
1982 2288
1982 2254
1983 2289
1983 2255
1984 2256
1984 2290
1985 2291
1985 2257
1986 2292
1986 2258
1987 2259
1987 2293
1988 2260
1988 2294
1989 2261
1989 2295
1990 2296
1990 2262
1991 2297
1991 2263
1992 2264
1992 2298
1993 2299
1993 2265
1994 2300
1994 2266
1995 2267
1995 2301
1996 2268
1996 2302
1997 2269
1997 2303
1998 2304
1998 2270
1999 2305
1999 2271
2000 2272
2000 2306
2001 2307
2001 2273
2002 2274
2002 2308
2003 2275
2003 2309
2004 2276
2004 2310
2005 2277
2005 2311
2006 2312
2006 2278
2007 2346 b1
2007 2279
2008 2280
2008 2313
2009 2281
2009 2314
2010 2282
2010 2315
2011 2283
2011 2316
2012 2284
2012 2317
2013 2285
2013 2318
2014 2286
2014 2319
2015 2320
2015 2287
2016 2288
2016 2321
2017 2289
2017 2322
2018 2290
2018 2323
2019 2291
2019 2324
2020 2292
2020 2325
2021 2293
2021 2326
2022 2294
2022 2327
2023 2328
2023 2295
2024 2296
2024 2329
2025 2297
2025 2330
2026 2298
2026 2331
2027 2299
2027 2332
2028 2300
2028 2333
2029 2301
2029 2334
2030 2302
2030 2335
2031 2336
2031 2303
2032 2304
2032 2337
2033 2305
2033 2338
2034 2306
2034 2339
2035 2307
2035 2340
2036 2308
2036 2341
2037 2309
2037 2342
2038 2310
2038 2343
2039 2344
2039 2311
2040 2312
2040 2345
2041 2347
2041 2313
2042 2348
2042 2314
2043 2315
2043 2349
2044 2316
2044 2350
2045 2317
2045 2351
2046 2352
2046 2318
2047 2353
2047 2319
2048 2320
2048 2354
2049 2355
2049 2321
2050 2356
2050 2322
2051 2323
2051 2357
2052 2324
2052 2358
2053 2359
2053 2325
2054 2360
2054 2326
2055 2361
2055 2327
2056 2328
2056 2362
2057 2363
2057 2329
2058 2364
2058 2330
2059 2331
2059 2365
2060 2332
2060 2366
2061 2333
2061 2367
2062 2368
2062 2334
2063 2369
2063 2335
2064 2336
2064 2370
2065 2371
2065 2337
2066 2372
2066 2338
2067 2339
2067 2373
2068 2340
2068 2374
2069 2341
2069 2375
2070 2376
2070 2342
2071 2377
2071 2343
2072 2344
2072 2378
2073 2379
2073 2345
2074 2380
2074 2346
2075 2347
2075 2414 b1
2076 2348
2076 2381
2077 2349
2077 2382
2078 2350
2078 2383
2079 2384
2079 2351
2080 2352
2080 2385
2081 2353
2081 2386
2082 2354
2082 2387
2083 2355
2083 2388
2084 2356
2084 2389
2085 2357
2085 2390
2086 2358
2086 2391
2087 2392
2087 2359
2088 2360
2088 2393
2089 2361
2089 2394
2090 2362
2090 2395
2091 2363
2091 2396
2092 2364
2092 2397
2093 2365
2093 2398
2094 2366
2094 2399
2095 2400
2095 2367
2096 2368
2096 2401
2097 2369
2097 2402
2098 2370
2098 2403
2099 2371
2099 2404
2100 2372
2100 2405
2101 2373
2101 2406
2102 2374
2102 2407
2103 2408
2103 2375
2104 2376
2104 2409
2105 2377
2105 2410
2106 2378
2106 2411
2107 2379
2107 2412
2108 2380
2108 2413
2109 2381
2110 2382
2111 2383
2112 2384
2113 2385
2114 2386
2115 2387
2116 2388
2117 2389
2118 2390
2119 2391
2120 2392
2121 2393
2122 2394
2123 2395
2124 2396
2125 2397
2126 2398
2127 2399
2128 2400
2129 2401
2130 2402
2131 2403
2132 2404
2133 2405
2134 2406
2135 2407
2136 2408
2137 2409
2138 2410
2139 2411
2140 2412
2141 2413
2142 2414
2143 2415
2144 2416
2145 2417
2146 2418
2147 2419
2148 2420
2149 2421
2150 2422
2151 2423
2152 2424
2153 2425
2154 2426
2155 2427
2156 2428
2157 2429
2158 2430
2159 2431
2160 2432
2161 2433
2162 2434
2163 2435
2164 2436
2165 2437
2166 2438
2167 2439
2168 2440
2169 2441
2170 2442
2171 2443
2172 2444
2173 2445
2174 2446
2175 2447
2176 2448
2177 2450
2177 2415
2178 2416
2178 2451
2179 2417
2179 2452
2180 2418
2180 2453
2181 2419
2181 2454
2182 2420
2182 2455
2183 2456
2183 2421
2184 2457
2184 2422
2185 2458
2185 2423
2186 2424
2186 2459
2187 2425
2187 2460
2188 2426
2188 2461
2189 2427
2189 2462
2190 2428
2190 2463
2191 2464
2191 2429
2192 2465
2192 2430
2193 2466
2193 2431
2194 2432
2194 2467
2195 2433
2195 2468
2196 2434
2196 2469
2197 2435
2197 2470
2198 2436
2198 2471
2199 2472
2199 2437
2200 2473
2200 2438
2201 2474
2201 2439
2202 2440
2202 2475
2203 2441
2203 2476
2204 2442
2204 2477
2205 2443
2205 2478
2206 2444
2206 2479
2207 2480
2207 2445
2208 2481
2208 2446
2209 2482
2209 2447
2210 2448
2210 2449 b1
2211 2483
2211 2449
2212 2484
2212 2450
2213 2451
2213 2485
2214 2452
2214 2486
2215 2453
2215 2487
2216 2488
2216 2454
2217 2489
2217 2455
2218 2456
2218 2490
2219 2491
2219 2457
2220 2492
2220 2458
2221 2459
2221 2493
2222 2460
2222 2494
2223 2461
2223 2495
2224 2496
2224 2462
2225 2497
2225 2463
2226 2464
2226 2498
2227 2465
2227 2499
2228 2500
2228 2466
2229 2467
2229 2501
2230 2468
2230 2502
2231 2503
2231 2469
2232 2504
2232 2470
2233 2505
2233 2471
2234 2472
2234 2506
2235 2507
2235 2473
2236 2508
2236 2474
2237 2475
2237 2509
2238 2476
2238 2510
2239 2477
2239 2511
2240 2512
2240 2478
2241 2479
2241 2513
2242 2480
2242 2514
2243 2515
2243 2481
2244 2516
2244 2482
2245 2483
2245 2518
2246 2484
2246 2519
2247 2520
2247 2485
2248 2521
2248 2486
2249 2522
2249 2487
2250 2488
2250 2523
2251 2489
2251 2524
2252 2490
2252 2525
2253 2491
2253 2526
2254 2492
2254 2527
2255 2528
2255 2493
2256 2529
2256 2494
2257 2530
2257 2495
2258 2496
2258 2531
2259 2497
2259 2532
2260 2498
2260 2533
2261 2499
2261 2534
2262 2500
2262 2535
2263 2536
2263 2501
2264 2537
2264 2502
2265 2538
2265 2503
2266 2504
2266 2539
2267 2505
2267 2540
2268 2506
2268 2541
2269 2507
2269 2542
2270 2508
2270 2543
2271 2544
2271 2509
2272 2545
2272 2510
2273 2546
2273 2511
2274 2512
2274 2547
2275 2513
2275 2548
2276 2514
2276 2549
2277 2515
2277 2550
2278 2516
2278 2517 b1
2279 2517
2279 2551
2280 2552
2280 2518
2281 2553
2281 2519
2282 2520
2282 2554
2283 2521
2283 2555
2284 2556
2284 2522
2285 2557
2285 2523
2286 2524
2286 2558
2287 2525
2287 2559
2288 2560
2288 2526
2289 2561
2289 2527
2290 2528
2290 2562
2291 2529
2291 2563
2292 2530
2292 2564
2293 2565
2293 2531
2294 2532
2294 2566
2295 2533
2295 2567
2296 2568
2296 2534
2297 2569
2297 2535
2298 2536
2298 2570
2299 2537
2299 2571
2300 2572
2300 2538
2301 2539
2301 2573
2302 2540
2302 2574
2303 2575
2303 2541
2304 2576
2304 2542
2305 2577
2305 2543
2306 2544
2306 2578
2307 2579
2307 2545
2308 2546
2308 2580
2309 2547
2309 2581
2310 2548
2310 2582
2311 2549
2311 2583
2312 2584
2312 2550
2313 2586
2313 2551
2314 2552
2314 2587
2315 2553
2315 2588
2316 2554
2316 2589
2317 2555
2317 2590
2318 2556
2318 2591
2319 2592
2319 2557
2320 2593
2320 2558
2321 2594
2321 2559
2322 2560
2322 2595
2323 2561
2323 2596
2324 2562
2324 2597
2325 2563
2325 2598
2326 2564
2326 2599
2327 2600
2327 2565
2328 2601
2328 2566
2329 2602
2329 2567
2330 2568
2330 2603
2331 2569
2331 2604
2332 2570
2332 2605
2333 2571
2333 2606
2334 2572
2334 2607
2335 2608
2335 2573
2336 2609
2336 2574
2337 2610
2337 2575
2338 2576
2338 2611
2339 2577
2339 2612
2340 2578
2340 2613
2341 2579
2341 2614
2342 2580
2342 2615
2343 2616
2343 2581
2344 2617
2344 2582
2345 2618
2345 2583
2346 2584
2346 2585 b1
2347 2585
2347 2619
2348 2586
2348 2620
2349 2587
2349 2621
2350 2588
2350 2622
2351 2623
2351 2589
2352 2624
2352 2590
2353 2591
2353 2625
2354 2592
2354 2626
2355 2627
2355 2593
2356 2628
2356 2594
2357 2595
2357 2629
2358 2596
2358 2630
2359 2597
2359 2631
2360 2632
2360 2598
2361 2599
2361 2633
2362 2600
2362 2634
2363 2635
2363 2601
2364 2636
2364 2602
2365 2603
2365 2637
2366 2604
2366 2638
2367 2639
2367 2605
2368 2640
2368 2606
2369 2641
2369 2607
2370 2608
2370 2642
2371 2643
2371 2609
2372 2644
2372 2610
2373 2611
2373 2645
2374 2612
2374 2646
2375 2647
2375 2613
2376 2648
2376 2614
2377 2649
2377 2615
2378 2616
2378 2650
2379 2617
2379 2651
2380 2652
2380 2618
2381 2619
2381 2654
2382 2620
2382 2655
2383 2656
2383 2621
2384 2657
2384 2622
2385 2658
2385 2623
2386 2624
2386 2659
2387 2625
2387 2660
2388 2626
2388 2661
2389 2627
2389 2662
2390 2628
2390 2663
2391 2664
2391 2629
2392 2665
2392 2630
2393 2666
2393 2631
2394 2632
2394 2667
2395 2633
2395 2668
2396 2634
2396 2669
2397 2635
2397 2670
2398 2636
2398 2671
2399 2672
2399 2637
2400 2673
2400 2638
2401 2674
2401 2639
2402 2640
2402 2675
2403 2641
2403 2676
2404 2642
2404 2677
2405 2643
2405 2678
2406 2644
2406 2679
2407 2680
2407 2645
2408 2681
2408 2646
2409 2682
2409 2647
2410 2648
2410 2683
2411 2649
2411 2684
2412 2650
2412 2685
2413 2651
2413 2686
2414 2652
2414 2653 b1
2415 2721
2415 2687
2416 2688
2416 2722
2417 2723
2417 2689
2418 2724
2418 2690
2419 2691
2419 2725
2420 2692
2420 2726
2421 2727
2421 2693
2422 2728
2422 2694
2423 2729
2423 2695
2424 2696
2424 2730
2425 2697
2425 2731
2426 2732
2426 2698
2427 2699
2427 2733
2428 2700
2428 2734
2429 2701
2429 2735
2430 2736
2430 2702
2431 2737
2431 2703
2432 2704
2432 2738
2433 2739
2433 2705
2434 2740
2434 2706
2435 2707
2435 2741
2436 2708
2436 2742
2437 2743
2437 2709
2438 2744
2438 2710
2439 2745
2439 2711
2440 2712
2440 2746
2441 2713
2441 2747
2442 2748
2442 2714
2443 2715
2443 2749
2444 2716
2444 2750
2445 2717
2445 2751
2446 2752
2446 2718
2447 2753
2447 2719
2448 2720
2448 2754
2449 2721
2449 2788 b1
2450 2722
2450 2755
2451 2723
2451 2756
2452 2724
2452 2757
2453 2725
2453 2758
2454 2726
2454 2759
2455 2760
2455 2727
2456 2728
2456 2761
2457 2729
2457 2762
2458 2730
2458 2763
2459 2731
2459 2764
2460 2732
2460 2765
2461 2733
2461 2766
2462 2734
2462 2767
2463 2768
2463 2735
2464 2736
2464 2769
2465 2737
2465 2770
2466 2738
2466 2771
2467 2739
2467 2772
2468 2740
2468 2773
2469 2741
2469 2774
2470 2742
2470 2775
2471 2776
2471 2743
2472 2744
2472 2777
2473 2745
2473 2778
2474 2746
2474 2779
2475 2747
2475 2780
2476 2748
2476 2781
2477 2749
2477 2782
2478 2750
2478 2783
2479 2784
2479 2751
2480 2752
2480 2785
2481 2753
2481 2786
2482 2754
2482 2787
2483 2789
2483 2755
2484 2756
2484 2790
2485 2757
2485 2791
2486 2792
2486 2758
2487 2793
2487 2759
2488 2760
2488 2794
2489 2795
2489 2761
2490 2796
2490 2762
2491 2797
2491 2763
2492 2764
2492 2798
2493 2799
2493 2765
2494 2800
2494 2766
2495 2801
2495 2767
2496 2768
2496 2802
2497 2803
2497 2769
2498 2804
2498 2770
2499 2805
2499 2771
2500 2772
2500 2806
2501 2773
2501 2807
2502 2808
2502 2774
2503 2809
2503 2775
2504 2776
2504 2810
2505 2777
2505 2811
2506 2812
2506 2778
2507 2779
2507 2813
2508 2780
2508 2814
2509 2781
2509 2815
2510 2816
2510 2782
2511 2817
2511 2783
2512 2784
2512 2818
2513 2785
2513 2819
2514 2820
2514 2786
2515 2821
2515 2787
2516 2788
2516 2822
2517 2856 b1
2517 2789
2518 2790
2518 2823
2519 2824
2519 2791
2520 2792
2520 2825
2521 2793
2521 2826
2522 2794
2522 2827
2523 2795
2523 2828
2524 2796
2524 2829
2525 2797
2525 2830
2526 2798
2526 2831
2527 2832
2527 2799
2528 2800
2528 2833
2529 2801
2529 2834
2530 2802
2530 2835
2531 2803
2531 2836
2532 2804
2532 2837
2533 2805
2533 2838
2534 2806
2534 2839
2535 2840
2535 2807
2536 2808
2536 2841
2537 2809
2537 2842
2538 2810
2538 2843
2539 2811
2539 2844
2540 2812
2540 2845
2541 2813
2541 2846
2542 2814
2542 2847
2543 2848
2543 2815
2544 2816
2544 2849
2545 2817
2545 2850
2546 2818
2546 2851
2547 2819
2547 2852
2548 2820
2548 2853
2549 2821
2549 2854
2550 2822
2550 2855
2551 2823
2551 2857
2552 2824
2552 2858
2553 2825
2553 2859
2554 2860
2554 2826
2555 2827
2555 2861
2556 2828
2556 2862
2557 2829
2557 2863
2558 2864
2558 2830
2559 2865
2559 2831
2560 2832
2560 2866
2561 2867
2561 2833
2562 2868
2562 2834
2563 2835
2563 2869
2564 2836
2564 2870
2565 2837
2565 2871
2566 2872
2566 2838
2567 2873
2567 2839
2568 2840
2568 2874
2569 2875
2569 2841
2570 2876
2570 2842
2571 2843
2571 2877
2572 2844
2572 2878
2573 2879
2573 2845
2574 2880
2574 2846
2575 2881
2575 2847
2576 2848
2576 2882
2577 2883
2577 2849
2578 2850
2578 2884
2579 2851
2579 2885
2580 2852
2580 2886
2581 2887
2581 2853
2582 2888
2582 2854
2583 2889
2583 2855
2584 2856
2584 2890
2585 2857
2585 2924 b1
2586 2858
2586 2891
2587 2859
2587 2892
2588 2860
2588 2893
2589 2861
2589 2894
2590 2862
2590 2895
2591 2896
2591 2863
2592 2864
2592 2897
2593 2865
2593 2898
2594 2866
2594 2899
2595 2867
2595 2900
2596 2868
2596 2901
2597 2869
2597 2902
2598 2870
2598 2903
2599 2904
2599 2871
2600 2872
2600 2905
2601 2873
2601 2906
2602 2874
2602 2907
2603 2875
2603 2908
2604 2876
2604 2909
2605 2877
2605 2910
2606 2878
2606 2911
2607 2912
2607 2879
2608 2880
2608 2913
2609 2881
2609 2914
2610 2882
2610 2915
2611 2883
2611 2916
2612 2884
2612 2917
2613 2885
2613 2918
2614 2886
2614 2919
2615 2920
2615 2887
2616 2888
2616 2921
2617 2889
2617 2922
2618 2890
2618 2923
2619 2891
2619 2925
2620 2892
2620 2926
2621 2927
2621 2893
2622 2928
2622 2894
2623 2929
2623 2895
2624 2896
2624 2930
2625 2931
2625 2897
2626 2932
2626 2898
2627 2899
2627 2933
2628 2900
2628 2934
2629 2935
2629 2901
2630 2936
2630 2902
2631 2937
2631 2903
2632 2904
2632 2938
2633 2939
2633 2905
2634 2940
2634 2906
2635 2907
2635 2941
2636 2908
2636 2942
2637 2909
2637 2943
2638 2944
2638 2910
2639 2945
2639 2911
2640 2912
2640 2946
2641 2913
2641 2947
2642 2948
2642 2914
2643 2915
2643 2949
2644 2916
2644 2950
2645 2951
2645 2917
2646 2952
2646 2918
2647 2953
2647 2919
2648 2920
2648 2954
2649 2921
2649 2955
2650 2956
2650 2922
2651 2923
2651 2957
2652 2924
2652 2958
2653 2925
2654 2926
2655 2927
2656 2928
2657 2929
2658 2930
2659 2931
2660 2932
2661 2933
2662 2934
2663 2935
2664 2936
2665 2937
2666 2938
2667 2939
2668 2940
2669 2941
2670 2942
2671 2943
2672 2944
2673 2945
2674 2946
2675 2947
2676 2948
2677 2949
2678 2950
2679 2951
2680 2952
2681 2953
2682 2954
2683 2955
2684 2956
2685 2957
2686 2958
2687 2960
2688 2961
2689 2962
2690 2963
2691 2964
2692 2965
2693 2966
2694 2967
2695 2968
2696 2969
2697 2970
2698 2971
2699 2972
2700 2973
2701 2974
2702 2975
2703 2976
2704 2977
2705 2978
2706 2979
2707 2980
2708 2981
2709 2982
2710 2983
2711 2984
2712 2985
2713 2986
2714 2987
2715 2988
2716 2989
2717 2990
2718 2991
2719 2992
2720 2959 b1
2721 2993
2721 2959
2722 2960
2722 2994
2723 2961
2723 2995
2724 2996
2724 2962
2725 2963
2725 2997
2726 2964
2726 2998
2727 2965
2727 2999
2728 3000
2728 2966
2729 3001
2729 2967
2730 2968
2730 3002
2731 2969
2731 3003
2732 2970
2732 3004
2733 2971
2733 3005
2734 2972
2734 3006
2735 2973
2735 3007
2736 3008
2736 2974
2737 2975
2737 3009
2738 2976
2738 3010
2739 2977
2739 3011
2740 2978
2740 3012
2741 2979
2741 3013
2742 2980
2742 3014
2743 3015
2743 2981
2744 3016
2744 2982
2745 3017
2745 2983
2746 2984
2746 3018
2747 2985
2747 3019
2748 2986
2748 3020
2749 2987
2749 3021
2750 2988
2750 3022
2751 3023
2751 2989
2752 3024
2752 2990
2753 3025
2753 2991
2754 2992
2754 3026
2755 2993
2755 3028
2756 2994
2756 3029
2757 2995
2757 3030
2758 2996
2758 3031
2759 3032
2759 2997
2760 3033
2760 2998
2761 3034
2761 2999
2762 3000
2762 3035
2763 3001
2763 3036
2764 3002
2764 3037
2765 3003
2765 3038
2766 3004
2766 3039
2767 3040
2767 3005
2768 3041
2768 3006
2769 3042
2769 3007
2770 3008
2770 3043
2771 3009
2771 3044
2772 3010
2772 3045
2773 3011
2773 3046
2774 3012
2774 3047
2775 3048
2775 3013
2776 3049
2776 3014
2777 3050
2777 3015
2778 3016
2778 3051
2779 3017
2779 3052
2780 3018
2780 3053
2781 3019
2781 3054
2782 3020
2782 3055
2783 3056
2783 3021
2784 3057
2784 3022
2785 3058
2785 3023
2786 3024
2786 3059
2787 3025
2787 3060
2788 3026
2788 3027 b1
2789 3027
2789 3061
2790 3028
2790 3062
2791 3029
2791 3063
2792 3064
2792 3030
2793 3031
2793 3065
2794 3032
2794 3066
2795 3033
2795 3067
2796 3068
2796 3034
2797 3035
2797 3069
2798 3036
2798 3070
2799 3037
2799 3071
2800 3072
2800 3038
2801 3073
2801 3039
2802 3040
2802 3074
2803 3041
2803 3075
2804 3042
2804 3076
2805 3043
2805 3077
2806 3044
2806 3078
2807 3079
2807 3045
2808 3080
2808 3046
2809 3047
2809 3081
2810 3048
2810 3082
2811 3049
2811 3083
2812 3084
2812 3050
2813 3085
2813 3051
2814 3052
2814 3086
2815 3087
2815 3053
2816 3088
2816 3054
2817 3089
2817 3055
2818 3056
2818 3090
2819 3091
2819 3057
2820 3092
2820 3058
2821 3059
2821 3093
2822 3060
2822 3094
2823 3096
2823 3061
2824 3097
2824 3062
2825 3098
2825 3063
2826 3064
2826 3099
2827 3065
2827 3100
2828 3066
2828 3101
2829 3067
2829 3102
2830 3068
2830 3103
2831 3104
2831 3069
2832 3105
2832 3070
2833 3106
2833 3071
2834 3072
2834 3107
2835 3073
2835 3108
2836 3074
2836 3109
2837 3075
2837 3110
2838 3076
2838 3111
2839 3112
2839 3077
2840 3113
2840 3078
2841 3114
2841 3079
2842 3080
2842 3115
2843 3081
2843 3116
2844 3082
2844 3117
2845 3083
2845 3118
2846 3084
2846 3119
2847 3120
2847 3085
2848 3121
2848 3086
2849 3122
2849 3087
2850 3088
2850 3123
2851 3089
2851 3124
2852 3090
2852 3125
2853 3091
2853 3126
2854 3092
2854 3127
2855 3128
2855 3093
2856 3094
2856 3095 b1
2857 3095
2857 3129
2858 3096
2858 3130
2859 3097
2859 3131
2860 3132
2860 3098
2861 3099
2861 3133
2862 3100
2862 3134
2863 3135
2863 3101
2864 3136
2864 3102
2865 3137
2865 3103
2866 3104
2866 3138
2867 3105
2867 3139
2868 3140
2868 3106
2869 3107
2869 3141
2870 3108
2870 3142
2871 3109
2871 3143
2872 3144
2872 3110
2873 3145
2873 3111
2874 3112
2874 3146
2875 3113
2875 3147
2876 3148
2876 3114
2877 3115
2877 3149
2878 3116
2878 3150
2879 3151
2879 3117
2880 3152
2880 3118
2881 3153
2881 3119
2882 3120
2882 3154
2883 3155
2883 3121
2884 3122
2884 3156
2885 3123
2885 3157
2886 3124
2886 3158
2887 3159
2887 3125
2888 3160
2888 3126
2889 3127
2889 3161
2890 3128
2890 3162
2891 3129
2891 3164
2892 3130
2892 3165
2893 3131
2893 3166
2894 3132
2894 3167
2895 3168
2895 3133
2896 3169
2896 3134
2897 3170
2897 3135
2898 3136
2898 3171
2899 3137
2899 3172
2900 3138
2900 3173
2901 3139
2901 3174
2902 3140
2902 3175
2903 3176
2903 3141
2904 3177
2904 3142
2905 3178
2905 3143
2906 3144
2906 3179
2907 3145
2907 3180
2908 3146
2908 3181
2909 3147
2909 3182
2910 3148
2910 3183
2911 3184
2911 3149
2912 3185
2912 3150
2913 3186
2913 3151
2914 3152
2914 3187
2915 3153
2915 3188
2916 3154
2916 3189
2917 3155
2917 3190
2918 3156
2918 3191
2919 3192
2919 3157
2920 3193
2920 3158
2921 3194
2921 3159
2922 3160
2922 3195
2923 3161
2923 3196
2924 3162
2924 3163 b1
2925 3163
2925 3197
2926 3164
2926 3198
2927 3199
2927 3165
2928 3200
2928 3166
2929 3201
2929 3167
2930 3168
2930 3202
2931 3169
2931 3203
2932 3204
2932 3170
2933 3171
2933 3205
2934 3172
2934 3206
2935 3207
2935 3173
2936 3208
2936 3174
2937 3209
2937 3175
2938 3176
2938 3210
2939 3211
2939 3177
2940 3212
2940 3178
2941 3179
2941 3213
2942 3180
2942 3214
2943 3215
2943 3181
2944 3216
2944 3182
2945 3183
2945 3217
2946 3184
2946 3218
2947 3185
2947 3219
2948 3186
2948 3220
2949 3187
2949 3221
2950 3188
2950 3222
2951 3223
2951 3189
2952 3224
2952 3190
2953 3225
2953 3191
2954 3192
2954 3226
2955 3193
2955 3227
2956 3228
2956 3194
2957 3195
2957 3229
2958 3196
2958 3230
2959 3298 b1
2959 3231
2960 3232
2960 3265
2961 3233
2961 3266
2962 3234
2962 3267
2963 3235
2963 3268
2964 3236
2964 3269
2965 3237
2965 3270
2966 3238
2966 3271
2967 3272
2967 3239
2968 3240
2968 3273
2969 3241
2969 3274
2970 3242
2970 3275
2971 3243
2971 3276
2972 3244
2972 3277
2973 3245
2973 3278
2974 3246
2974 3279
2975 3280
2975 3247
2976 3248
2976 3281
2977 3249
2977 3282
2978 3250
2978 3283
2979 3251
2979 3284
2980 3252
2980 3285
2981 3253
2981 3286
2982 3254
2982 3287
2983 3288
2983 3255
2984 3256
2984 3289
2985 3257
2985 3290
2986 3258
2986 3291
2987 3259
2987 3292
2988 3260
2988 3293
2989 3261
2989 3294
2990 3262
2990 3295
2991 3296
2991 3263
2992 3264
2992 3297
2993 3299
2993 3265
2994 3300
2994 3266
2995 3267
2995 3301
2996 3268
2996 3302
2997 3269
2997 3303
2998 3304
2998 3270
2999 3305
2999 3271
3000 3272
3000 3306
3001 3307
3001 3273
3002 3308
3002 3274
3003 3275
3003 3309
3004 3276
3004 3310
3005 3277
3005 3311
3006 3312
3006 3278
3007 3313
3007 3279
3008 3280
3008 3314
3009 3281
3009 3315
3010 3316
3010 3282
3011 3283
3011 3317
3012 3284
3012 3318
3013 3285
3013 3319
3014 3320
3014 3286
3015 3321
3015 3287
3016 3288
3016 3322
3017 3323
3017 3289
3018 3324
3018 3290
3019 3325
3019 3291
3020 3292
3020 3326
3021 3327
3021 3293
3022 3328
3022 3294
3023 3329
3023 3295
3024 3296
3024 3330
3025 3331
3025 3297
3026 3332
3026 3298
3027 3299
3027 3366 b1
3028 3300
3028 3333
3029 3301
3029 3334
3030 3302
3030 3335
3031 3336
3031 3303
3032 3304
3032 3337
3033 3305
3033 3338
3034 3306
3034 3339
3035 3307
3035 3340
3036 3308
3036 3341
3037 3309
3037 3342
3038 3310
3038 3343
3039 3344
3039 3311
3040 3312
3040 3345
3041 3313
3041 3346
3042 3314
3042 3347
3043 3315
3043 3348
3044 3316
3044 3349
3045 3317
3045 3350
3046 3318
3046 3351
3047 3352
3047 3319
3048 3320
3048 3353
3049 3321
3049 3354
3050 3322
3050 3355
3051 3323
3051 3356
3052 3324
3052 3357
3053 3325
3053 3358
3054 3326
3054 3359
3055 3360
3055 3327
3056 3328
3056 3361
3057 3329
3057 3362
3058 3330
3058 3363
3059 3331
3059 3364
3060 3332
3060 3365
3061 3333
3061 3367
3062 3368
3062 3334
3063 3335
3063 3369
3064 3336
3064 3370
3065 3371
3065 3337
3066 3372
3066 3338
3067 3339
3067 3373
3068 3340
3068 3374
3069 3341
3069 3375
3070 3376
3070 3342
3071 3377
3071 3343
3072 3344
3072 3378
3073 3379
3073 3345
3074 3380
3074 3346
3075 3347
3075 3381
3076 3348
3076 3382
3077 3383
3077 3349
3078 3384
3078 3350
3079 3385
3079 3351
3080 3352
3080 3386
3081 3387
3081 3353
3082 3388
3082 3354
3083 3355
3083 3389
3084 3356
3084 3390
3085 3357
3085 3391
3086 3392
3086 3358
3087 3393
3087 3359
3088 3360
3088 3394
3089 3361
3089 3395
3090 3396
3090 3362
3091 3363
3091 3397
3092 3364
3092 3398
3093 3365
3093 3399
3094 3400
3094 3366
3095 3434 b1
3095 3367
3096 3368
3096 3401
3097 3369
3097 3402
3098 3370
3098 3403
3099 3371
3099 3404
3100 3372
3100 3405
3101 3373
3101 3406
3102 3374
3102 3407
3103 3408
3103 3375
3104 3376
3104 3409
3105 3377
3105 3410
3106 3378
3106 3411
3107 3379
3107 3412
3108 3380
3108 3413
3109 3381
3109 3414
3110 3382
3110 3415
3111 3416
3111 3383
3112 3384
3112 3417
3113 3385
3113 3418
3114 3386
3114 3419
3115 3387
3115 3420
3116 3388
3116 3421
3117 3389
3117 3422
3118 3390
3118 3423
3119 3424
3119 3391
3120 3392
3120 3425
3121 3393
3121 3426
3122 3394
3122 3427
3123 3395
3123 3428
3124 3396
3124 3429
3125 3397
3125 3430
3126 3398
3126 3431
3127 3432
3127 3399
3128 3400
3128 3433
3129 3435
3129 3401
3130 3402
3130 3436
3131 3403
3131 3437
3132 3404
3132 3438
3133 3439
3133 3405
3134 3440
3134 3406
3135 3407
3135 3441
3136 3408
3136 3442
3137 3443
3137 3409
3138 3444
3138 3410
3139 3411
3139 3445
3140 3412
3140 3446
3141 3447
3141 3413
3142 3448
3142 3414
3143 3449
3143 3415
3144 3416
3144 3450
3145 3451
3145 3417
3146 3452
3146 3418
3147 3419
3147 3453
3148 3420
3148 3454
3149 3455
3149 3421
3150 3456
3150 3422
3151 3457
3151 3423
3152 3424
3152 3458
3153 3459
3153 3425
3154 3460
3154 3426
3155 3427
3155 3461
3156 3428
3156 3462
3157 3429
3157 3463
3158 3464
3158 3430
3159 3465
3159 3431
3160 3432
3160 3466
3161 3467
3161 3433
3162 3468
3162 3434
3163 3435
3163 3502 b1
3164 3436
3164 3469
3165 3437
3165 3470
3166 3438
3166 3471
3167 3472
3167 3439
3168 3440
3168 3473
3169 3441
3169 3474
3170 3442
3170 3475
3171 3443
3171 3476
3172 3444
3172 3477
3173 3445
3173 3478
3174 3446
3174 3479
3175 3480
3175 3447
3176 3448
3176 3481
3177 3449
3177 3482
3178 3450
3178 3483
3179 3451
3179 3484
3180 3452
3180 3485
3181 3453
3181 3486
3182 3454
3182 3487
3183 3488
3183 3455
3184 3456
3184 3489
3185 3457
3185 3490
3186 3458
3186 3491
3187 3459
3187 3492
3188 3460
3188 3493
3189 3461
3189 3494
3190 3462
3190 3495
3191 3496
3191 3463
3192 3464
3192 3497
3193 3465
3193 3498
3194 3466
3194 3499
3195 3467
3195 3500
3196 3468
3196 3501
3197 3469
3198 3470
3199 3471
3200 3472
3201 3473
3202 3474
3203 3475
3204 3476
3205 3477
3206 3478
3207 3479
3208 3480
3209 3481
3210 3482
3211 3483
3212 3484
3213 3485
3214 3486
3215 3487
3216 3488
3217 3489
3218 3490
3219 3491
3220 3492
3221 3493
3222 3494
3223 3495
3224 3496
3225 3497
3226 3498
3227 3499
3228 3500
3229 3501
3230 3502
3231 3503
3232 3504
3233 3505
3234 3506
3235 3507
3236 3508
3237 3509
3238 3510
3239 3511
3240 3512
3241 3513
3242 3514
3243 3515
3244 3516
3245 3517
3246 3518
3247 3519
3248 3520
3249 3521
3250 3522
3251 3523
3252 3524
3253 3525
3254 3526
3255 3527
3256 3528
3257 3529
3258 3530
3259 3531
3260 3532
3261 3533
3262 3534
3263 3535
3264 3536
3265 3538
3265 3503
3266 3504
3266 3539
3267 3505
3267 3540
3268 3506
3268 3541
3269 3507
3269 3542
3270 3508
3270 3543
3271 3544
3271 3509
3272 3545
3272 3510
3273 3546
3273 3511
3274 3512
3274 3547
3275 3513
3275 3548
3276 3514
3276 3549
3277 3515
3277 3550
3278 3516
3278 3551
3279 3552
3279 3517
3280 3553
3280 3518
3281 3554
3281 3519
3282 3520
3282 3555
3283 3521
3283 3556
3284 3522
3284 3557
3285 3523
3285 3558
3286 3524
3286 3559
3287 3560
3287 3525
3288 3561
3288 3526
3289 3562
3289 3527
3290 3528
3290 3563
3291 3529
3291 3564
3292 3530
3292 3565
3293 3531
3293 3566
3294 3532
3294 3567
3295 3568
3295 3533
3296 3569
3296 3534
3297 3570
3297 3535
3298 3536
3298 3537 b1
3299 3537
3299 3571
3300 3572
3300 3538
3301 3573
3301 3539
3302 3540
3302 3574
3303 3541
3303 3575
3304 3576
3304 3542
3305 3577
3305 3543
3306 3544
3306 3578
3307 3545
3307 3579
3308 3580
3308 3546
3309 3581
3309 3547
3310 3548
3310 3582
3311 3549
3311 3583
3312 3584
3312 3550
3313 3585
3313 3551
3314 3552
3314 3586
3315 3553
3315 3587
3316 3588
3316 3554
3317 3555
3317 3589
3318 3556
3318 3590
3319 3557
3319 3591
3320 3592
3320 3558
3321 3559
3321 3593
3322 3560
3322 3594
3323 3595
3323 3561
3324 3596
3324 3562
3325 3597
3325 3563
3326 3564
3326 3598
3327 3565
3327 3599
3328 3600
3328 3566
3329 3601
3329 3567
3330 3568
3330 3602
3331 3569
3331 3603
3332 3570
3332 3604
3333 3571
3333 3606
3334 3572
3334 3607
3335 3608
3335 3573
3336 3609
3336 3574
3337 3610
3337 3575
3338 3576
3338 3611
3339 3577
3339 3612
3340 3578
3340 3613
3341 3579
3341 3614
3342 3580
3342 3615
3343 3616
3343 3581
3344 3617
3344 3582
3345 3618
3345 3583
3346 3584
3346 3619
3347 3585
3347 3620
3348 3586
3348 3621
3349 3587
3349 3622
3350 3588
3350 3623
3351 3624
3351 3589
3352 3625
3352 3590
3353 3626
3353 3591
3354 3592
3354 3627
3355 3593
3355 3628
3356 3594
3356 3629
3357 3595
3357 3630
3358 3596
3358 3631
3359 3632
3359 3597
3360 3633
3360 3598
3361 3634
3361 3599
3362 3600
3362 3635
3363 3601
3363 3636
3364 3602
3364 3637
3365 3603
3365 3638
3366 3604
3366 3605 b1
3367 3639
3367 3605
3368 3640
3368 3606
3369 3641
3369 3607
3370 3608
3370 3642
3371 3643
3371 3609
3372 3644
3372 3610
3373 3611
3373 3645
3374 3612
3374 3646
3375 3613
3375 3647
3376 3648
3376 3614
3377 3615
3377 3649
3378 3616
3378 3650
3379 3651
3379 3617
3380 3618
3380 3652
3381 3619
3381 3653
3382 3620
3382 3654
3383 3621
3383 3655
3384 3656
3384 3622
3385 3657
3385 3623
3386 3624
3386 3658
3387 3625
3387 3659
3388 3660
3388 3626
3389 3627
3389 3661
3390 3628
3390 3662
3391 3629
3391 3663
3392 3664
3392 3630
3393 3665
3393 3631
3394 3632
3394 3666
3395 3667
3395 3633
3396 3668
3396 3634
3397 3635
3397 3669
3398 3636
3398 3670
3399 3637
3399 3671
3400 3672
3400 3638
3401 3674
3401 3639
3402 3640
3402 3675
3403 3641
3403 3676
3404 3642
3404 3677
3405 3643
3405 3678
3406 3644
3406 3679
3407 3680
3407 3645
3408 3681
3408 3646
3409 3682
3409 3647
3410 3648
3410 3683
3411 3649
3411 3684
3412 3650
3412 3685
3413 3651
3413 3686
3414 3652
3414 3687
3415 3688
3415 3653
3416 3689
3416 3654
3417 3690
3417 3655
3418 3656
3418 3691
3419 3657
3419 3692
3420 3658
3420 3693
3421 3659
3421 3694
3422 3660
3422 3695
3423 3696
3423 3661
3424 3697
3424 3662
3425 3698
3425 3663
3426 3664
3426 3699
3427 3665
3427 3700
3428 3666
3428 3701
3429 3667
3429 3702
3430 3668
3430 3703
3431 3704
3431 3669
3432 3705
3432 3670
3433 3706
3433 3671
3434 3672
3434 3673 b1
3435 3707
3435 3673
3436 3674
3436 3708
3437 3675
3437 3709
3438 3676
3438 3710
3439 3711
3439 3677
3440 3712
3440 3678
3441 3713
3441 3679
3442 3680
3442 3714
3443 3715
3443 3681
3444 3716
3444 3682
3445 3683
3445 3717
3446 3684
3446 3718
3447 3685
3447 3719
3448 3720
3448 3686
3449 3721
3449 3687
3450 3688
3450 3722
3451 3689
3451 3723
3452 3724
3452 3690
3453 3691
3453 3725
3454 3692
3454 3726
3455 3693
3455 3727
3456 3728
3456 3694
3457 3729
3457 3695
3458 3696
3458 3730
3459 3731
3459 3697
3460 3732
3460 3698
3461 3699
3461 3733
3462 3700
3462 3734
3463 3735
3463 3701
3464 3736
3464 3702
3465 3737
3465 3703
3466 3704
3466 3738
3467 3705
3467 3739
3468 3706
3468 3740
3469 3707
3469 3742
3470 3708
3470 3743
3471 3744
3471 3709
3472 3745
3472 3710
3473 3746
3473 3711
3474 3712
3474 3747
3475 3713
3475 3748
3476 3714
3476 3749
3477 3715
3477 3750
3478 3716
3478 3751
3479 3752
3479 3717
3480 3753
3480 3718
3481 3754
3481 3719
3482 3720
3482 3755
3483 3721
3483 3756
3484 3722
3484 3757
3485 3723
3485 3758
3486 3724
3486 3759
3487 3760
3487 3725
3488 3761
3488 3726
3489 3762
3489 3727
3490 3728
3490 3763
3491 3729
3491 3764
3492 3730
3492 3765
3493 3731
3493 3766
3494 3732
3494 3767
3495 3768
3495 3733
3496 3769
3496 3734
3497 3770
3497 3735
3498 3736
3498 3771
3499 3737
3499 3772
3500 3738
3500 3773
3501 3739
3501 3774
3502 3740
3502 3741 b1
3503 3809
3503 3775
3504 3776
3504 3810
3505 3811
3505 3777
3506 3812
3506 3778
3507 3813
3507 3779
3508 3780
3508 3814
3509 3781
3509 3815
3510 3816
3510 3782
3511 3817
3511 3783
3512 3784
3512 3818
3513 3819
3513 3785
3514 3820
3514 3786
3515 3821
3515 3787
3516 3788
3516 3822
3517 3789
3517 3823
3518 3824
3518 3790
3519 3825
3519 3791
3520 3792
3520 3826
3521 3793
3521 3827
3522 3828
3522 3794
3523 3829
3523 3795
3524 3796
3524 3830
3525 3797
3525 3831
3526 3832
3526 3798
3527 3833
3527 3799
3528 3800
3528 3834
3529 3835
3529 3801
3530 3836
3530 3802
3531 3803
3531 3837
3532 3804
3532 3838
3533 3805
3533 3839
3534 3840
3534 3806
3535 3841
3535 3807
3536 3808
3536 3842
3537 3809
3537 3876 b1
3538 3810
3538 3843
3539 3811
3539 3844
3540 3812
3540 3845
3541 3813
3541 3846
3542 3814
3542 3847
3543 3848
3543 3815
3544 3816
3544 3849
3545 3817
3545 3850
3546 3818
3546 3851
3547 3819
3547 3852
3548 3820
3548 3853
3549 3821
3549 3854
3550 3822
3550 3855
3551 3856
3551 3823
3552 3824
3552 3857
3553 3825
3553 3858
3554 3826
3554 3859
3555 3827
3555 3860
3556 3828
3556 3861
3557 3829
3557 3862
3558 3830
3558 3863
3559 3864
3559 3831
3560 3832
3560 3865
3561 3833
3561 3866
3562 3834
3562 3867
3563 3835
3563 3868
3564 3836
3564 3869
3565 3837
3565 3870
3566 3838
3566 3871
3567 3872
3567 3839
3568 3840
3568 3873
3569 3841
3569 3874
3570 3842
3570 3875
3571 3843
3571 3877
3572 3844
3572 3878
3573 3879
3573 3845
3574 3880
3574 3846
3575 3847
3575 3881
3576 3848
3576 3882
3577 3883
3577 3849
3578 3884
3578 3850
3579 3851
3579 3885
3580 3852
3580 3886
3581 3887
3581 3853
3582 3888
3582 3854
3583 3855
3583 3889
3584 3856
3584 3890
3585 3891
3585 3857
3586 3892
3586 3858
3587 3859
3587 3893
3588 3860
3588 3894
3589 3895
3589 3861
3590 3896
3590 3862
3591 3863
3591 3897
3592 3864
3592 3898
3593 3865
3593 3899
3594 3900
3594 3866
3595 3867
3595 3901
3596 3868
3596 3902
3597 3903
3597 3869
3598 3904
3598 3870
3599 3871
3599 3905
3600 3872
3600 3906
3601 3907
3601 3873
3602 3874
3602 3908
3603 3875
3603 3909
3604 3876
3604 3910
3605 3944 b1
3605 3877
3606 3878
3606 3911
3607 3912
3607 3879
3608 3880
3608 3913
3609 3881
3609 3914
3610 3882
3610 3915
3611 3883
3611 3916
3612 3884
3612 3917
3613 3885
3613 3918
3614 3886
3614 3919
3615 3920
3615 3887
3616 3888
3616 3921
3617 3889
3617 3922
3618 3890
3618 3923
3619 3891
3619 3924
3620 3892
3620 3925
3621 3893
3621 3926
3622 3894
3622 3927
3623 3928
3623 3895
3624 3896
3624 3929
3625 3897
3625 3930
3626 3898
3626 3931
3627 3899
3627 3932
3628 3900
3628 3933
3629 3901
3629 3934
3630 3902
3630 3935
3631 3936
3631 3903
3632 3904
3632 3937
3633 3905
3633 3938
3634 3906
3634 3939
3635 3907
3635 3940
3636 3908
3636 3941
3637 3909
3637 3942
3638 3910
3638 3943
3639 3945
3639 3911
3640 3912
3640 3946
3641 3913
3641 3947
3642 3948
3642 3914
3643 3915
3643 3949
3644 3916
3644 3950
3645 3917
3645 3951
3646 3952
3646 3918
3647 3953
3647 3919
3648 3920
3648 3954
3649 3955
3649 3921
3650 3922
3650 3956
3651 3923
3651 3957
3652 3924
3652 3958
3653 3925
3653 3959
3654 3960
3654 3926
3655 3961
3655 3927
3656 3928
3656 3962
3657 3963
3657 3929
3658 3964
3658 3930
3659 3931
3659 3965
3660 3932
3660 3966
3661 3967
3661 3933
3662 3968
3662 3934
3663 3969
3663 3935
3664 3936
3664 3970
3665 3971
3665 3937
3666 3938
3666 3972
3667 3939
3667 3973
3668 3940
3668 3974
3669 3975
3669 3941
3670 3976
3670 3942
3671 3977
3671 3943
3672 3944
3672 3978
3673 3945
3673 4012 b1
3674 3946
3674 3979
3675 3947
3675 3980
3676 3948
3676 3981
3677 3949
3677 3982
3678 3950
3678 3983
3679 3984
3679 3951
3680 3952
3680 3985
3681 3953
3681 3986
3682 3954
3682 3987
3683 3955
3683 3988
3684 3956
3684 3989
3685 3957
3685 3990
3686 3958
3686 3991
3687 3992
3687 3959
3688 3960
3688 3993
3689 3961
3689 3994
3690 3962
3690 3995
3691 3963
3691 3996
3692 3964
3692 3997
3693 3965
3693 3998
3694 3966
3694 3999
3695 4000
3695 3967
3696 3968
3696 4001
3697 3969
3697 4002
3698 3970
3698 4003
3699 3971
3699 4004
3700 3972
3700 4005
3701 3973
3701 4006
3702 3974
3702 4007
3703 4008
3703 3975
3704 3976
3704 4009
3705 3977
3705 4010
3706 3978
3706 4011
3707 3979
3707 4013
3708 3980
3708 4014
3709 3981
3709 4015
3710 4016
3710 3982
3711 3983
3711 4017
3712 3984
3712 4018
3713 4019
3713 3985
3714 4020
3714 3986
3715 3987
3715 4021
3716 3988
3716 4022
3717 4023
3717 3989
3718 4024
3718 3990
3719 3991
3719 4025
3720 3992
3720 4026
3721 4027
3721 3993
3722 4028
3722 3994
3723 3995
3723 4029
3724 3996
3724 4030
3725 4031
3725 3997
3726 4032
3726 3998
3727 4033
3727 3999
3728 4000
3728 4034
3729 4035
3729 4001
3730 4036
3730 4002
3731 4037
3731 4003
3732 4004
3732 4038
3733 4005
3733 4039
3734 4040
3734 4006
3735 4041
3735 4007
3736 4008
3736 4042
3737 4009
3737 4043
3738 4044
3738 4010
3739 4011
3739 4045
3740 4012
3740 4046
3741 4013
3742 4014
3743 4015
3744 4016
3745 4017
3746 4018
3747 4019
3748 4020
3749 4021
3750 4022
3751 4023
3752 4024
3753 4025
3754 4026
3755 4027
3756 4028
3757 4029
3758 4030
3759 4031
3760 4032
3761 4033
3762 4034
3763 4035
3764 4036
3765 4037
3766 4038
3767 4039
3768 4040
3769 4041
3770 4042
3771 4043
3772 4044
3773 4045
3774 4046
3775 4048
3776 4049
3777 4050
3778 4051
3779 4052
3780 4053
3781 4054
3782 4055
3783 4056
3784 4057
3785 4058
3786 4059
3787 4060
3788 4061
3789 4062
3790 4063
3791 4064
3792 4065
3793 4066
3794 4067
3795 4068
3796 4069
3797 4070
3798 4071
3799 4072
3800 4073
3801 4074
3802 4075
3803 4076
3804 4077
3805 4078
3806 4079
3807 4080
3808 4047 b1
3809 4081
3809 4047
3810 4048
3810 4082
3811 4049
3811 4083
3812 4050
3812 4084
3813 4051
3813 4085
3814 4052
3814 4086
3815 4053
3815 4087
3816 4088
3816 4054
3817 4089
3817 4055
3818 4056
3818 4090
3819 4057
3819 4091
3820 4092
3820 4058
3821 4059
3821 4093
3822 4060
3822 4094
3823 4095
3823 4061
3824 4096
3824 4062
3825 4097
3825 4063
3826 4064
3826 4098
3827 4099
3827 4065
3828 4066
3828 4100
3829 4067
3829 4101
3830 4068
3830 4102
3831 4069
3831 4103
3832 4104
3832 4070
3833 4105
3833 4071
3834 4072
3834 4106
3835 4107
3835 4073
3836 4074
3836 4108
3837 4075
3837 4109
3838 4076
3838 4110
3839 4111
3839 4077
3840 4112
3840 4078
3841 4113
3841 4079
3842 4080
3842 4114
3843 4081
3843 4116
3844 4082
3844 4117
3845 4083
3845 4118
3846 4084
3846 4119
3847 4120
3847 4085
3848 4121
3848 4086
3849 4122
3849 4087
3850 4088
3850 4123
3851 4089
3851 4124
3852 4090
3852 4125
3853 4091
3853 4126
3854 4092
3854 4127
3855 4128
3855 4093
3856 4129
3856 4094
3857 4130
3857 4095
3858 4096
3858 4131
3859 4097
3859 4132
3860 4098
3860 4133
3861 4099
3861 4134
3862 4100
3862 4135
3863 4136
3863 4101
3864 4137
3864 4102
3865 4138
3865 4103
3866 4104
3866 4139
3867 4105
3867 4140
3868 4106
3868 4141
3869 4107
3869 4142
3870 4108
3870 4143
3871 4144
3871 4109
3872 4145
3872 4110
3873 4146
3873 4111
3874 4112
3874 4147
3875 4113
3875 4148
3876 4114
3876 4115 b1
3877 4115
3877 4149
3878 4116
3878 4150
3879 4151
3879 4117
3880 4152
3880 4118
3881 4153
3881 4119
3882 4120
3882 4154
3883 4121
3883 4155
3884 4156
3884 4122
3885 4123
3885 4157
3886 4124
3886 4158
3887 4125
3887 4159
3888 4160
3888 4126
3889 4161
3889 4127
3890 4128
3890 4162
3891 4163
3891 4129
3892 4130
3892 4164
3893 4131
3893 4165
3894 4132
3894 4166
3895 4133
3895 4167
3896 4168
3896 4134
3897 4169
3897 4135
3898 4136
3898 4170
3899 4137
3899 4171
3900 4172
3900 4138
3901 4139
3901 4173
3902 4140
3902 4174
3903 4141
3903 4175
3904 4176
3904 4142
3905 4177
3905 4143
3906 4144
3906 4178
3907 4179
3907 4145
3908 4180
3908 4146
3909 4147
3909 4181
3910 4148
3910 4182
3911 4184
3911 4149
3912 4185
3912 4150
3913 4186
3913 4151
3914 4152
3914 4187
3915 4153
3915 4188
3916 4154
3916 4189
3917 4155
3917 4190
3918 4156
3918 4191
3919 4192
3919 4157
3920 4193
3920 4158
3921 4194
3921 4159
3922 4160
3922 4195
3923 4161
3923 4196
3924 4162
3924 4197
3925 4163
3925 4198
3926 4164
3926 4199
3927 4200
3927 4165
3928 4201
3928 4166
3929 4202
3929 4167
3930 4168
3930 4203
3931 4169
3931 4204
3932 4170
3932 4205
3933 4171
3933 4206
3934 4172
3934 4207
3935 4208
3935 4173
3936 4209
3936 4174
3937 4210
3937 4175
3938 4176
3938 4211
3939 4177
3939 4212
3940 4178
3940 4213
3941 4179
3941 4214
3942 4180
3942 4215
3943 4216
3943 4181
3944 4182
3944 4183 b1
3945 4217
3945 4183
3946 4184
3946 4218
3947 4219
3947 4185
3948 4220
3948 4186
3949 4187
3949 4221
3950 4188
3950 4222
3951 4223
3951 4189
3952 4224
3952 4190
3953 4225
3953 4191
3954 4192
3954 4226
3955 4227
3955 4193
3956 4228
3956 4194
3957 4195
3957 4229
3958 4196
3958 4230
3959 4231
3959 4197
3960 4232
3960 4198
3961 4233
3961 4199
3962 4200
3962 4234
3963 4201
3963 4235
3964 4236
3964 4202
3965 4203
3965 4237
3966 4204
3966 4238
3967 4205
3967 4239
3968 4240
3968 4206
3969 4241
3969 4207
3970 4208
3970 4242
3971 4243
3971 4209
3972 4244
3972 4210
3973 4211
3973 4245
3974 4212
3974 4246
3975 4213
3975 4247
3976 4248
3976 4214
3977 4249
3977 4215
3978 4216
3978 4250
3979 4217
3979 4252
3980 4218
3980 4253
3981 4219
3981 4254
3982 4220
3982 4255
3983 4256
3983 4221
3984 4257
3984 4222
3985 4258
3985 4223
3986 4224
3986 4259
3987 4225
3987 4260
3988 4226
3988 4261
3989 4227
3989 4262
3990 4228
3990 4263
3991 4264
3991 4229
3992 4265
3992 4230
3993 4266
3993 4231
3994 4232
3994 4267
3995 4233
3995 4268
3996 4234
3996 4269
3997 4235
3997 4270
3998 4236
3998 4271
3999 4272
3999 4237
4000 4273
4000 4238
4001 4274
4001 4239
4002 4240
4002 4275
4003 4241
4003 4276
4004 4242
4004 4277
4005 4243
4005 4278
4006 4244
4006 4279
4007 4280
4007 4245
4008 4281
4008 4246
4009 4282
4009 4247
4010 4248
4010 4283
4011 4249
4011 4284
4012 4250
4012 4251 b1
4013 4251
4014 4252
4015 4253
4016 4254
4017 4255
4018 4256
4019 4257
4020 4258
4021 4259
4022 4260
4023 4261
4024 4262
4025 4263
4026 4264
4027 4265
4028 4266
4029 4267
4030 4268
4031 4269
4032 4270
4033 4271
4034 4272
4035 4273
4036 4274
4037 4275
4038 4276
4039 4277
4040 4278
4041 4279
4042 4280
4043 4281
4044 4282
4045 4283
4046 4284
