# qcoord = 4
# qdih = 3

0 0 -1
0 1 -1
0 2 -1
0 3 -1
0 4 -1
0 5 -1
0 6 -1
0 7 -1
0 8 -1
0 9 -1
0 10 -1
0 11 -1
0 12 -1
0 13 -1
0 14 -1
0 15 -1
0 16 -1
0 17 -1
0 18 -1
0 19 -1
0 20 -1
0 21 -1
0 22 -1
0 23 -1
0 24 -1
0 25 -1
0 26 -1
0 27 -1
0 28 -1
0 29 -1
0 30 -1
0 31 -1
0 32 -1
0 33 -1
0 34 -1
0 35 -1
0 36 -1
0 37 -1
0 38 -1
0 39 -1
0 40 -1
0 41 -1
0 42 -1
0 43 -1
0 44 -1
0 45 -1
0 46 -1
0 47 -1
0 48 -1
0 49 -1
0 50 -1

1 0 -0
1 1 -1
1 2 -1
1 3 -1
1 4 -1
1 5 -1
1 6 -1
1 7 -1
1 8 -1
1 9 -1
1 10 -1
1 11 -1
1 12 -1
1 13 -1
1 14 -1
1 15 -1
1 16 -1
1 17 -1
1 18 -1
1 19 -1
1 20 -1
1 21 -1
1 22 -1
1 23 -1
1 24 -1
1 25 -1
1 26 -1
1 27 -1
1 28 -1
1 29 -1
1 30 -1
1 31 -1
1 32 -1
1 33 -1
1 34 -1
1 35 -1
1 36 -1
1 37 -1
1 38 -1
1 39 -1
1 40 -1
1 41 -1
1 42 -1
1 43 -1
1 44 -1
1 45 -1
1 46 -1
1 47 -1
1 48 -1
1 49 -1
1 50 -1

2 0 -0
2 1 -1
2 2 -1
2 3 -1
2 4 -1
2 5 -1
2 6 -1
2 7 -1
2 8 -1
2 9 -1
2 10 -1
2 11 -1
2 12 -1
2 13 -1
2 14 -1
2 15 -1
2 16 -1
2 17 -1
2 18 -1
2 19 -1
2 20 -1
2 21 -1
2 22 -1
2 23 -1
2 24 -1
2 25 -1
2 26 -1
2 27 -1
2 28 -1
2 29 -1
2 30 -1
2 31 -1
2 32 -1
2 33 -1
2 34 -1
2 35 -1
2 36 -1
2 37 -1
2 38 -1
2 39 -1
2 40 -1
2 41 -1
2 42 -1
2 43 -1
2 44 -1
2 45 -1
2 46 -1
2 47 -1
2 48 -1
2 49 -1
2 50 -1

3 0 -0
3 1 -1
3 2 -1
3 3 -1
3 4 -1
3 5 -1
3 6 -1
3 7 -1
3 8 -1
3 9 -1
3 10 -1
3 11 -1
3 12 -1
3 13 -1
3 14 -1
3 15 -1
3 16 -1
3 17 -1
3 18 -1
3 19 -1
3 20 -1
3 21 -1
3 22 -1
3 23 -1
3 24 -1
3 25 -1
3 26 -1
3 27 -1
3 28 -1
3 29 -1
3 30 -1
3 31 -1
3 32 -1
3 33 -1
3 34 -1
3 35 -1
3 36 -1
3 37 -1
3 38 -1
3 39 -1
3 40 -1
3 41 -1
3 42 -1
3 43 -1
3 44 -1
3 45 -1
3 46 -1
3 47 -1
3 48 -1
3 49 -1
3 50 -1

4 0 -0
4 1 3.29584
4 2 -1
4 3 -1
4 4 -1
4 5 -1
4 6 -1
4 7 -1
4 8 -1
4 9 -1
4 10 -1
4 11 -1
4 12 -1
4 13 -1
4 14 -1
4 15 -1
4 16 -1
4 17 -1
4 18 -1
4 19 -1
4 20 -1
4 21 -1
4 22 -1
4 23 -1
4 24 -1
4 25 -1
4 26 -1
4 27 -1
4 28 -1
4 29 -1
4 30 -1
4 31 -1
4 32 -1
4 33 -1
4 34 -1
4 35 -1
4 36 -1
4 37 -1
4 38 -1
4 39 -1
4 40 -1
4 41 -1
4 42 -1
4 43 -1
4 44 -1
4 45 -1
4 46 -1
4 47 -1
4 48 -1
4 49 -1
4 50 -1

5 0 -0
5 1 3.29584
5 2 -1
5 3 -1
5 4 -1
5 5 -1
5 6 -1
5 7 -1
5 8 -1
5 9 -1
5 10 -1
5 11 -1
5 12 -1
5 13 -1
5 14 -1
5 15 -1
5 16 -1
5 17 -1
5 18 -1
5 19 -1
5 20 -1
5 21 -1
5 22 -1
5 23 -1
5 24 -1
5 25 -1
5 26 -1
5 27 -1
5 28 -1
5 29 -1
5 30 -1
5 31 -1
5 32 -1
5 33 -1
5 34 -1
5 35 -1
5 36 -1
5 37 -1
5 38 -1
5 39 -1
5 40 -1
5 41 -1
5 42 -1
5 43 -1
5 44 -1
5 45 -1
5 46 -1
5 47 -1
5 48 -1
5 49 -1
5 50 -1

6 0 -0
6 1 3.33472
6 2 -1
6 3 -1
6 4 -1
6 5 -1
6 6 -1
6 7 -1
6 8 -1
6 9 -1
6 10 -1
6 11 -1
6 12 -1
6 13 -1
6 14 -1
6 15 -1
6 16 -1
6 17 -1
6 18 -1
6 19 -1
6 20 -1
6 21 -1
6 22 -1
6 23 -1
6 24 -1
6 25 -1
6 26 -1
6 27 -1
6 28 -1
6 29 -1
6 30 -1
6 31 -1
6 32 -1
6 33 -1
6 34 -1
6 35 -1
6 36 -1
6 37 -1
6 38 -1
6 39 -1
6 40 -1
6 41 -1
6 42 -1
6 43 -1
6 44 -1
6 45 -1
6 46 -1
6 47 -1
6 48 -1
6 49 -1
6 50 -1

7 0 -0
7 1 3.35604
7 2 5.49306
7 3 -1
7 4 -1
7 5 -1
7 6 -1
7 7 -1
7 8 -1
7 9 -1
7 10 -1
7 11 -1
7 12 -1
7 13 -1
7 14 -1
7 15 -1
7 16 -1
7 17 -1
7 18 -1
7 19 -1
7 20 -1
7 21 -1
7 22 -1
7 23 -1
7 24 -1
7 25 -1
7 26 -1
7 27 -1
7 28 -1
7 29 -1
7 30 -1
7 31 -1
7 32 -1
7 33 -1
7 34 -1
7 35 -1
7 36 -1
7 37 -1
7 38 -1
7 39 -1
7 40 -1
7 41 -1
7 42 -1
7 43 -1
7 44 -1
7 45 -1
7 46 -1
7 47 -1
7 48 -1
7 49 -1
7 50 -1

8 0 -0
8 1 3.37901
8 2 5.5559
8 3 -1
8 4 -1
8 5 -1
8 6 -1
8 7 -1
8 8 -1
8 9 -1
8 10 -1
8 11 -1
8 12 -1
8 13 -1
8 14 -1
8 15 -1
8 16 -1
8 17 -1
8 18 -1
8 19 -1
8 20 -1
8 21 -1
8 22 -1
8 23 -1
8 24 -1
8 25 -1
8 26 -1
8 27 -1
8 28 -1
8 29 -1
8 30 -1
8 31 -1
8 32 -1
8 33 -1
8 34 -1
8 35 -1
8 36 -1
8 37 -1
8 38 -1
8 39 -1
8 40 -1
8 41 -1
8 42 -1
8 43 -1
8 44 -1
8 45 -1
8 46 -1
8 47 -1
8 48 -1
8 49 -1
8 50 -1

9 0 -0
9 1 3.40325
9 2 5.67809
9 3 -1
9 4 -1
9 5 -1
9 6 -1
9 7 -1
9 8 -1
9 9 -1
9 10 -1
9 11 -1
9 12 -1
9 13 -1
9 14 -1
9 15 -1
9 16 -1
9 17 -1
9 18 -1
9 19 -1
9 20 -1
9 21 -1
9 22 -1
9 23 -1
9 24 -1
9 25 -1
9 26 -1
9 27 -1
9 28 -1
9 29 -1
9 30 -1
9 31 -1
9 32 -1
9 33 -1
9 34 -1
9 35 -1
9 36 -1
9 37 -1
9 38 -1
9 39 -1
9 40 -1
9 41 -1
9 42 -1
9 43 -1
9 44 -1
9 45 -1
9 46 -1
9 47 -1
9 48 -1
9 49 -1
9 50 -1

10 0 -0
10 1 3.41883
10 2 5.77033
10 3 7.69029
10 4 -1
10 5 -1
10 6 -1
10 7 -1
10 8 -1
10 9 -1
10 10 -1
10 11 -1
10 12 -1
10 13 -1
10 14 -1
10 15 -1
10 16 -1
10 17 -1
10 18 -1
10 19 -1
10 20 -1
10 21 -1
10 22 -1
10 23 -1
10 24 -1
10 25 -1
10 26 -1
10 27 -1
10 28 -1
10 29 -1
10 30 -1
10 31 -1
10 32 -1
10 33 -1
10 34 -1
10 35 -1
10 36 -1
10 37 -1
10 38 -1
10 39 -1
10 40 -1
10 41 -1
10 42 -1
10 43 -1
10 44 -1
10 45 -1
10 46 -1
10 47 -1
10 48 -1
10 49 -1
10 50 -1

11 0 -0
11 1 3.42826
11 2 5.87671
11 3 7.79886
11 4 -1
11 5 -1
11 6 -1
11 7 -1
11 8 -1
11 9 -1
11 10 -1
11 11 -1
11 12 -1
11 13 -1
11 14 -1
11 15 -1
11 16 -1
11 17 -1
11 18 -1
11 19 -1
11 20 -1
11 21 -1
11 22 -1
11 23 -1
11 24 -1
11 25 -1
11 26 -1
11 27 -1
11 28 -1
11 29 -1
11 30 -1
11 31 -1
11 32 -1
11 33 -1
11 34 -1
11 35 -1
11 36 -1
11 37 -1
11 38 -1
11 39 -1
11 40 -1
11 41 -1
11 42 -1
11 43 -1
11 44 -1
11 45 -1
11 46 -1
11 47 -1
11 48 -1
11 49 -1
11 50 -1

12 0 -0
12 1 3.44347
12 2 5.96698
12 3 7.94617
12 4 8.7889
12 5 -1
12 6 -1
12 7 -1
12 8 -1
12 9 -1
12 10 -1
12 11 -1
12 12 -1
12 13 -1
12 14 -1
12 15 -1
12 16 -1
12 17 -1
12 18 -1
12 19 -1
12 20 -1
12 21 -1
12 22 -1
12 23 -1
12 24 -1
12 25 -1
12 26 -1
12 27 -1
12 28 -1
12 29 -1
12 30 -1
12 31 -1
12 32 -1
12 33 -1
12 34 -1
12 35 -1
12 36 -1
12 37 -1
12 38 -1
12 39 -1
12 40 -1
12 41 -1
12 42 -1
12 43 -1
12 44 -1
12 45 -1
12 46 -1
12 47 -1
12 48 -1
12 49 -1
12 50 -1

13 0 -0
13 1 3.45667
13 2 6.03452
13 3 8.0684
13 4 9.30305
13 5 -1
13 6 -1
13 7 -1
13 8 -1
13 9 -1
13 10 -1
13 11 -1
13 12 -1
13 13 -1
13 14 -1
13 15 -1
13 16 -1
13 17 -1
13 18 -1
13 19 -1
13 20 -1
13 21 -1
13 22 -1
13 23 -1
13 24 -1
13 25 -1
13 26 -1
13 27 -1
13 28 -1
13 29 -1
13 30 -1
13 31 -1
13 32 -1
13 33 -1
13 34 -1
13 35 -1
13 36 -1
13 37 -1
13 38 -1
13 39 -1
13 40 -1
13 41 -1
13 42 -1
13 43 -1
13 44 -1
13 45 -1
13 46 -1
13 47 -1
13 48 -1
13 49 -1
13 50 -1

14 0 -0
14 1 3.46382
14 2 6.12046
14 3 8.22294
14 4 9.59428
14 5 -1
14 6 -1
14 7 -1
14 8 -1
14 9 -1
14 10 -1
14 11 -1
14 12 -1
14 13 -1
14 14 -1
14 15 -1
14 16 -1
14 17 -1
14 18 -1
14 19 -1
14 20 -1
14 21 -1
14 22 -1
14 23 -1
14 24 -1
14 25 -1
14 26 -1
14 27 -1
14 28 -1
14 29 -1
14 30 -1
14 31 -1
14 32 -1
14 33 -1
14 34 -1
14 35 -1
14 36 -1
14 37 -1
14 38 -1
14 39 -1
14 40 -1
14 41 -1
14 42 -1
14 43 -1
14 44 -1
14 45 -1
14 46 -1
14 47 -1
14 48 -1
14 49 -1
14 50 -1

15 0 -0
15 1 3.46467
15 2 6.16974
15 3 8.36054
15 4 9.84334
15 5 10.9861
15 6 -1
15 7 -1
15 8 -1
15 9 -1
15 10 -1
15 11 -1
15 12 -1
15 13 -1
15 14 -1
15 15 -1
15 16 -1
15 17 -1
15 18 -1
15 19 -1
15 20 -1
15 21 -1
15 22 -1
15 23 -1
15 24 -1
15 25 -1
15 26 -1
15 27 -1
15 28 -1
15 29 -1
15 30 -1
15 31 -1
15 32 -1
15 33 -1
15 34 -1
15 35 -1
15 36 -1
15 37 -1
15 38 -1
15 39 -1
15 40 -1
15 41 -1
15 42 -1
15 43 -1
15 44 -1
15 45 -1
15 46 -1
15 47 -1
15 48 -1
15 49 -1
15 50 -1

16 0 -0
16 1 3.49195
16 2 6.23702
16 3 8.47018
16 4 10.0447
16 5 11.2901
16 6 -1
16 7 -1
16 8 -1
16 9 -1
16 10 -1
16 11 -1
16 12 -1
16 13 -1
16 14 -1
16 15 -1
16 16 -1
16 17 -1
16 18 -1
16 19 -1
16 20 -1
16 21 -1
16 22 -1
16 23 -1
16 24 -1
16 25 -1
16 26 -1
16 27 -1
16 28 -1
16 29 -1
16 30 -1
16 31 -1
16 32 -1
16 33 -1
16 34 -1
16 35 -1
16 36 -1
16 37 -1
16 38 -1
16 39 -1
16 40 -1
16 41 -1
16 42 -1
16 43 -1
16 44 -1
16 45 -1
16 46 -1
16 47 -1
16 48 -1
16 49 -1
16 50 -1

17 0 -0
17 1 3.49911
17 2 6.25998
17 3 8.56212
17 4 10.25
17 5 11.561
17 6 12.0847
17 7 -1
17 8 -1
17 9 -1
17 10 -1
17 11 -1
17 12 -1
17 13 -1
17 14 -1
17 15 -1
17 16 -1
17 17 -1
17 18 -1
17 19 -1
17 20 -1
17 21 -1
17 22 -1
17 23 -1
17 24 -1
17 25 -1
17 26 -1
17 27 -1
17 28 -1
17 29 -1
17 30 -1
17 31 -1
17 32 -1
17 33 -1
17 34 -1
17 35 -1
17 36 -1
17 37 -1
17 38 -1
17 39 -1
17 40 -1
17 41 -1
17 42 -1
17 43 -1
17 44 -1
17 45 -1
17 46 -1
17 47 -1
17 48 -1
17 49 -1
17 50 -1

18 0 -0
18 1 3.50415
18 2 6.33619
18 3 8.66497
18 4 10.4549
18 5 11.8288
18 6 12.5786
18 7 -1
18 8 -1
18 9 -1
18 10 -1
18 11 -1
18 12 -1
18 13 -1
18 14 -1
18 15 -1
18 16 -1
18 17 -1
18 18 -1
18 19 -1
18 20 -1
18 21 -1
18 22 -1
18 23 -1
18 24 -1
18 25 -1
18 26 -1
18 27 -1
18 28 -1
18 29 -1
18 30 -1
18 31 -1
18 32 -1
18 33 -1
18 34 -1
18 35 -1
18 36 -1
18 37 -1
18 38 -1
18 39 -1
18 40 -1
18 41 -1
18 42 -1
18 43 -1
18 44 -1
18 45 -1
18 46 -1
18 47 -1
18 48 -1
18 49 -1
18 50 -1

19 0 -0
19 1 3.51361
19 2 6.36497
19 3 8.73735
19 4 10.5887
19 5 12.0703
19 6 13.013
19 7 -1
19 8 -1
19 9 -1
19 10 -1
19 11 -1
19 12 -1
19 13 -1
19 14 -1
19 15 -1
19 16 -1
19 17 -1
19 18 -1
19 19 -1
19 20 -1
19 21 -1
19 22 -1
19 23 -1
19 24 -1
19 25 -1
19 26 -1
19 27 -1
19 28 -1
19 29 -1
19 30 -1
19 31 -1
19 32 -1
19 33 -1
19 34 -1
19 35 -1
19 36 -1
19 37 -1
19 38 -1
19 39 -1
19 40 -1
19 41 -1
19 42 -1
19 43 -1
19 44 -1
19 45 -1
19 46 -1
19 47 -1
19 48 -1
19 49 -1
19 50 -1

20 0 -0
20 1 3.51827
20 2 6.36739
20 3 8.83813
20 4 10.7768
20 5 12.2995
20 6 13.3348
20 7 14.282
20 8 -1
20 9 -1
20 10 -1
20 11 -1
20 12 -1
20 13 -1
20 14 -1
20 15 -1
20 16 -1
20 17 -1
20 18 -1
20 19 -1
20 20 -1
20 21 -1
20 22 -1
20 23 -1
20 24 -1
20 25 -1
20 26 -1
20 27 -1
20 28 -1
20 29 -1
20 30 -1
20 31 -1
20 32 -1
20 33 -1
20 34 -1
20 35 -1
20 36 -1
20 37 -1
20 38 -1
20 39 -1
20 40 -1
20 41 -1
20 42 -1
20 43 -1
20 44 -1
20 45 -1
20 46 -1
20 47 -1
20 48 -1
20 49 -1
20 50 -1

21 0 -0
21 1 3.51561
21 2 6.42505
21 3 8.90034
21 4 10.9245
21 5 12.4553
21 6 13.6465
21 7 14.5901
21 8 -1
21 9 -1
21 10 -1
21 11 -1
21 12 -1
21 13 -1
21 14 -1
21 15 -1
21 16 -1
21 17 -1
21 18 -1
21 19 -1
21 20 -1
21 21 -1
21 22 -1
21 23 -1
21 24 -1
21 25 -1
21 26 -1
21 27 -1
21 28 -1
21 29 -1
21 30 -1
21 31 -1
21 32 -1
21 33 -1
21 34 -1
21 35 -1
21 36 -1
21 37 -1
21 38 -1
21 39 -1
21 40 -1
21 41 -1
21 42 -1
21 43 -1
21 44 -1
21 45 -1
21 46 -1
21 47 -1
21 48 -1
21 49 -1
21 50 -1

22 0 -0
22 1 3.51905
22 2 6.45764
22 3 8.97796
22 4 11.0347
22 5 12.6941
22 6 13.9009
22 7 14.9456
22 8 15.3806
22 9 -1
22 10 -1
22 11 -1
22 12 -1
22 13 -1
22 14 -1
22 15 -1
22 16 -1
22 17 -1
22 18 -1
22 19 -1
22 20 -1
22 21 -1
22 22 -1
22 23 -1
22 24 -1
22 25 -1
22 26 -1
22 27 -1
22 28 -1
22 29 -1
22 30 -1
22 31 -1
22 32 -1
22 33 -1
22 34 -1
22 35 -1
22 36 -1
22 37 -1
22 38 -1
22 39 -1
22 40 -1
22 41 -1
22 42 -1
22 43 -1
22 44 -1
22 45 -1
22 46 -1
22 47 -1
22 48 -1
22 49 -1
22 50 -1

23 0 -0
23 1 3.53182
23 2 6.50606
23 3 9.08352
23 4 11.1227
23 5 12.832
23 6 14.1895
23 7 15.2715
23 8 15.9056
23 9 -1
23 10 -1
23 11 -1
23 12 -1
23 13 -1
23 14 -1
23 15 -1
23 16 -1
23 17 -1
23 18 -1
23 19 -1
23 20 -1
23 21 -1
23 22 -1
23 23 -1
23 24 -1
23 25 -1
23 26 -1
23 27 -1
23 28 -1
23 29 -1
23 30 -1
23 31 -1
23 32 -1
23 33 -1
23 34 -1
23 35 -1
23 36 -1
23 37 -1
23 38 -1
23 39 -1
23 40 -1
23 41 -1
23 42 -1
23 43 -1
23 44 -1
23 45 -1
23 46 -1
23 47 -1
23 48 -1
23 49 -1
23 50 -1

24 0 -0
24 1 3.52964
24 2 6.55623
24 3 9.11076
24 4 11.2633
24 5 13.0754
24 6 14.414
24 7 15.5397
24 8 16.3239
24 9 16.4792
24 10 -1
24 11 -1
24 12 -1
24 13 -1
24 14 -1
24 15 -1
24 16 -1
24 17 -1
24 18 -1
24 19 -1
24 20 -1
24 21 -1
24 22 -1
24 23 -1
24 24 -1
24 25 -1
24 26 -1
24 27 -1
24 28 -1
24 29 -1
24 30 -1
24 31 -1
24 32 -1
24 33 -1
24 34 -1
24 35 -1
24 36 -1
24 37 -1
24 38 -1
24 39 -1
24 40 -1
24 41 -1
24 42 -1
24 43 -1
24 44 -1
24 45 -1
24 46 -1
24 47 -1
24 48 -1
24 49 -1
24 50 -1

25 0 -0
25 1 3.54606
25 2 6.54307
25 3 9.20635
25 4 11.3657
25 5 13.2497
25 6 14.648
25 7 15.8686
25 8 16.6887
25 9 17.2828
25 10 -1
25 11 -1
25 12 -1
25 13 -1
25 14 -1
25 15 -1
25 16 -1
25 17 -1
25 18 -1
25 19 -1
25 20 -1
25 21 -1
25 22 -1
25 23 -1
25 24 -1
25 25 -1
25 26 -1
25 27 -1
25 28 -1
25 29 -1
25 30 -1
25 31 -1
25 32 -1
25 33 -1
25 34 -1
25 35 -1
25 36 -1
25 37 -1
25 38 -1
25 39 -1
25 40 -1
25 41 -1
25 42 -1
25 43 -1
25 44 -1
25 45 -1
25 46 -1
25 47 -1
25 48 -1
25 49 -1
25 50 -1

26 0 -0
26 1 3.55135
26 2 6.59026
26 3 9.21345
26 4 11.4227
26 5 13.3846
26 6 14.8862
26 7 16.1532
26 8 17.038
26 9 17.7497
26 10 -1
26 11 -1
26 12 -1
26 13 -1
26 14 -1
26 15 -1
26 16 -1
26 17 -1
26 18 -1
26 19 -1
26 20 -1
26 21 -1
26 22 -1
26 23 -1
26 24 -1
26 25 -1
26 26 -1
26 27 -1
26 28 -1
26 29 -1
26 30 -1
26 31 -1
26 32 -1
26 33 -1
26 34 -1
26 35 -1
26 36 -1
26 37 -1
26 38 -1
26 39 -1
26 40 -1
26 41 -1
26 42 -1
26 43 -1
26 44 -1
26 45 -1
26 46 -1
26 47 -1
26 48 -1
26 49 -1
26 50 -1

27 0 -0
27 1 3.55896
27 2 6.59205
27 3 9.30995
27 4 11.6285
27 5 13.5322
27 6 15.0607
27 7 16.352
27 8 17.3944
27 9 18.1646
27 10 18.6764
27 11 -1
27 12 -1
27 13 -1
27 14 -1
27 15 -1
27 16 -1
27 17 -1
27 18 -1
27 19 -1
27 20 -1
27 21 -1
27 22 -1
27 23 -1
27 24 -1
27 25 -1
27 26 -1
27 27 -1
27 28 -1
27 29 -1
27 30 -1
27 31 -1
27 32 -1
27 33 -1
27 34 -1
27 35 -1
27 36 -1
27 37 -1
27 38 -1
27 39 -1
27 40 -1
27 41 -1
27 42 -1
27 43 -1
27 44 -1
27 45 -1
27 46 -1
27 47 -1
27 48 -1
27 49 -1
27 50 -1

28 0 -0
28 1 3.57081
28 2 6.64675
28 3 9.38155
28 4 11.7174
28 5 13.6255
28 6 15.2196
28 7 16.5812
28 8 17.7148
28 9 18.533
28 10 19.1078
28 11 -1
28 12 -1
28 13 -1
28 14 -1
28 15 -1
28 16 -1
28 17 -1
28 18 -1
28 19 -1
28 20 -1
28 21 -1
28 22 -1
28 23 -1
28 24 -1
28 25 -1
28 26 -1
28 27 -1
28 28 -1
28 29 -1
28 30 -1
28 31 -1
28 32 -1
28 33 -1
28 34 -1
28 35 -1
28 36 -1
28 37 -1
28 38 -1
28 39 -1
28 40 -1
28 41 -1
28 42 -1
28 43 -1
28 44 -1
28 45 -1
28 46 -1
28 47 -1
28 48 -1
28 49 -1
28 50 -1

29 0 -0
29 1 3.56149
29 2 6.6722
29 3 9.39206
29 4 11.8088
29 5 13.7254
29 6 15.4662
29 7 16.9274
29 8 18.0592
29 9 18.9253
29 10 19.5594
29 11 19.775
29 12 -1
29 13 -1
29 14 -1
29 15 -1
29 16 -1
29 17 -1
29 18 -1
29 19 -1
29 20 -1
29 21 -1
29 22 -1
29 23 -1
29 24 -1
29 25 -1
29 26 -1
29 27 -1
29 28 -1
29 29 -1
29 30 -1
29 31 -1
29 32 -1
29 33 -1
29 34 -1
29 35 -1
29 36 -1
29 37 -1
29 38 -1
29 39 -1
29 40 -1
29 41 -1
29 42 -1
29 43 -1
29 44 -1
29 45 -1
29 46 -1
29 47 -1
29 48 -1
29 49 -1
29 50 -1

30 0 -0
30 1 3.57457
30 2 6.68581
30 3 9.43726
30 4 11.8517
30 5 13.9359
30 6 15.6191
30 7 17.0696
30 8 18.2808
30 9 19.2374
30 10 19.9941
30 11 20.4142
30 12 -1
30 13 -1
30 14 -1
30 15 -1
30 16 -1
30 17 -1
30 18 -1
30 19 -1
30 20 -1
30 21 -1
30 22 -1
30 23 -1
30 24 -1
30 25 -1
30 26 -1
30 27 -1
30 28 -1
30 29 -1
30 30 -1
30 31 -1
30 32 -1
30 33 -1
30 34 -1
30 35 -1
30 36 -1
30 37 -1
30 38 -1
30 39 -1
30 40 -1
30 41 -1
30 42 -1
30 43 -1
30 44 -1
30 45 -1
30 46 -1
30 47 -1
30 48 -1
30 49 -1
30 50 -1

31 0 -0
31 1 3.57613
31 2 6.72458
31 3 9.49217
31 4 11.9704
31 5 14.0962
31 6 15.8583
31 7 17.3052
31 8 18.5439
31 9 19.5665
31 10 20.3289
31 11 20.8722
31 12 20.8736
31 13 -1
31 14 -1
31 15 -1
31 16 -1
31 17 -1
31 18 -1
31 19 -1
31 20 -1
31 21 -1
31 22 -1
31 23 -1
31 24 -1
31 25 -1
31 26 -1
31 27 -1
31 28 -1
31 29 -1
31 30 -1
31 31 -1
31 32 -1
31 33 -1
31 34 -1
31 35 -1
31 36 -1
31 37 -1
31 38 -1
31 39 -1
31 40 -1
31 41 -1
31 42 -1
31 43 -1
31 44 -1
31 45 -1
31 46 -1
31 47 -1
31 48 -1
31 49 -1
31 50 -1

32 0 -0
32 1 3.58294
32 2 6.77196
32 3 9.57404
32 4 12.0094
32 5 14.2042
32 6 16.0187
32 7 17.4664
32 8 18.7684
32 9 19.9447
32 10 20.7313
32 11 21.3452
32 12 21.6557
32 13 -1
32 14 -1
32 15 -1
32 16 -1
32 17 -1
32 18 -1
32 19 -1
32 20 -1
32 21 -1
32 22 -1
32 23 -1
32 24 -1
32 25 -1
32 26 -1
32 27 -1
32 28 -1
32 29 -1
32 30 -1
32 31 -1
32 32 -1
32 33 -1
32 34 -1
32 35 -1
32 36 -1
32 37 -1
32 38 -1
32 39 -1
32 40 -1
32 41 -1
32 42 -1
32 43 -1
32 44 -1
32 45 -1
32 46 -1
32 47 -1
32 48 -1
32 49 -1
32 50 -1

33 0 -0
33 1 3.58643
33 2 6.72848
33 3 9.64418
33 4 12.0462
33 5 14.2531
33 6 15.9655
33 7 17.7671
33 8 19.0907
33 9 20.1985
33 10 21.143
33 11 21.7783
33 12 22.2209
33 13 -1
33 14 -1
33 15 -1
33 16 -1
33 17 -1
33 18 -1
33 19 -1
33 20 -1
33 21 -1
33 22 -1
33 23 -1
33 24 -1
33 25 -1
33 26 -1
33 27 -1
33 28 -1
33 29 -1
33 30 -1
33 31 -1
33 32 -1
33 33 -1
33 34 -1
33 35 -1
33 36 -1
33 37 -1
33 38 -1
33 39 -1
33 40 -1
33 41 -1
33 42 -1
33 43 -1
33 44 -1
33 45 -1
33 46 -1
33 47 -1
33 48 -1
33 49 -1
33 50 -1

34 0 -0
34 1 3.58256
34 2 6.73985
34 3 9.68218
34 4 12.1346
34 5 14.3753
34 6 16.1953
34 7 17.8477
34 8 19.3569
34 9 20.4983
34 10 21.4675
34 11 22.167
34 12 22.721
34 13 23.0709
34 14 -1
34 15 -1
34 16 -1
34 17 -1
34 18 -1
34 19 -1
34 20 -1
34 21 -1
34 22 -1
34 23 -1
34 24 -1
34 25 -1
34 26 -1
34 27 -1
34 28 -1
34 29 -1
34 30 -1
34 31 -1
34 32 -1
34 33 -1
34 34 -1
34 35 -1
34 36 -1
34 37 -1
34 38 -1
34 39 -1
34 40 -1
34 41 -1
34 42 -1
34 43 -1
34 44 -1
34 45 -1
34 46 -1
34 47 -1
34 48 -1
34 49 -1
34 50 -1

35 0 -0
35 1 3.60781
35 2 6.78339
35 3 9.69782
35 4 12.2448
35 5 14.4424
35 6 16.4494
35 7 18.1919
35 8 19.4841
35 9 20.6389
35 10 21.6837
35 11 22.5337
35 12 23.1392
35 13 23.5712
35 14 -1
35 15 -1
35 16 -1
35 17 -1
35 18 -1
35 19 -1
35 20 -1
35 21 -1
35 22 -1
35 23 -1
35 24 -1
35 25 -1
35 26 -1
35 27 -1
35 28 -1
35 29 -1
35 30 -1
35 31 -1
35 32 -1
35 33 -1
35 34 -1
35 35 -1
35 36 -1
35 37 -1
35 38 -1
35 39 -1
35 40 -1
35 41 -1
35 42 -1
35 43 -1
35 44 -1
35 45 -1
35 46 -1
35 47 -1
35 48 -1
35 49 -1
35 50 -1

36 0 -0
36 1 3.58607
36 2 6.81407
36 3 9.73313
36 4 12.287
36 5 14.6035
36 6 16.4738
36 7 18.2219
36 8 19.7782
36 9 20.9239
36 10 22.0517
36 11 22.8951
36 12 23.5989
36 13 24.0416
36 14 24.1695
36 15 -1
36 16 -1
36 17 -1
36 18 -1
36 19 -1
36 20 -1
36 21 -1
36 22 -1
36 23 -1
36 24 -1
36 25 -1
36 26 -1
36 27 -1
36 28 -1
36 29 -1
36 30 -1
36 31 -1
36 32 -1
36 33 -1
36 34 -1
36 35 -1
36 36 -1
36 37 -1
36 38 -1
36 39 -1
36 40 -1
36 41 -1
36 42 -1
36 43 -1
36 44 -1
36 45 -1
36 46 -1
36 47 -1
36 48 -1
36 49 -1
36 50 -1

37 0 -0
37 1 3.59585
37 2 6.80999
37 3 9.74115
37 4 12.3492
37 5 14.7137
37 6 16.8217
37 7 18.4917
37 8 19.9011
37 9 21.2327
37 10 22.3643
37 11 23.2736
37 12 23.9507
37 13 24.4977
37 14 24.7885
37 15 -1
37 16 -1
37 17 -1
37 18 -1
37 19 -1
37 20 -1
37 21 -1
37 22 -1
37 23 -1
37 24 -1
37 25 -1
37 26 -1
37 27 -1
37 28 -1
37 29 -1
37 30 -1
37 31 -1
37 32 -1
37 33 -1
37 34 -1
37 35 -1
37 36 -1
37 37 -1
37 38 -1
37 39 -1
37 40 -1
37 41 -1
37 42 -1
37 43 -1
37 44 -1
37 45 -1
37 46 -1
37 47 -1
37 48 -1
37 49 -1
37 50 -1

38 0 -0
38 1 3.63194
38 2 6.85902
38 3 9.73803
38 4 12.3748
38 5 14.7009
38 6 16.7619
38 7 18.5943
38 8 20.2205
38 9 21.5063
38 10 22.6886
38 11 23.4502
38 12 24.3764
38 13 24.9861
38 14 25.3587
38 15 25.2681
38 16 -1
38 17 -1
38 18 -1
38 19 -1
38 20 -1
38 21 -1
38 22 -1
38 23 -1
38 24 -1
38 25 -1
38 26 -1
38 27 -1
38 28 -1
38 29 -1
38 30 -1
38 31 -1
38 32 -1
38 33 -1
38 34 -1
38 35 -1
38 36 -1
38 37 -1
38 38 -1
38 39 -1
38 40 -1
38 41 -1
38 42 -1
38 43 -1
38 44 -1
38 45 -1
38 46 -1
38 47 -1
38 48 -1
38 49 -1
38 50 -1

39 0 -0
39 1 3.61874
39 2 6.86636
39 3 9.84879
39 4 12.4342
39 5 14.7938
39 6 16.8614
39 7 18.7557
39 8 20.2464
39 9 21.7905
39 10 22.9176
39 11 23.9005
39 12 24.7092
39 13 25.4003
39 14 25.811
39 15 26.0394
39 16 -1
39 17 -1
39 18 -1
39 19 -1
39 20 -1
39 21 -1
39 22 -1
39 23 -1
39 24 -1
39 25 -1
39 26 -1
39 27 -1
39 28 -1
39 29 -1
39 30 -1
39 31 -1
39 32 -1
39 33 -1
39 34 -1
39 35 -1
39 36 -1
39 37 -1
39 38 -1
39 39 -1
39 40 -1
39 41 -1
39 42 -1
39 43 -1
39 44 -1
39 45 -1
39 46 -1
39 47 -1
39 48 -1
39 49 -1
39 50 -1

40 0 -0
40 1 3.64094
40 2 6.87383
40 3 9.88647
40 4 12.5464
40 5 15.0088
40 6 17.0864
40 7 18.9525
40 8 20.5889
40 9 22.0048
40 10 23.1838
40 11 24.3031
40 12 24.9573
40 13 25.7819
40 14 26.2987
40 15 26.6431
40 16 26.3667
40 17 -1
40 18 -1
40 19 -1
40 20 -1
40 21 -1
40 22 -1
40 23 -1
40 24 -1
40 25 -1
40 26 -1
40 27 -1
40 28 -1
40 29 -1
40 30 -1
40 31 -1
40 32 -1
40 33 -1
40 34 -1
40 35 -1
40 36 -1
40 37 -1
40 38 -1
40 39 -1
40 40 -1
40 41 -1
40 42 -1
40 43 -1
40 44 -1
40 45 -1
40 46 -1
40 47 -1
40 48 -1
40 49 -1
40 50 -1

41 0 -0
41 1 3.62131
41 2 6.91869
41 3 9.87579
41 4 12.581
41 5 15.056
41 6 17.1556
41 7 19.2253
41 8 20.6113
41 9 22.2506
41 10 23.4607
41 11 24.6614
41 12 25.4586
41 13 26.1206
41 14 26.7474
41 15 27.1414
41 16 27.3005
41 17 -1
41 18 -1
41 19 -1
41 20 -1
41 21 -1
41 22 -1
41 23 -1
41 24 -1
41 25 -1
41 26 -1
41 27 -1
41 28 -1
41 29 -1
41 30 -1
41 31 -1
41 32 -1
41 33 -1
41 34 -1
41 35 -1
41 36 -1
41 37 -1
41 38 -1
41 39 -1
41 40 -1
41 41 -1
41 42 -1
41 43 -1
41 44 -1
41 45 -1
41 46 -1
41 47 -1
41 48 -1
41 49 -1
41 50 -1

42 0 -0
42 1 3.63288
42 2 6.90862
42 3 9.95935
42 4 12.6507
42 5 15.1733
42 6 17.3072
42 7 19.1782
42 8 20.9471
42 9 22.5172
42 10 23.8269
42 11 24.8074
42 12 25.7356
42 13 26.493
42 14 27.2262
42 15 27.6445
42 16 27.9107
42 17 -1
42 18 -1
42 19 -1
42 20 -1
42 21 -1
42 22 -1
42 23 -1
42 24 -1
42 25 -1
42 26 -1
42 27 -1
42 28 -1
42 29 -1
42 30 -1
42 31 -1
42 32 -1
42 33 -1
42 34 -1
42 35 -1
42 36 -1
42 37 -1
42 38 -1
42 39 -1
42 40 -1
42 41 -1
42 42 -1
42 43 -1
42 44 -1
42 45 -1
42 46 -1
42 47 -1
42 48 -1
42 49 -1
42 50 -1

43 0 -0
43 1 3.6458
43 2 6.92775
43 3 9.98836
43 4 12.8093
43 5 15.1917
43 6 17.3784
43 7 19.5035
43 8 21.1473
43 9 22.5762
43 10 23.7867
43 11 25.0703
43 12 26.2016
43 13 27.0239
43 14 27.591
43 15 28.0827
43 16 28.4516
43 17 28.5639
43 18 -1
43 19 -1
43 20 -1
43 21 -1
43 22 -1
43 23 -1
43 24 -1
43 25 -1
43 26 -1
43 27 -1
43 28 -1
43 29 -1
43 30 -1
43 31 -1
43 32 -1
43 33 -1
43 34 -1
43 35 -1
43 36 -1
43 37 -1
43 38 -1
43 39 -1
43 40 -1
43 41 -1
43 42 -1
43 43 -1
43 44 -1
43 45 -1
43 46 -1
43 47 -1
43 48 -1
43 49 -1
43 50 -1

44 0 -0
44 1 3.64707
44 2 6.97457
44 3 9.97748
44 4 12.7972
44 5 15.2524
44 6 17.4422
44 7 19.538
44 8 21.3818
44 9 22.9298
44 10 24.1863
44 11 25.3741
44 12 26.4277
44 13 27.2286
44 14 27.9884
44 15 28.5442
44 16 28.9298
44 17 29.1583
44 18 -1
44 19 -1
44 20 -1
44 21 -1
44 22 -1
44 23 -1
44 24 -1
44 25 -1
44 26 -1
44 27 -1
44 28 -1
44 29 -1
44 30 -1
44 31 -1
44 32 -1
44 33 -1
44 34 -1
44 35 -1
44 36 -1
44 37 -1
44 38 -1
44 39 -1
44 40 -1
44 41 -1
44 42 -1
44 43 -1
44 44 -1
44 45 -1
44 46 -1
44 47 -1
44 48 -1
44 49 -1
44 50 -1

45 0 -0
45 1 3.65525
45 2 6.9587
45 3 10.077
45 4 12.8655
45 5 15.35
45 6 17.7755
45 7 19.908
45 8 21.5586
45 9 23.1423
45 10 24.564
45 11 25.8398
45 12 26.724
45 13 27.5763
45 14 28.3807
45 15 28.9585
45 16 29.4307
45 17 29.7154
45 18 29.6625
45 19 -1
45 20 -1
45 21 -1
45 22 -1
45 23 -1
45 24 -1
45 25 -1
45 26 -1
45 27 -1
45 28 -1
45 29 -1
45 30 -1
45 31 -1
45 32 -1
45 33 -1
45 34 -1
45 35 -1
45 36 -1
45 37 -1
45 38 -1
45 39 -1
45 40 -1
45 41 -1
45 42 -1
45 43 -1
45 44 -1
45 45 -1
45 46 -1
45 47 -1
45 48 -1
45 49 -1
45 50 -1

46 0 -0
46 1 3.64696
46 2 6.98163
46 3 10.0357
46 4 12.8178
46 5 15.4203
46 6 17.8007
46 7 19.865
46 8 21.5004
46 9 23.3758
46 10 24.685
46 11 25.9965
46 12 27.0521
46 13 28.003
46 14 28.8622
46 15 29.4146
46 16 29.9164
46 17 30.2453
46 18 30.3535
46 19 -1
46 20 -1
46 21 -1
46 22 -1
46 23 -1
46 24 -1
46 25 -1
46 26 -1
46 27 -1
46 28 -1
46 29 -1
46 30 -1
46 31 -1
46 32 -1
46 33 -1
46 34 -1
46 35 -1
46 36 -1
46 37 -1
46 38 -1
46 39 -1
46 40 -1
46 41 -1
46 42 -1
46 43 -1
46 44 -1
46 45 -1
46 46 -1
46 47 -1
46 48 -1
46 49 -1
46 50 -1

47 0 -0
47 1 3.6634
47 2 6.98254
47 3 10.0956
47 4 12.9555
47 5 15.5026
47 6 17.8726
47 7 19.9964
47 8 21.9472
47 9 23.7381
47 10 24.7691
47 11 26.3826
47 12 27.3612
47 13 28.2773
47 14 29.0396
47 15 29.8226
47 16 30.3754
47 17 30.7607
47 18 30.9805
47 19 30.7611
47 20 -1
47 21 -1
47 22 -1
47 23 -1
47 24 -1
47 25 -1
47 26 -1
47 27 -1
47 28 -1
47 29 -1
47 30 -1
47 31 -1
47 32 -1
47 33 -1
47 34 -1
47 35 -1
47 36 -1
47 37 -1
47 38 -1
47 39 -1
47 40 -1
47 41 -1
47 42 -1
47 43 -1
47 44 -1
47 45 -1
47 46 -1
47 47 -1
47 48 -1
47 49 -1
47 50 -1

48 0 -0
48 1 3.67074
48 2 7.03101
48 3 10.1255
48 4 13.0124
48 5 15.5554
48 6 17.9916
48 7 19.7981
48 8 22.0301
48 9 23.6741
48 10 25.1251
48 11 26.4939
48 12 27.6108
48 13 28.5435
48 14 29.5199
48 15 30.224
48 16 30.8674
48 17 31.1966
48 18 31.52
48 19 31.598
48 20 -1
48 21 -1
48 22 -1
48 23 -1
48 24 -1
48 25 -1
48 26 -1
48 27 -1
48 28 -1
48 29 -1
48 30 -1
48 31 -1
48 32 -1
48 33 -1
48 34 -1
48 35 -1
48 36 -1
48 37 -1
48 38 -1
48 39 -1
48 40 -1
48 41 -1
48 42 -1
48 43 -1
48 44 -1
48 45 -1
48 46 -1
48 47 -1
48 48 -1
48 49 -1
48 50 -1

49 0 -0
49 1 3.67179
49 2 7.04381
49 3 10.1191
49 4 12.9705
49 5 15.6775
49 6 18.1441
49 7 20.1731
49 8 22.3176
49 9 23.8197
49 10 25.6728
49 11 26.8133
49 12 27.9286
49 13 28.9106
49 14 29.8311
49 15 30.6633
49 16 31.295
49 17 31.6978
49 18 32.0283
49 19 32.1818
49 20 31.8598
49 21 -1
49 22 -1
49 23 -1
49 24 -1
49 25 -1
49 26 -1
49 27 -1
49 28 -1
49 29 -1
49 30 -1
49 31 -1
49 32 -1
49 33 -1
49 34 -1
49 35 -1
49 36 -1
49 37 -1
49 38 -1
49 39 -1
49 40 -1
49 41 -1
49 42 -1
49 43 -1
49 44 -1
49 45 -1
49 46 -1
49 47 -1
49 48 -1
49 49 -1
49 50 -1

50 0 -0
50 1 3.67035
50 2 7.0514
50 3 10.2266
50 4 13.1167
50 5 15.6575
50 6 18.1825
50 7 20.1661
50 8 22.1554
50 9 23.9954
50 10 25.8492
50 11 26.9099
50 12 28.3338
50 13 29.3894
50 14 30.417
50 15 31.028
50 16 31.6535
50 17 32.1841
50 18 32.5291
50 19 32.7807
50 20 32.7923
50 21 -1
50 22 -1
50 23 -1
50 24 -1
50 25 -1
50 26 -1
50 27 -1
50 28 -1
50 29 -1
50 30 -1
50 31 -1
50 32 -1
50 33 -1
50 34 -1
50 35 -1
50 36 -1
50 37 -1
50 38 -1
50 39 -1
50 40 -1
50 41 -1
50 42 -1
50 43 -1
50 44 -1
50 45 -1
50 46 -1
50 47 -1
50 48 -1
50 49 -1
50 50 -1

51 0 -0
51 1 3.67348
51 2 7.08086
51 3 10.2831
51 4 13.1267
51 5 15.7438
51 6 18.2865
51 7 20.561
51 8 22.3477
51 9 23.9865
51 10 25.8668
51 11 27.0089
51 12 28.1941
51 13 29.7863
51 14 30.6761
51 15 31.2179
51 16 32.0275
51 17 32.6428
51 18 33.0464
51 19 33.3374
51 20 33.4589
51 21 -1
51 22 -1
51 23 -1
51 24 -1
51 25 -1
51 26 -1
51 27 -1
51 28 -1
51 29 -1
51 30 -1
51 31 -1
51 32 -1
51 33 -1
51 34 -1
51 35 -1
51 36 -1
51 37 -1
51 38 -1
51 39 -1
51 40 -1
51 41 -1
51 42 -1
51 43 -1
51 44 -1
51 45 -1
51 46 -1
51 47 -1
51 48 -1
51 49 -1
51 50 -1

52 0 -0
52 1 3.67723
52 2 7.09229
52 3 10.2751
52 4 13.1127
52 5 15.9678
52 6 18.31
52 7 20.588
52 8 22.5741
52 9 24.1228
52 10 26.0419
52 11 27.6065
52 12 28.5943
52 13 30.032
52 14 30.7764
52 15 31.6954
52 16 32.4305
52 17 33.0114
52 18 33.5064
52 19 33.8306
52 20 34.0431
52 21 34.057
52 22 -1
52 23 -1
52 24 -1
52 25 -1
52 26 -1
52 27 -1
52 28 -1
52 29 -1
52 30 -1
52 31 -1
52 32 -1
52 33 -1
52 34 -1
52 35 -1
52 36 -1
52 37 -1
52 38 -1
52 39 -1
52 40 -1
52 41 -1
52 42 -1
52 43 -1
52 44 -1
52 45 -1
52 46 -1
52 47 -1
52 48 -1
52 49 -1
52 50 -1

53 0 -0
53 1 3.68812
53 2 7.11233
53 3 10.2826
53 4 13.2463
53 5 15.9224
53 6 18.502
53 7 20.6913
53 8 22.2279
53 9 24.624
53 10 26.4235
53 11 27.784
53 12 29.1907
53 13 30.375
53 14 31.3728
53 15 32.2059
53 16 32.6216
53 17 33.5896
53 18 34.0187
53 19 34.3969
53 20 34.6417
53 21 34.6724
53 22 -1
53 23 -1
53 24 -1
53 25 -1
53 26 -1
53 27 -1
53 28 -1
53 29 -1
53 30 -1
53 31 -1
53 32 -1
53 33 -1
53 34 -1
53 35 -1
53 36 -1
53 37 -1
53 38 -1
53 39 -1
53 40 -1
53 41 -1
53 42 -1
53 43 -1
53 44 -1
53 45 -1
53 46 -1
53 47 -1
53 48 -1
53 49 -1
53 50 -1

54 0 -0
54 1 3.70288
54 2 7.11935
54 3 10.3003
54 4 13.2593
54 5 16.0655
54 6 18.3869
54 7 20.8883
54 8 23.0387
54 9 24.8891
54 10 26.4869
54 11 28.0636
54 12 29.5036
54 13 30.4528
54 14 31.3378
54 15 32.537
54 16 33.2157
54 17 33.7524
54 18 34.3911
54 19 34.8337
54 20 35.1306
54 21 35.2638
54 22 35.1556
54 23 -1
54 24 -1
54 25 -1
54 26 -1
54 27 -1
54 28 -1
54 29 -1
54 30 -1
54 31 -1
54 32 -1
54 33 -1
54 34 -1
54 35 -1
54 36 -1
54 37 -1
54 38 -1
54 39 -1
54 40 -1
54 41 -1
54 42 -1
54 43 -1
54 44 -1
54 45 -1
54 46 -1
54 47 -1
54 48 -1
54 49 -1
54 50 -1

55 0 -0
55 1 3.71213
55 2 7.12617
55 3 10.326
55 4 13.2909
55 5 16.0115
55 6 18.6618
55 7 21.022
55 8 23.1063
55 9 25.0846
55 10 27.0083
55 11 28.0934
55 12 29.2518
55 13 31.1381
55 14 31.4867
55 15 32.7926
55 16 33.5422
55 17 34.3521
55 18 34.9106
55 19 35.3422
55 20 35.6541
55 21 35.8916
55 22 35.8791
55 23 -1
55 24 -1
55 25 -1
55 26 -1
55 27 -1
55 28 -1
55 29 -1
55 30 -1
55 31 -1
55 32 -1
55 33 -1
55 34 -1
55 35 -1
55 36 -1
55 37 -1
55 38 -1
55 39 -1
55 40 -1
55 41 -1
55 42 -1
55 43 -1
55 44 -1
55 45 -1
55 46 -1
55 47 -1
55 48 -1
55 49 -1
55 50 -1

56 0 -0
56 1 3.71903
56 2 7.15049
56 3 10.35
56 4 13.3581
56 5 16.233
56 6 18.8991
56 7 21.0467
56 8 23.0974
56 9 25.132
56 10 26.7502
56 11 28.4215
56 12 30.1798
56 13 31.2969
56 14 32.1477
56 15 32.8766
56 16 34.2418
56 17 34.7899
56 18 35.2455
56 19 35.7359
56 20 36.191
56 21 36.4288
56 22 36.4949
56 23 36.2542
56 24 -1
56 25 -1
56 26 -1
56 27 -1
56 28 -1
56 29 -1
56 30 -1
56 31 -1
56 32 -1
56 33 -1
56 34 -1
56 35 -1
56 36 -1
56 37 -1
56 38 -1
56 39 -1
56 40 -1
56 41 -1
56 42 -1
56 43 -1
56 44 -1
56 45 -1
56 46 -1
56 47 -1
56 48 -1
56 49 -1
56 50 -1

57 0 -0
57 1 3.72285
57 2 7.13844
57 3 10.3388
57 4 13.3952
57 5 16.2777
57 6 18.8479
57 7 21.214
57 8 22.5861
57 9 25.239
57 10 27.3532
57 11 28.7483
57 12 30.0315
57 13 30.7422
57 14 32.5312
57 15 33.5937
57 16 34.351
57 17 35.1638
57 18 35.751
57 19 36.1957
57 20 36.622
57 21 36.9774
57 22 37.1114
57 23 37.0518
57 24 -1
57 25 -1
57 26 -1
57 27 -1
57 28 -1
57 29 -1
57 30 -1
57 31 -1
57 32 -1
57 33 -1
57 34 -1
57 35 -1
57 36 -1
57 37 -1
57 38 -1
57 39 -1
57 40 -1
57 41 -1
57 42 -1
57 43 -1
57 44 -1
57 45 -1
57 46 -1
57 47 -1
57 48 -1
57 49 -1
57 50 -1

58 0 -0
58 1 3.725
58 2 7.17295
58 3 10.4322
58 4 13.395
58 5 16.3319
58 6 18.9475
58 7 21.003
58 8 23.224
58 9 25.6464
58 10 27.4273
58 11 29.2051
58 12 30.6236
58 13 30.8373
58 14 32.8408
58 15 33.7496
58 16 34.8841
58 17 35.551
58 18 36.3267
58 19 36.8052
58 20 37.1668
58 21 37.5426
58 22 37.6837
58 23 37.7111
58 24 37.3528
58 25 -1
58 26 -1
58 27 -1
58 28 -1
58 29 -1
58 30 -1
58 31 -1
58 32 -1
58 33 -1
58 34 -1
58 35 -1
58 36 -1
58 37 -1
58 38 -1
58 39 -1
58 40 -1
58 41 -1
58 42 -1
58 43 -1
58 44 -1
58 45 -1
58 46 -1
58 47 -1
58 48 -1
58 49 -1
58 50 -1

59 0 -0
59 1 3.72747
59 2 7.22076
59 3 10.4833
59 4 13.5456
59 5 16.1808
59 6 18.9656
59 7 21.5252
59 8 23.6795
59 9 25.3407
59 10 27.3405
59 11 29.4028
59 12 30.6808
59 13 32.3882
59 14 33.631
59 15 34.2927
59 16 35.0485
59 17 35.9869
59 18 36.3994
59 19 37.0922
59 20 37.5766
59 21 37.997
59 22 38.2307
59 23 38.3503
59 24 38.2545
59 25 -1
59 26 -1
59 27 -1
59 28 -1
59 29 -1
59 30 -1
59 31 -1
59 32 -1
59 33 -1
59 34 -1
59 35 -1
59 36 -1
59 37 -1
59 38 -1
59 39 -1
59 40 -1
59 41 -1
59 42 -1
59 43 -1
59 44 -1
59 45 -1
59 46 -1
59 47 -1
59 48 -1
59 49 -1
59 50 -1

60 0 -0
60 1 3.75875
60 2 7.21797
60 3 10.4878
60 4 13.726
60 5 16.4194
60 6 18.9838
60 7 21.2948
60 8 23.6493
60 9 25.4609
60 10 27.9872
60 11 29.5795
60 12 31.3257
60 13 32.5844
60 14 33.7727
60 15 34.2309
60 16 35.4053
60 17 36.4862
60 18 37.0722
60 19 37.8043
60 20 38.0951
60 21 38.4912
60 22 38.8245
60 23 38.9308
60 24 38.9629
60 25 38.4514
60 26 -1
60 27 -1
60 28 -1
60 29 -1
60 30 -1
60 31 -1
60 32 -1
60 33 -1
60 34 -1
60 35 -1
60 36 -1
60 37 -1
60 38 -1
60 39 -1
60 40 -1
60 41 -1
60 42 -1
60 43 -1
60 44 -1
60 45 -1
60 46 -1
60 47 -1
60 48 -1
60 49 -1
60 50 -1

61 0 -0
61 1 3.74684
61 2 7.24082
61 3 10.5534
61 4 13.6047
61 5 16.4252
61 6 19.0702
61 7 21.4182
61 8 24.2637
61 9 25.9634
61 10 27.8791
61 11 29.3623
61 12 31.4102
61 13 32.7841
61 14 33.5532
61 15 35.4342
61 16 35.8038
61 17 36.7927
61 18 37.2893
61 19 38.0837
61 20 38.543
61 21 38.9391
61 22 39.2882
61 23 39.5176
61 24 39.5692
61 25 39.4609
61 26 -1
61 27 -1
61 28 -1
61 29 -1
61 30 -1
61 31 -1
61 32 -1
61 33 -1
61 34 -1
61 35 -1
61 36 -1
61 37 -1
61 38 -1
61 39 -1
61 40 -1
61 41 -1
61 42 -1
61 43 -1
61 44 -1
61 45 -1
61 46 -1
61 47 -1
61 48 -1
61 49 -1
61 50 -1

62 0 -0
62 1 3.75512
62 2 7.23629
62 3 10.5553
62 4 13.6823
62 5 16.5786
62 6 19.3175
62 7 21.5182
62 8 24.0707
62 9 26.4258
62 10 28.2928
62 11 29.9414
62 12 31.3121
62 13 33.0478
62 14 34.0218
62 15 35.3073
62 16 36.3496
62 17 37.2213
62 18 37.8347
62 19 38.4765
62 20 39.1032
62 21 39.4322
62 22 39.8523
62 23 40.0873
62 24 40.1693
62 25 40.1439
62 26 -1
62 27 -1
62 28 -1
62 29 -1
62 30 -1
62 31 -1
62 32 -1
62 33 -1
62 34 -1
62 35 -1
62 36 -1
62 37 -1
62 38 -1
62 39 -1
62 40 -1
62 41 -1
62 42 -1
62 43 -1
62 44 -1
62 45 -1
62 46 -1
62 47 -1
62 48 -1
62 49 -1
62 50 -1

63 0 -0
63 1 3.76876
63 2 7.29314
63 3 10.6047
63 4 13.6579
63 5 16.509
63 6 19.0746
63 7 21.7898
63 8 24.1778
63 9 26.2598
63 10 28.1565
63 11 30.0095
63 12 31.6269
63 13 33.5089
63 14 34.7946
63 15 35.8062
63 16 36.8057
63 17 37.5366
63 18 38.4297
63 19 38.8974
63 20 39.6312
63 21 39.9318
63 22 40.3512
63 23 40.6151
63 24 40.7714
63 25 40.782
63 26 40.6487
63 27 -1
63 28 -1
63 29 -1
63 30 -1
63 31 -1
63 32 -1
63 33 -1
63 34 -1
63 35 -1
63 36 -1
63 37 -1
63 38 -1
63 39 -1
63 40 -1
63 41 -1
63 42 -1
63 43 -1
63 44 -1
63 45 -1
63 46 -1
63 47 -1
63 48 -1
63 49 -1
63 50 -1

64 0 -1
64 1 3.77092
64 2 7.32938
64 3 10.6062
64 4 13.7612
64 5 16.7398
64 6 19.6235
64 7 22.1845
64 8 24.2878
64 9 26.6898
64 10 28.7622
64 11 29.8068
64 12 32.0668
64 13 33.2913
64 14 34.2973
64 15 36.4047
64 16 36.9945
64 17 37.7085
64 18 38.896
64 19 39.6929
64 20 39.9105
64 21 40.3563
64 22 40.7448
64 23 41.1023
64 24 41.3182
64 25 41.4203
64 26 41.3509
64 27 -1
64 28 -1
64 29 -1
64 30 -1
64 31 -1
64 32 -1
64 33 -1
64 34 -1
64 35 -1
64 36 -1
64 37 -1
64 38 -1
64 39 -1
64 40 -1
64 41 -1
64 42 -1
64 43 -1
64 44 -1
64 45 -1
64 46 -1
64 47 -1
64 48 -1
64 49 -1
64 50 -1

65 0 -1
65 1 -1
65 2 7.32736
65 3 10.6351
65 4 13.7285
65 5 16.5875
65 6 19.4114
65 7 21.8916
65 8 24.3387
65 9 26.3404
65 10 28.7421
65 11 30.2792
65 12 32.7874
65 13 33.2938
65 14 34.7179
65 15 36.0113
65 16 37.6486
65 17 38.2783
65 18 38.7375
65 19 39.6984
65 20 40.0724
65 21 41.0087
65 22 41.4225
65 23 41.7065
65 24 41.8829
65 25 42.0101
65 26 41.9935
65 27 41.7473
65 28 -1
65 29 -1
65 30 -1
65 31 -1
65 32 -1
65 33 -1
65 34 -1
65 35 -1
65 36 -1
65 37 -1
65 38 -1
65 39 -1
65 40 -1
65 41 -1
65 42 -1
65 43 -1
65 44 -1
65 45 -1
65 46 -1
65 47 -1
65 48 -1
65 49 -1
65 50 -1

66 0 -1
66 1 -1
66 2 -1
66 3 10.6843
66 4 13.7845
66 5 16.7147
66 6 19.4321
66 7 22.1892
66 8 24.9827
66 9 26.958
66 10 29.0026
66 11 30.8257
66 12 32.5763
66 13 34.2823
66 14 35.2217
66 15 35.9012
66 16 37.1813
66 17 37.4068
66 18 39.8458
66 19 40.1788
66 20 40.433
66 21 41.4676
66 22 41.6215
66 23 42.1374
66 24 42.4612
66 25 42.5634
66 26 42.6322
66 27 42.5256
66 28 -1
66 29 -1
66 30 -1
66 31 -1
66 32 -1
66 33 -1
66 34 -1
66 35 -1
66 36 -1
66 37 -1
66 38 -1
66 39 -1
66 40 -1
66 41 -1
66 42 -1
66 43 -1
66 44 -1
66 45 -1
66 46 -1
66 47 -1
66 48 -1
66 49 -1
66 50 -1

67 0 -1
67 1 -1
67 2 -1
67 3 -1
67 4 13.8981
67 5 16.8812
67 6 19.7423
67 7 21.8251
67 8 24.9666
67 9 27.0717
67 10 28.3733
67 11 30.7353
67 12 32.6983
67 13 33.6411
67 14 36.0668
67 15 37.5747
67 16 37.9143
67 17 38.8649
67 18 39.4524
67 19 40.7886
67 20 41.3842
67 21 41.9737
67 22 42.3926
67 23 42.6631
67 24 42.8819
67 25 43.2056
67 26 43.2658
67 27 43.2025
67 28 42.8459
67 29 -1
67 30 -1
67 31 -1
67 32 -1
67 33 -1
67 34 -1
67 35 -1
67 36 -1
67 37 -1
67 38 -1
67 39 -1
67 40 -1
67 41 -1
67 42 -1
67 43 -1
67 44 -1
67 45 -1
67 46 -1
67 47 -1
67 48 -1
67 49 -1
67 50 -1

68 0 -1
68 1 -1
68 2 -1
68 3 -1
68 4 -1
68 5 17.0284
68 6 19.8358
68 7 22.2163
68 8 25.0005
68 9 27.4095
68 10 29.3363
68 11 30.7066
68 12 33.2152
68 13 33.9466
68 14 35.5782
68 15 37.3744
68 16 38.1392
68 17 39.4677
68 18 40.2664
68 19 40.8707
68 20 41.3873
68 21 42.3868
68 22 42.6597
68 23 43.2129
68 24 43.4505
68 25 43.7477
68 26 43.8378
68 27 43.8484
68 28 43.6997
68 29 -1
68 30 -1
68 31 -1
68 32 -1
68 33 -1
68 34 -1
68 35 -1
68 36 -1
68 37 -1
68 38 -1
68 39 -1
68 40 -1
68 41 -1
68 42 -1
68 43 -1
68 44 -1
68 45 -1
68 46 -1
68 47 -1
68 48 -1
68 49 -1
68 50 -1

69 0 -1
69 1 -1
69 2 -1
69 3 -1
69 4 -1
69 5 -1
69 6 19.7994
69 7 22.2682
69 8 25.2242
69 9 27.3516
69 10 29.5009
69 11 31.2525
69 12 32.9839
69 13 34.6183
69 14 36.7444
69 15 37.7697
69 16 38.3799
69 17 40.4674
69 18 41.0308
69 19 42.0676
69 20 41.9622
69 21 42.8778
69 22 43.299
69 23 43.8458
69 24 44.1537
69 25 44.2733
69 26 44.4117
69 27 44.4717
69 28 44.4046
69 29 43.9445
69 30 -1
69 31 -1
69 32 -1
69 33 -1
69 34 -1
69 35 -1
69 36 -1
69 37 -1
69 38 -1
69 39 -1
69 40 -1
69 41 -1
69 42 -1
69 43 -1
69 44 -1
69 45 -1
69 46 -1
69 47 -1
69 48 -1
69 49 -1
69 50 -1

70 0 -1
70 1 -1
70 2 -1
70 3 -1
70 4 -1
70 5 -1
70 6 -1
70 7 22.6771
70 8 24.7854
70 9 27.1022
70 10 29.6936
70 11 31.9454
70 12 33.1162
70 13 34.8595
70 14 37.1261
70 15 38.3783
70 16 38.8697
70 17 40.1462
70 18 41.7375
70 19 42.0863
70 20 42.8842
70 21 43.3974
70 22 43.5165
70 23 44.1509
70 24 44.5913
70 25 44.9408
70 26 45.0496
70 27 45.104
70 28 45.0091
70 29 44.9012
70 30 -1
70 31 -1
70 32 -1
70 33 -1
70 34 -1
70 35 -1
70 36 -1
70 37 -1
70 38 -1
70 39 -1
70 40 -1
70 41 -1
70 42 -1
70 43 -1
70 44 -1
70 45 -1
70 46 -1
70 47 -1
70 48 -1
70 49 -1
70 50 -1

71 0 -1
71 1 -1
71 2 -1
71 3 -1
71 4 -1
71 5 -1
71 6 -1
71 7 -1
71 8 24.921
71 9 27.1167
71 10 29.8441
71 11 32.194
71 12 33.8222
71 13 35.5141
71 14 36.4096
71 15 37.6748
71 16 39.4772
71 17 40.6302
71 18 41.292
71 19 42.7208
71 20 43.2796
71 21 43.9677
71 22 43.9935
71 23 44.6114
71 24 45.1732
71 25 45.2985
71 26 45.5918
71 27 45.7115
71 28 45.7466
71 29 45.6091
71 30 45.0431
71 31 -1
71 32 -1
71 33 -1
71 34 -1
71 35 -1
71 36 -1
71 37 -1
71 38 -1
71 39 -1
71 40 -1
71 41 -1
71 42 -1
71 43 -1
71 44 -1
71 45 -1
71 46 -1
71 47 -1
71 48 -1
71 49 -1
71 50 -1

72 0 -1
72 1 -1
72 2 -1
72 3 -1
72 4 -1
72 5 -1
72 6 -1
72 7 -1
72 8 -1
72 9 28.4323
72 10 30.3382
72 11 31.0287
72 12 33.0999
72 13 35.2287
72 14 36.6793
72 15 38.5779
72 16 40.0985
72 17 40.6078
72 18 42.0666
72 19 42.7777
72 20 44.0876
72 21 43.8587
72 22 44.8922
72 23 45.0675
72 24 45.4862
72 25 45.8309
72 26 46.2751
72 27 46.2585
72 28 46.3587
72 29 46.3134
72 30 46.0595
72 31 -1
72 32 -1
72 33 -1
72 34 -1
72 35 -1
72 36 -1
72 37 -1
72 38 -1
72 39 -1
72 40 -1
72 41 -1
72 42 -1
72 43 -1
72 44 -1
72 45 -1
72 46 -1
72 47 -1
72 48 -1
72 49 -1
72 50 -1

73 0 -1
73 1 -1
73 2 -1
73 3 -1
73 4 -1
73 5 -1
73 6 -1
73 7 -1
73 8 -1
73 9 -1
73 10 30.7593
73 11 32.4314
73 12 34.9274
73 13 35.2988
73 14 37.904
73 15 38.9181
73 16 40.1788
73 17 41.6486
73 18 42.0125
73 19 43.1716
73 20 43.7734
73 21 44.8114
73 22 45.3031
73 23 45.9786
73 24 46.3624
73 25 46.3574
73 26 46.6715
73 27 46.7142
73 28 46.9532
73 29 46.9549
73 30 46.7961
73 31 -1
73 32 -1
73 33 -1
73 34 -1
73 35 -1
73 36 -1
73 37 -1
73 38 -1
73 39 -1
73 40 -1
73 41 -1
73 42 -1
73 43 -1
73 44 -1
73 45 -1
73 46 -1
73 47 -1
73 48 -1
73 49 -1
73 50 -1

74 0 -1
74 1 -1
74 2 -1
74 3 -1
74 4 -1
74 5 -1
74 6 -1
74 7 -1
74 8 -1
74 9 -1
74 10 -1
74 11 32.8265
74 12 33.9236
74 13 35.7989
74 14 38.1079
74 15 39.3312
74 16 40.4971
74 17 41.1451
74 18 43.7521
74 19 43.6343
74 20 44.2878
74 21 44.7343
74 22 45.8877
74 23 45.7216
74 24 46.4147
74 25 46.926
74 26 47.1327
74 27 47.4734
74 28 47.5458
74 29 47.523
74 30 47.4984
74 31 47.2403
74 32 -1
74 33 -1
74 34 -1
74 35 -1
74 36 -1
74 37 -1
74 38 -1
74 39 -1
74 40 -1
74 41 -1
74 42 -1
74 43 -1
74 44 -1
74 45 -1
74 46 -1
74 47 -1
74 48 -1
74 49 -1
74 50 -1

75 0 -1
75 1 -1
75 2 -1
75 3 -1
75 4 -1
75 5 -1
75 6 -1
75 7 -1
75 8 -1
75 9 -1
75 10 -1
75 11 -1
75 12 33.8098
75 13 37.0308
75 14 37.126
75 15 40.5768
75 16 40.6395
75 17 42.1588
75 18 43.2643
75 19 43.6471
75 20 45.3457
75 21 44.9953
75 22 46.4368
75 23 47.241
75 24 47.0522
75 25 47.5535
75 26 47.9702
75 27 48.099
75 28 48.192
75 29 48.2503
75 30 48.0906
75 31 47.9723
75 32 -1
75 33 -1
75 34 -1
75 35 -1
75 36 -1
75 37 -1
75 38 -1
75 39 -1
75 40 -1
75 41 -1
75 42 -1
75 43 -1
75 44 -1
75 45 -1
75 46 -1
75 47 -1
75 48 -1
75 49 -1
75 50 -1

76 0 -1
76 1 -1
76 2 -1
76 3 -1
76 4 -1
76 5 -1
76 6 -1
76 7 -1
76 8 -1
76 9 -1
76 10 -1
76 11 -1
76 12 -1
76 13 36.7797
76 14 37.596
76 15 40.5684
76 16 41.3214
76 17 42.9137
76 18 43.7218
76 19 44.9445
76 20 45.9443
76 21 45.314
76 22 45.3461
76 23 47.0604
76 24 47.4758
76 25 48.1358
76 26 48.5227
76 27 48.5929
76 28 48.7252
76 29 48.8593
76 30 48.8249
76 31 48.6668
76 32 48.3389
76 33 -1
76 34 -1
76 35 -1
76 36 -1
76 37 -1
76 38 -1
76 39 -1
76 40 -1
76 41 -1
76 42 -1
76 43 -1
76 44 -1
76 45 -1
76 46 -1
76 47 -1
76 48 -1
76 49 -1
76 50 -1

77 0 -1
77 1 -1
77 2 -1
77 3 -1
77 4 -1
77 5 -1
77 6 -1
77 7 -1
77 8 -1
77 9 -1
77 10 -1
77 11 -1
77 12 -1
77 13 -1
77 14 38.7849
77 15 40.6145
77 16 41.8924
77 17 43.0955
77 18 42.8415
77 19 44.861
77 20 46.1488
77 21 46.784
77 22 47.6063
77 23 47.5683
77 24 48.1881
77 25 48.7777
77 26 48.8828
77 27 49.1637
77 28 49.2708
77 29 49.4544
77 30 49.4455
77 31 49.3183
77 32 49.113
77 33 -1
77 34 -1
77 35 -1
77 36 -1
77 37 -1
77 38 -1
77 39 -1
77 40 -1
77 41 -1
77 42 -1
77 43 -1
77 44 -1
77 45 -1
77 46 -1
77 47 -1
77 48 -1
77 49 -1
77 50 -1

78 0 -1
78 1 -1
78 2 -1
78 3 -1
78 4 -1
78 5 -1
78 6 -1
78 7 -1
78 8 -1
78 9 -1
78 10 -1
78 11 -1
78 12 -1
78 13 -1
78 14 -1
78 15 40.5865
78 16 41.7568
78 17 41.1226
78 18 44.143
78 19 45.1501
78 20 46.3894
78 21 47.0401
78 22 48.051
78 23 48.7904
78 24 48.9958
78 25 48.9583
78 26 49.5496
78 27 49.8271
78 28 49.9402
78 29 50.0571
78 30 50.0768
78 31 50.0438
78 32 49.8525
78 33 49.4376
78 34 -1
78 35 -1
78 36 -1
78 37 -1
78 38 -1
78 39 -1
78 40 -1
78 41 -1
78 42 -1
78 43 -1
78 44 -1
78 45 -1
78 46 -1
78 47 -1
78 48 -1
78 49 -1
78 50 -1

79 0 -1
79 1 -1
79 2 -1
79 3 -1
79 4 -1
79 5 -1
79 6 -1
79 7 -1
79 8 -1
79 9 -1
79 10 -1
79 11 -1
79 12 -1
79 13 -1
79 14 -1
79 15 -1
79 16 43.0579
79 17 43.6037
79 18 45.5168
79 19 45.2884
79 20 45.9064
79 21 47.1708
79 22 47.8287
79 23 49.0696
79 24 49.109
79 25 49.4737
79 26 49.8646
79 27 50.4481
79 28 50.6824
79 29 50.6719
79 30 50.7739
79 31 50.6662
79 32 50.5895
79 33 50.2839
79 34 -1
79 35 -1
79 36 -1
79 37 -1
79 38 -1
79 39 -1
79 40 -1
79 41 -1
79 42 -1
79 43 -1
79 44 -1
79 45 -1
79 46 -1
79 47 -1
79 48 -1
79 49 -1
79 50 -1

80 0 -1
80 1 -1
80 2 -1
80 3 -1
80 4 -1
80 5 -1
80 6 -1
80 7 -1
80 8 -1
80 9 -1
80 10 -1
80 11 -1
80 12 -1
80 13 -1
80 14 -1
80 15 -1
80 16 -1
80 17 44.209
80 18 44.9252
80 19 46.9407
80 20 47.3313
80 21 46.5878
80 22 48.8279
80 23 49.251
80 24 49.6436
80 25 50.469
80 26 50.8947
80 27 50.9641
80 28 51.1205
80 29 51.3171
80 30 51.3505
80 31 51.3014
80 32 51.2245
80 33 51.0684
80 34 50.5362
80 35 -1
80 36 -1
80 37 -1
80 38 -1
80 39 -1
80 40 -1
80 41 -1
80 42 -1
80 43 -1
80 44 -1
80 45 -1
80 46 -1
80 47 -1
80 48 -1
80 49 -1
80 50 -1

81 0 -1
81 1 -1
81 2 -1
81 3 -1
81 4 -1
81 5 -1
81 6 -1
81 7 -1
81 8 -1
81 9 -1
81 10 -1
81 11 -1
81 12 -1
81 13 -1
81 14 -1
81 15 -1
81 16 -1
81 17 -1
81 18 45.3112
81 19 47.2072
81 20 48.4485
81 21 48.5223
81 22 49.6808
81 23 49.9156
81 24 50.1917
81 25 51.2025
81 26 51.1339
81 27 51.7046
81 28 51.9642
81 29 51.9351
81 30 51.8771
81 31 51.9275
81 32 51.9111
81 33 51.7732
81 34 51.4559
81 35 -1
81 36 -1
81 37 -1
81 38 -1
81 39 -1
81 40 -1
81 41 -1
81 42 -1
81 43 -1
81 44 -1
81 45 -1
81 46 -1
81 47 -1
81 48 -1
81 49 -1
81 50 -1

82 0 -1
82 1 -1
82 2 -1
82 3 -1
82 4 -1
82 5 -1
82 6 -1
82 7 -1
82 8 -1
82 9 -1
82 10 -1
82 11 -1
82 12 -1
82 13 -1
82 14 -1
82 15 -1
82 16 -1
82 17 -1
82 18 -1
82 19 45.9689
82 20 47.5668
82 21 49.0103
82 22 50.2267
82 23 50.2668
82 24 50.7962
82 25 51.4572
82 26 51.5746
82 27 52.2175
82 28 52.2224
82 29 52.479
82 30 52.6042
82 31 52.6578
82 32 52.5937
82 33 52.4028
82 34 52.2159
82 35 51.6348
82 36 -1
82 37 -1
82 38 -1
82 39 -1
82 40 -1
82 41 -1
82 42 -1
82 43 -1
82 44 -1
82 45 -1
82 46 -1
82 47 -1
82 48 -1
82 49 -1
82 50 -1

83 0 -1
83 1 -1
83 2 -1
83 3 -1
83 4 -1
83 5 -1
83 6 -1
83 7 -1
83 8 -1
83 9 -1
83 10 -1
83 11 -1
83 12 -1
83 13 -1
83 14 -1
83 15 -1
83 16 -1
83 17 -1
83 18 -1
83 19 -1
83 20 46.9445
83 21 49.4385
83 22 50.8345
83 23 50.1598
83 24 51.6021
83 25 52.1862
83 26 52.5466
83 27 52.9052
83 28 52.8178
83 29 53.0336
83 30 53.2112
83 31 53.1861
83 32 53.2666
83 33 53.1468
83 34 52.9489
83 35 52.6301
83 36 -1
83 37 -1
83 38 -1
83 39 -1
83 40 -1
83 41 -1
83 42 -1
83 43 -1
83 44 -1
83 45 -1
83 46 -1
83 47 -1
83 48 -1
83 49 -1
83 50 -1

84 0 -1
84 1 -1
84 2 -1
84 3 -1
84 4 -1
84 5 -1
84 6 -1
84 7 -1
84 8 -1
84 9 -1
84 10 -1
84 11 -1
84 12 -1
84 13 -1
84 14 -1
84 15 -1
84 16 -1
84 17 -1
84 18 -1
84 19 -1
84 20 -1
84 21 49.5296
84 22 50.5269
84 23 49.9153
84 24 52.0424
84 25 52.5788
84 26 53.1577
84 27 52.7111
84 28 53.5037
84 29 53.8103
84 30 53.8029
84 31 53.9936
84 32 53.9241
84 33 53.8526
84 34 53.6388
84 35 53.3977
84 36 52.7334
84 37 -1
84 38 -1
84 39 -1
84 40 -1
84 41 -1
84 42 -1
84 43 -1
84 44 -1
84 45 -1
84 46 -1
84 47 -1
84 48 -1
84 49 -1
84 50 -1

85 0 -1
85 1 -1
85 2 -1
85 3 -1
85 4 -1
85 5 -1
85 6 -1
85 7 -1
85 8 -1
85 9 -1
85 10 -1
85 11 -1
85 12 -1
85 13 -1
85 14 -1
85 15 -1
85 16 -1
85 17 -1
85 18 -1
85 19 -1
85 20 -1
85 21 -1
85 22 50.9215
85 23 51.6922
85 24 52.9353
85 25 52.708
85 26 52.1884
85 27 53.626
85 28 54.1941
85 29 54.2752
85 30 54.5302
85 31 54.5492
85 32 54.592
85 33 54.4532
85 34 54.3466
85 35 54.1241
85 36 53.7815
85 37 -1
85 38 -1
85 39 -1
85 40 -1
85 41 -1
85 42 -1
85 43 -1
85 44 -1
85 45 -1
85 46 -1
85 47 -1
85 48 -1
85 49 -1
85 50 -1

86 0 -1
86 1 -1
86 2 -1
86 3 -1
86 4 -1
86 5 -1
86 6 -1
86 7 -1
86 8 -1
86 9 -1
86 10 -1
86 11 -1
86 12 -1
86 13 -1
86 14 -1
86 15 -1
86 16 -1
86 17 -1
86 18 -1
86 19 -1
86 20 -1
86 21 -1
86 22 -1
86 23 53.2436
86 24 53.0272
86 25 53.685
86 26 54.1469
86 27 54.3052
86 28 55.0446
86 29 54.8459
86 30 54.9492
86 31 55.2522
86 32 55.0192
86 33 55.1877
86 34 55.0684
86 35 54.8477
86 36 54.5537
86 37 -1
86 38 -1
86 39 -1
86 40 -1
86 41 -1
86 42 -1
86 43 -1
86 44 -1
86 45 -1
86 46 -1
86 47 -1
86 48 -1
86 49 -1
86 50 -1

87 0 -1
87 1 -1
87 2 -1
87 3 -1
87 4 -1
87 5 -1
87 6 -1
87 7 -1
87 8 -1
87 9 -1
87 10 -1
87 11 -1
87 12 -1
87 13 -1
87 14 -1
87 15 -1
87 16 -1
87 17 -1
87 18 -1
87 19 -1
87 20 -1
87 21 -1
87 22 -1
87 23 -1
87 24 53.0622
87 25 54.4752
87 26 54.8931
87 27 55.2985
87 28 55.099
87 29 55.4456
87 30 55.1485
87 31 55.8667
87 32 55.8628
87 33 55.7987
87 34 55.7869
87 35 55.5415
87 36 55.3098
87 37 54.9306
87 38 -1
87 39 -1
87 40 -1
87 41 -1
87 42 -1
87 43 -1
87 44 -1
87 45 -1
87 46 -1
87 47 -1
87 48 -1
87 49 -1
87 50 -1

88 0 -1
88 1 -1
88 2 -1
88 3 -1
88 4 -1
88 5 -1
88 6 -1
88 7 -1
88 8 -1
88 9 -1
88 10 -1
88 11 -1
88 12 -1
88 13 -1
88 14 -1
88 15 -1
88 16 -1
88 17 -1
88 18 -1
88 19 -1
88 20 -1
88 21 -1
88 22 -1
88 23 -1
88 24 -1
88 25 55.7513
88 26 55.2898
88 27 56.2784
88 28 55.2476
88 29 56.4723
88 30 56.6234
88 31 56.7166
88 32 56.4741
88 33 56.4653
88 34 56.3739
88 35 56.2365
88 36 56.0551
88 37 55.7061
88 38 -1
88 39 -1
88 40 -1
88 41 -1
88 42 -1
88 43 -1
88 44 -1
88 45 -1
88 46 -1
88 47 -1
88 48 -1
88 49 -1
88 50 -1

89 0 -1
89 1 -1
89 2 -1
89 3 -1
89 4 -1
89 5 -1
89 6 -1
89 7 -1
89 8 -1
89 9 -1
89 10 -1
89 11 -1
89 12 -1
89 13 -1
89 14 -1
89 15 -1
89 16 -1
89 17 -1
89 18 -1
89 19 -1
89 20 -1
89 21 -1
89 22 -1
89 23 -1
89 24 -1
89 25 -1
89 26 55.4576
89 27 55.271
89 28 56.1917
89 29 57.3714
89 30 57.3003
89 31 57.2244
89 32 57.0105
89 33 57.383
89 34 57.1688
89 35 56.9566
89 36 56.787
89 37 56.4793
89 38 56.0292
89 39 -1
89 40 -1
89 41 -1
89 42 -1
89 43 -1
89 44 -1
89 45 -1
89 46 -1
89 47 -1
89 48 -1
89 49 -1
89 50 -1

90 0 -1
90 1 -1
90 2 -1
90 3 -1
90 4 -1
90 5 -1
90 6 -1
90 7 -1
90 8 -1
90 9 -1
90 10 -1
90 11 -1
90 12 -1
90 13 -1
90 14 -1
90 15 -1
90 16 -1
90 17 -1
90 18 -1
90 19 -1
90 20 -1
90 21 -1
90 22 -1
90 23 -1
90 24 -1
90 25 -1
90 26 -1
90 27 56.7535
90 28 57.9115
90 29 58.2127
90 30 57.9489
90 31 58.0088
90 32 57.8333
90 33 57.9354
90 34 57.866
90 35 57.5736
90 36 57.5513
90 37 57.247
90 38 56.8558
90 39 -1
90 40 -1
90 41 -1
90 42 -1
90 43 -1
90 44 -1
90 45 -1
90 46 -1
90 47 -1
90 48 -1
90 49 -1
90 50 -1

91 0 -1
91 1 -1
91 2 -1
91 3 -1
91 4 -1
91 5 -1
91 6 -1
91 7 -1
91 8 -1
91 9 -1
91 10 -1
91 11 -1
91 12 -1
91 13 -1
91 14 -1
91 15 -1
91 16 -1
91 17 -1
91 18 -1
91 19 -1
91 20 -1
91 21 -1
91 22 -1
91 23 -1
91 24 -1
91 25 -1
91 26 -1
91 27 -1
91 28 58.5128
91 29 58.271
91 30 58.2705
91 31 58.2311
91 32 58.6534
91 33 58.4067
91 34 58.5332
91 35 58.4142
91 36 58.2108
91 37 57.986
91 38 57.6339
91 39 57.1278
91 40 -1
91 41 -1
91 42 -1
91 43 -1
91 44 -1
91 45 -1
91 46 -1
91 47 -1
91 48 -1
91 49 -1
91 50 -1

92 0 -1
92 1 -1
92 2 -1
92 3 -1
92 4 -1
92 5 -1
92 6 -1
92 7 -1
92 8 -1
92 9 -1
92 10 -1
92 11 -1
92 12 -1
92 13 -1
92 14 -1
92 15 -1
92 16 -1
92 17 -1
92 18 -1
92 19 -1
92 20 -1
92 21 -1
92 22 -1
92 23 -1
92 24 -1
92 25 -1
92 26 -1
92 27 -1
92 28 -1
92 29 58.9141
92 30 59.371
92 31 59.442
92 32 58.7915
92 33 59.2695
92 34 59.2195
92 35 59.2364
92 36 58.9098
92 37 58.7619
92 38 58.414
92 39 58.0054
92 40 -1
92 41 -1
92 42 -1
92 43 -1
92 44 -1
92 45 -1
92 46 -1
92 47 -1
92 48 -1
92 49 -1
92 50 -1

93 0 -1
93 1 -1
93 2 -1
93 3 -1
93 4 -1
93 5 -1
93 6 -1
93 7 -1
93 8 -1
93 9 -1
93 10 -1
93 11 -1
93 12 -1
93 13 -1
93 14 -1
93 15 -1
93 16 -1
93 17 -1
93 18 -1
93 19 -1
93 20 -1
93 21 -1
93 22 -1
93 23 -1
93 24 -1
93 25 -1
93 26 -1
93 27 -1
93 28 -1
93 29 -1
93 30 60.3424
93 31 59.6237
93 32 59.8149
93 33 59.7845
93 34 60.0614
93 35 59.6262
93 36 59.7777
93 37 59.4175
93 38 59.1951
93 39 58.8185
93 40 58.2265
93 41 -1
93 42 -1
93 43 -1
93 44 -1
93 45 -1
93 46 -1
93 47 -1
93 48 -1
93 49 -1
93 50 -1

94 0 -1
94 1 -1
94 2 -1
94 3 -1
94 4 -1
94 5 -1
94 6 -1
94 7 -1
94 8 -1
94 9 -1
94 10 -1
94 11 -1
94 12 -1
94 13 -1
94 14 -1
94 15 -1
94 16 -1
94 17 -1
94 18 -1
94 19 -1
94 20 -1
94 21 -1
94 22 -1
94 23 -1
94 24 -1
94 25 -1
94 26 -1
94 27 -1
94 28 -1
94 29 -1
94 30 -1
94 31 61.0343
94 32 61.1112
94 33 60.9512
94 34 60.7471
94 35 60.6396
94 36 60.3339
94 37 60.2381
94 38 59.9503
94 39 59.5852
94 40 59.1632
94 41 -1
94 42 -1
94 43 -1
94 44 -1
94 45 -1
94 46 -1
94 47 -1
94 48 -1
94 49 -1
94 50 -1

95 0 -1
95 1 -1
95 2 -1
95 3 -1
95 4 -1
95 5 -1
95 6 -1
95 7 -1
95 8 -1
95 9 -1
95 10 -1
95 11 -1
95 12 -1
95 13 -1
95 14 -1
95 15 -1
95 16 -1
95 17 -1
95 18 -1
95 19 -1
95 20 -1
95 21 -1
95 22 -1
95 23 -1
95 24 -1
95 25 -1
95 26 -1
95 27 -1
95 28 -1
95 29 -1
95 30 -1
95 31 -1
95 32 61.1333
95 33 61.602
95 34 61.6235
95 35 61.2926
95 36 61.2704
95 37 61.0329
95 38 60.742
95 39 60.3885
95 40 59.9993
95 41 59.3251
95 42 -1
95 43 -1
95 44 -1
95 45 -1
95 46 -1
95 47 -1
95 48 -1
95 49 -1
95 50 -1

96 0 -1
96 1 -1
96 2 -1
96 3 -1
96 4 -1
96 5 -1
96 6 -1
96 7 -1
96 8 -1
96 9 -1
96 10 -1
96 11 -1
96 12 -1
96 13 -1
96 14 -1
96 15 -1
96 16 -1
96 17 -1
96 18 -1
96 19 -1
96 20 -1
96 21 -1
96 22 -1
96 23 -1
96 24 -1
96 25 -1
96 26 -1
96 27 -1
96 28 -1
96 29 -1
96 30 -1
96 31 -1
96 32 -1
96 33 61.5525
96 34 62.4791
96 35 61.9721
96 36 61.963
96 37 61.6492
96 38 61.5108
96 39 61.1343
96 40 60.7651
96 41 60.3285
96 42 -1
96 43 -1
96 44 -1
96 45 -1
96 46 -1
96 47 -1
96 48 -1
96 49 -1
96 50 -1

97 0 -1
97 1 -1
97 2 -1
97 3 -1
97 4 -1
97 5 -1
97 6 -1
97 7 -1
97 8 -1
97 9 -1
97 10 -1
97 11 -1
97 12 -1
97 13 -1
97 14 -1
97 15 -1
97 16 -1
97 17 -1
97 18 -1
97 19 -1
97 20 -1
97 21 -1
97 22 -1
97 23 -1
97 24 -1
97 25 -1
97 26 -1
97 27 -1
97 28 -1
97 29 -1
97 30 -1
97 31 -1
97 32 -1
97 33 -1
97 34 62.4762
97 35 62.8396
97 36 62.7749
97 37 62.3952
97 38 62.2781
97 39 61.8991
97 40 61.5744
97 41 61.1558
97 42 60.4237
97 43 -1
97 44 -1
97 45 -1
97 46 -1
97 47 -1
97 48 -1
97 49 -1
97 50 -1

98 0 -1
98 1 -1
98 2 -1
98 3 -1
98 4 -1
98 5 -1
98 6 -1
98 7 -1
98 8 -1
98 9 -1
98 10 -1
98 11 -1
98 12 -1
98 13 -1
98 14 -1
98 15 -1
98 16 -1
98 17 -1
98 18 -1
98 19 -1
98 20 -1
98 21 -1
98 22 -1
98 23 -1
98 24 -1
98 25 -1
98 26 -1
98 27 -1
98 28 -1
98 29 -1
98 30 -1
98 31 -1
98 32 -1
98 33 -1
98 34 -1
98 35 63.7821
98 36 63.4601
98 37 63.1601
98 38 62.9764
98 39 62.6726
98 40 62.3434
98 41 61.9577
98 42 61.4679
98 43 -1
98 44 -1
98 45 -1
98 46 -1
98 47 -1
98 48 -1
98 49 -1
98 50 -1

99 0 -1
99 1 -1
99 2 -1
99 3 -1
99 4 -1
99 5 -1
99 6 -1
99 7 -1
99 8 -1
99 9 -1
99 10 -1
99 11 -1
99 12 -1
99 13 -1
99 14 -1
99 15 -1
99 16 -1
99 17 -1
99 18 -1
99 19 -1
99 20 -1
99 21 -1
99 22 -1
99 23 -1
99 24 -1
99 25 -1
99 26 -1
99 27 -1
99 28 -1
99 29 -1
99 30 -1
99 31 -1
99 32 -1
99 33 -1
99 34 -1
99 35 -1
99 36 64.4906
99 37 64.0277
99 38 63.8025
99 39 63.4262
99 40 63.1835
99 41 62.7552
99 42 62.31
99 43 -1
99 44 -1
99 45 -1
99 46 -1
99 47 -1
99 48 -1
99 49 -1
99 50 -1

100 0 -1
100 1 -1
100 2 -1
100 3 -1
100 4 -1
100 5 -1
100 6 -1
100 7 -1
100 8 -1
100 9 -1
100 10 -1
100 11 -1
100 12 -1
100 13 -1
100 14 -1
100 15 -1
100 16 -1
100 17 -1
100 18 -1
100 19 -1
100 20 -1
100 21 -1
100 22 -1
100 23 -1
100 24 -1
100 25 -1
100 26 -1
100 27 -1
100 28 -1
100 29 -1
100 30 -1
100 31 -1
100 32 -1
100 33 -1
100 34 -1
100 35 -1
100 36 -1
100 37 65.1224
100 38 64.9309
100 39 64.2028
100 40 63.9758
100 41 63.5277
100 42 63.1096
100 43 62.6209
100 44 -1
100 45 -1
100 46 -1
100 47 -1
100 48 -1
100 49 -1
100 50 -1

101 0 -1
101 1 -1
101 2 -1
101 3 -1
101 4 -1
101 5 -1
101 6 -1
101 7 -1
101 8 -1
101 9 -1
101 10 -1
101 11 -1
101 12 -1
101 13 -1
101 14 -1
101 15 -1
101 16 -1
101 17 -1
101 18 -1
101 19 -1
101 20 -1
101 21 -1
101 22 -1
101 23 -1
101 24 -1
101 25 -1
101 26 -1
101 27 -1
101 28 -1
101 29 -1
101 30 -1
101 31 -1
101 32 -1
101 33 -1
101 34 -1
101 35 -1
101 36 -1
101 37 -1
101 38 65.57
101 39 65.1112
101 40 64.7996
101 41 64.3466
101 42 63.8936
101 43 63.429
101 44 -1
101 45 -1
101 46 -1
101 47 -1
101 48 -1
101 49 -1
101 50 -1

102 0 -1
102 1 -1
102 2 -1
102 3 -1
102 4 -1
102 5 -1
102 6 -1
102 7 -1
102 8 -1
102 9 -1
102 10 -1
102 11 -1
102 12 -1
102 13 -1
102 14 -1
102 15 -1
102 16 -1
102 17 -1
102 18 -1
102 19 -1
102 20 -1
102 21 -1
102 22 -1
102 23 -1
102 24 -1
102 25 -1
102 26 -1
102 27 -1
102 28 -1
102 29 -1
102 30 -1
102 31 -1
102 32 -1
102 33 -1
102 34 -1
102 35 -1
102 36 -1
102 37 -1
102 38 -1
102 39 66.0697
102 40 65.7092
102 41 65.2511
102 42 64.7952
102 43 64.2634
102 44 63.7195
102 45 -1
102 46 -1
102 47 -1
102 48 -1
102 49 -1
102 50 -1

103 0 -1
103 1 -1
103 2 -1
103 3 -1
103 4 -1
103 5 -1
103 6 -1
103 7 -1
103 8 -1
103 9 -1
103 10 -1
103 11 -1
103 12 -1
103 13 -1
103 14 -1
103 15 -1
103 16 -1
103 17 -1
103 18 -1
103 19 -1
103 20 -1
103 21 -1
103 22 -1
103 23 -1
103 24 -1
103 25 -1
103 26 -1
103 27 -1
103 28 -1
103 29 -1
103 30 -1
103 31 -1
103 32 -1
103 33 -1
103 34 -1
103 35 -1
103 36 -1
103 37 -1
103 38 -1
103 39 -1
103 40 66.5072
103 41 66.0547
103 42 65.601
103 43 65.0829
103 44 64.5514
103 45 -1
103 46 -1
103 47 -1
103 48 -1
103 49 -1
103 50 -1

104 0 -1
104 1 -1
104 2 -1
104 3 -1
104 4 -1
104 5 -1
104 6 -1
104 7 -1
104 8 -1
104 9 -1
104 10 -1
104 11 -1
104 12 -1
104 13 -1
104 14 -1
104 15 -1
104 16 -1
104 17 -1
104 18 -1
104 19 -1
104 20 -1
104 21 -1
104 22 -1
104 23 -1
104 24 -1
104 25 -1
104 26 -1
104 27 -1
104 28 -1
104 29 -1
104 30 -1
104 31 -1
104 32 -1
104 33 -1
104 34 -1
104 35 -1
104 36 -1
104 37 -1
104 38 -1
104 39 -1
104 40 -1
104 41 67.0578
104 42 66.4833
104 43 65.9608
104 44 65.4122
104 45 64.8181
104 46 -1
104 47 -1
104 48 -1
104 49 -1
104 50 -1

105 0 -1
105 1 -1
105 2 -1
105 3 -1
105 4 -1
105 5 -1
105 6 -1
105 7 -1
105 8 -1
105 9 -1
105 10 -1
105 11 -1
105 12 -1
105 13 -1
105 14 -1
105 15 -1
105 16 -1
105 17 -1
105 18 -1
105 19 -1
105 20 -1
105 21 -1
105 22 -1
105 23 -1
105 24 -1
105 25 -1
105 26 -1
105 27 -1
105 28 -1
105 29 -1
105 30 -1
105 31 -1
105 32 -1
105 33 -1
105 34 -1
105 35 -1
105 36 -1
105 37 -1
105 38 -1
105 39 -1
105 40 -1
105 41 -1
105 42 67.4375
105 43 66.895
105 44 66.2766
105 45 65.6798
105 46 -1
105 47 -1
105 48 -1
105 49 -1
105 50 -1

106 0 -1
106 1 -1
106 2 -1
106 3 -1
106 4 -1
106 5 -1
106 6 -1
106 7 -1
106 8 -1
106 9 -1
106 10 -1
106 11 -1
106 12 -1
106 13 -1
106 14 -1
106 15 -1
106 16 -1
106 17 -1
106 18 -1
106 19 -1
106 20 -1
106 21 -1
106 22 -1
106 23 -1
106 24 -1
106 25 -1
106 26 -1
106 27 -1
106 28 -1
106 29 -1
106 30 -1
106 31 -1
106 32 -1
106 33 -1
106 34 -1
106 35 -1
106 36 -1
106 37 -1
106 38 -1
106 39 -1
106 40 -1
106 41 -1
106 42 -1
106 43 67.8359
106 44 67.1136
106 45 66.5578
106 46 65.9167
106 47 -1
106 48 -1
106 49 -1
106 50 -1

107 0 -1
107 1 -1
107 2 -1
107 3 -1
107 4 -1
107 5 -1
107 6 -1
107 7 -1
107 8 -1
107 9 -1
107 10 -1
107 11 -1
107 12 -1
107 13 -1
107 14 -1
107 15 -1
107 16 -1
107 17 -1
107 18 -1
107 19 -1
107 20 -1
107 21 -1
107 22 -1
107 23 -1
107 24 -1
107 25 -1
107 26 -1
107 27 -1
107 28 -1
107 29 -1
107 30 -1
107 31 -1
107 32 -1
107 33 -1
107 34 -1
107 35 -1
107 36 -1
107 37 -1
107 38 -1
107 39 -1
107 40 -1
107 41 -1
107 42 -1
107 43 -1
107 44 68.1836
107 45 67.473
107 46 66.8245
107 47 -1
107 48 -1
107 49 -1
107 50 -1

108 0 -1
108 1 -1
108 2 -1
108 3 -1
108 4 -1
108 5 -1
108 6 -1
108 7 -1
108 8 -1
108 9 -1
108 10 -1
108 11 -1
108 12 -1
108 13 -1
108 14 -1
108 15 -1
108 16 -1
108 17 -1
108 18 -1
108 19 -1
108 20 -1
108 21 -1
108 22 -1
108 23 -1
108 24 -1
108 25 -1
108 26 -1
108 27 -1
108 28 -1
108 29 -1
108 30 -1
108 31 -1
108 32 -1
108 33 -1
108 34 -1
108 35 -1
108 36 -1
108 37 -1
108 38 -1
108 39 -1
108 40 -1
108 41 -1
108 42 -1
108 43 -1
108 44 -1
108 45 68.4641
108 46 67.7051
108 47 67.0153
108 48 -1
108 49 -1
108 50 -1

109 0 -1
109 1 -1
109 2 -1
109 3 -1
109 4 -1
109 5 -1
109 6 -1
109 7 -1
109 8 -1
109 9 -1
109 10 -1
109 11 -1
109 12 -1
109 13 -1
109 14 -1
109 15 -1
109 16 -1
109 17 -1
109 18 -1
109 19 -1
109 20 -1
109 21 -1
109 22 -1
109 23 -1
109 24 -1
109 25 -1
109 26 -1
109 27 -1
109 28 -1
109 29 -1
109 30 -1
109 31 -1
109 32 -1
109 33 -1
109 34 -1
109 35 -1
109 36 -1
109 37 -1
109 38 -1
109 39 -1
109 40 -1
109 41 -1
109 42 -1
109 43 -1
109 44 -1
109 45 -1
109 46 68.7156
109 47 67.9344
109 48 -1
109 49 -1
109 50 -1

110 0 -1
110 1 -1
110 2 -1
110 3 -1
110 4 -1
110 5 -1
110 6 -1
110 7 -1
110 8 -1
110 9 -1
110 10 -1
110 11 -1
110 12 -1
110 13 -1
110 14 -1
110 15 -1
110 16 -1
110 17 -1
110 18 -1
110 19 -1
110 20 -1
110 21 -1
110 22 -1
110 23 -1
110 24 -1
110 25 -1
110 26 -1
110 27 -1
110 28 -1
110 29 -1
110 30 -1
110 31 -1
110 32 -1
110 33 -1
110 34 -1
110 35 -1
110 36 -1
110 37 -1
110 38 -1
110 39 -1
110 40 -1
110 41 -1
110 42 -1
110 43 -1
110 44 -1
110 45 -1
110 46 -1
110 47 68.9191
110 48 68.114
110 49 -1
110 50 -1

111 0 -1
111 1 -1
111 2 -1
111 3 -1
111 4 -1
111 5 -1
111 6 -1
111 7 -1
111 8 -1
111 9 -1
111 10 -1
111 11 -1
111 12 -1
111 13 -1
111 14 -1
111 15 -1
111 16 -1
111 17 -1
111 18 -1
111 19 -1
111 20 -1
111 21 -1
111 22 -1
111 23 -1
111 24 -1
111 25 -1
111 26 -1
111 27 -1
111 28 -1
111 29 -1
111 30 -1
111 31 -1
111 32 -1
111 33 -1
111 34 -1
111 35 -1
111 36 -1
111 37 -1
111 38 -1
111 39 -1
111 40 -1
111 41 -1
111 42 -1
111 43 -1
111 44 -1
111 45 -1
111 46 -1
111 47 -1
111 48 69.0746
111 49 -1
111 50 -1

112 0 -1
112 1 -1
112 2 -1
112 3 -1
112 4 -1
112 5 -1
112 6 -1
112 7 -1
112 8 -1
112 9 -1
112 10 -1
112 11 -1
112 12 -1
112 13 -1
112 14 -1
112 15 -1
112 16 -1
112 17 -1
112 18 -1
112 19 -1
112 20 -1
112 21 -1
112 22 -1
112 23 -1
112 24 -1
112 25 -1
112 26 -1
112 27 -1
112 28 -1
112 29 -1
112 30 -1
112 31 -1
112 32 -1
112 33 -1
112 34 -1
112 35 -1
112 36 -1
112 37 -1
112 38 -1
112 39 -1
112 40 -1
112 41 -1
112 42 -1
112 43 -1
112 44 -1
112 45 -1
112 46 -1
112 47 -1
112 48 -1
112 49 69.2126
112 50 -1

