# f = 6.10352e-05

0 0 -1
0 1 -1
0 2 -1
0 3 -1
0 4 -1
0 5 -1
0 6 -1
0 7 -1
0 8 -1
0 9 -1
0 10 -1
0 11 -1
0 12 -1
0 13 -1
0 14 -1
0 15 -1
0 16 -1
0 17 -1
0 18 -1
0 19 -1
0 20 -1
0 21 -1
0 22 -1
0 23 -1
0 24 -1
0 25 -1
0 26 -1
0 27 -1
0 28 -1
0 29 -1
0 30 -1
0 31 -1
0 32 -1
0 33 -1
0 34 -1
0 35 -1
0 36 -1
0 37 -1
0 38 -1
0 39 -1
0 40 -1
0 41 -1
0 42 -1
0 43 -1
0 44 -1
0 45 -1
0 46 -1
0 47 -1
0 48 -1
0 49 -1
0 50 -1

1 0 4.76678
1 1 -1
1 2 -1
1 3 -1
1 4 -1
1 5 -1
1 6 -1
1 7 -1
1 8 -1
1 9 -1
1 10 -1
1 11 -1
1 12 -1
1 13 -1
1 14 -1
1 15 -1
1 16 -1
1 17 -1
1 18 -1
1 19 -1
1 20 -1
1 21 -1
1 22 -1
1 23 -1
1 24 -1
1 25 -1
1 26 -1
1 27 -1
1 28 -1
1 29 -1
1 30 -1
1 31 -1
1 32 -1
1 33 -1
1 34 -1
1 35 -1
1 36 -1
1 37 -1
1 38 -1
1 39 -1
1 40 -1
1 41 -1
1 42 -1
1 43 -1
1 44 -1
1 45 -1
1 46 -1
1 47 -1
1 48 -1
1 49 -1
1 50 -1

2 0 5.70691
2 1 -1
2 2 -1
2 3 -1
2 4 -1
2 5 -1
2 6 -1
2 7 -1
2 8 -1
2 9 -1
2 10 -1
2 11 -1
2 12 -1
2 13 -1
2 14 -1
2 15 -1
2 16 -1
2 17 -1
2 18 -1
2 19 -1
2 20 -1
2 21 -1
2 22 -1
2 23 -1
2 24 -1
2 25 -1
2 26 -1
2 27 -1
2 28 -1
2 29 -1
2 30 -1
2 31 -1
2 32 -1
2 33 -1
2 34 -1
2 35 -1
2 36 -1
2 37 -1
2 38 -1
2 39 -1
2 40 -1
2 41 -1
2 42 -1
2 43 -1
2 44 -1
2 45 -1
2 46 -1
2 47 -1
2 48 -1
2 49 -1
2 50 -1

3 0 6.87915
3 1 -1
3 2 -1
3 3 -1
3 4 -1
3 5 -1
3 6 -1
3 7 -1
3 8 -1
3 9 -1
3 10 -1
3 11 -1
3 12 -1
3 13 -1
3 14 -1
3 15 -1
3 16 -1
3 17 -1
3 18 -1
3 19 -1
3 20 -1
3 21 -1
3 22 -1
3 23 -1
3 24 -1
3 25 -1
3 26 -1
3 27 -1
3 28 -1
3 29 -1
3 30 -1
3 31 -1
3 32 -1
3 33 -1
3 34 -1
3 35 -1
3 36 -1
3 37 -1
3 38 -1
3 39 -1
3 40 -1
3 41 -1
3 42 -1
3 43 -1
3 44 -1
3 45 -1
3 46 -1
3 47 -1
3 48 -1
3 49 -1
3 50 -1

4 0 8.13947
4 1 3.8974
4 2 -1
4 3 -1
4 4 -1
4 5 -1
4 6 -1
4 7 -1
4 8 -1
4 9 -1
4 10 -1
4 11 -1
4 12 -1
4 13 -1
4 14 -1
4 15 -1
4 16 -1
4 17 -1
4 18 -1
4 19 -1
4 20 -1
4 21 -1
4 22 -1
4 23 -1
4 24 -1
4 25 -1
4 26 -1
4 27 -1
4 28 -1
4 29 -1
4 30 -1
4 31 -1
4 32 -1
4 33 -1
4 34 -1
4 35 -1
4 36 -1
4 37 -1
4 38 -1
4 39 -1
4 40 -1
4 41 -1
4 42 -1
4 43 -1
4 44 -1
4 45 -1
4 46 -1
4 47 -1
4 48 -1
4 49 -1
4 50 -1

5 0 9.45062
5 1 5.83142
5 2 -1
5 3 -1
5 4 -1
5 5 -1
5 6 -1
5 7 -1
5 8 -1
5 9 -1
5 10 -1
5 11 -1
5 12 -1
5 13 -1
5 14 -1
5 15 -1
5 16 -1
5 17 -1
5 18 -1
5 19 -1
5 20 -1
5 21 -1
5 22 -1
5 23 -1
5 24 -1
5 25 -1
5 26 -1
5 27 -1
5 28 -1
5 29 -1
5 30 -1
5 31 -1
5 32 -1
5 33 -1
5 34 -1
5 35 -1
5 36 -1
5 37 -1
5 38 -1
5 39 -1
5 40 -1
5 41 -1
5 42 -1
5 43 -1
5 44 -1
5 45 -1
5 46 -1
5 47 -1
5 48 -1
5 49 -1
5 50 -1

6 0 10.7913
6 1 7.61902
6 2 -1
6 3 -1
6 4 -1
6 5 -1
6 6 -1
6 7 -1
6 8 -1
6 9 -1
6 10 -1
6 11 -1
6 12 -1
6 13 -1
6 14 -1
6 15 -1
6 16 -1
6 17 -1
6 18 -1
6 19 -1
6 20 -1
6 21 -1
6 22 -1
6 23 -1
6 24 -1
6 25 -1
6 26 -1
6 27 -1
6 28 -1
6 29 -1
6 30 -1
6 31 -1
6 32 -1
6 33 -1
6 34 -1
6 35 -1
6 36 -1
6 37 -1
6 38 -1
6 39 -1
6 40 -1
6 41 -1
6 42 -1
6 43 -1
6 44 -1
6 45 -1
6 46 -1
6 47 -1
6 48 -1
6 49 -1
6 50 -1

7 0 12.1588
7 1 9.30176
7 2 4.43988
7 3 -1
7 4 -1
7 5 -1
7 6 -1
7 7 -1
7 8 -1
7 9 -1
7 10 -1
7 11 -1
7 12 -1
7 13 -1
7 14 -1
7 15 -1
7 16 -1
7 17 -1
7 18 -1
7 19 -1
7 20 -1
7 21 -1
7 22 -1
7 23 -1
7 24 -1
7 25 -1
7 26 -1
7 27 -1
7 28 -1
7 29 -1
7 30 -1
7 31 -1
7 32 -1
7 33 -1
7 34 -1
7 35 -1
7 36 -1
7 37 -1
7 38 -1
7 39 -1
7 40 -1
7 41 -1
7 42 -1
7 43 -1
7 44 -1
7 45 -1
7 46 -1
7 47 -1
7 48 -1
7 49 -1
7 50 -1

8 0 13.5496
8 1 10.927
8 2 6.69312
8 3 -1
8 4 -1
8 5 -1
8 6 -1
8 7 -1
8 8 -1
8 9 -1
8 10 -1
8 11 -1
8 12 -1
8 13 -1
8 14 -1
8 15 -1
8 16 -1
8 17 -1
8 18 -1
8 19 -1
8 20 -1
8 21 -1
8 22 -1
8 23 -1
8 24 -1
8 25 -1
8 26 -1
8 27 -1
8 28 -1
8 29 -1
8 30 -1
8 31 -1
8 32 -1
8 33 -1
8 34 -1
8 35 -1
8 36 -1
8 37 -1
8 38 -1
8 39 -1
8 40 -1
8 41 -1
8 42 -1
8 43 -1
8 44 -1
8 45 -1
8 46 -1
8 47 -1
8 48 -1
8 49 -1
8 50 -1

9 0 14.9616
9 1 12.5163
9 2 8.70789
9 3 -1
9 4 -1
9 5 -1
9 6 -1
9 7 -1
9 8 -1
9 9 -1
9 10 -1
9 11 -1
9 12 -1
9 13 -1
9 14 -1
9 15 -1
9 16 -1
9 17 -1
9 18 -1
9 19 -1
9 20 -1
9 21 -1
9 22 -1
9 23 -1
9 24 -1
9 25 -1
9 26 -1
9 27 -1
9 28 -1
9 29 -1
9 30 -1
9 31 -1
9 32 -1
9 33 -1
9 34 -1
9 35 -1
9 36 -1
9 37 -1
9 38 -1
9 39 -1
9 40 -1
9 41 -1
9 42 -1
9 43 -1
9 44 -1
9 45 -1
9 46 -1
9 47 -1
9 48 -1
9 49 -1
9 50 -1

10 0 16.3629
10 1 14.0679
10 2 10.6045
10 3 5.39465
10 4 -1
10 5 -1
10 6 -1
10 7 -1
10 8 -1
10 9 -1
10 10 -1
10 11 -1
10 12 -1
10 13 -1
10 14 -1
10 15 -1
10 16 -1
10 17 -1
10 18 -1
10 19 -1
10 20 -1
10 21 -1
10 22 -1
10 23 -1
10 24 -1
10 25 -1
10 26 -1
10 27 -1
10 28 -1
10 29 -1
10 30 -1
10 31 -1
10 32 -1
10 33 -1
10 34 -1
10 35 -1
10 36 -1
10 37 -1
10 38 -1
10 39 -1
10 40 -1
10 41 -1
10 42 -1
10 43 -1
10 44 -1
10 45 -1
10 46 -1
10 47 -1
10 48 -1
10 49 -1
10 50 -1

11 0 17.763
11 1 15.6513
11 2 12.4131
11 3 7.86359
11 4 -1
11 5 -1
11 6 -1
11 7 -1
11 8 -1
11 9 -1
11 10 -1
11 11 -1
11 12 -1
11 13 -1
11 14 -1
11 15 -1
11 16 -1
11 17 -1
11 18 -1
11 19 -1
11 20 -1
11 21 -1
11 22 -1
11 23 -1
11 24 -1
11 25 -1
11 26 -1
11 27 -1
11 28 -1
11 29 -1
11 30 -1
11 31 -1
11 32 -1
11 33 -1
11 34 -1
11 35 -1
11 36 -1
11 37 -1
11 38 -1
11 39 -1
11 40 -1
11 41 -1
11 42 -1
11 43 -1
11 44 -1
11 45 -1
11 46 -1
11 47 -1
11 48 -1
11 49 -1
11 50 -1

12 0 19.1711
12 1 17.2005
12 2 14.1815
12 3 10.0921
12 4 3.52313
12 5 -1
12 6 -1
12 7 -1
12 8 -1
12 9 -1
12 10 -1
12 11 -1
12 12 -1
12 13 -1
12 14 -1
12 15 -1
12 16 -1
12 17 -1
12 18 -1
12 19 -1
12 20 -1
12 21 -1
12 22 -1
12 23 -1
12 24 -1
12 25 -1
12 26 -1
12 27 -1
12 28 -1
12 29 -1
12 30 -1
12 31 -1
12 32 -1
12 33 -1
12 34 -1
12 35 -1
12 36 -1
12 37 -1
12 38 -1
12 39 -1
12 40 -1
12 41 -1
12 42 -1
12 43 -1
12 44 -1
12 45 -1
12 46 -1
12 47 -1
12 48 -1
12 49 -1
12 50 -1

13 0 20.5746
13 1 18.7222
13 2 15.8935
13 3 12.1289
13 4 6.8576
13 5 -1
13 6 -1
13 7 -1
13 8 -1
13 9 -1
13 10 -1
13 11 -1
13 12 -1
13 13 -1
13 14 -1
13 15 -1
13 16 -1
13 17 -1
13 18 -1
13 19 -1
13 20 -1
13 21 -1
13 22 -1
13 23 -1
13 24 -1
13 25 -1
13 26 -1
13 27 -1
13 28 -1
13 29 -1
13 30 -1
13 31 -1
13 32 -1
13 33 -1
13 34 -1
13 35 -1
13 36 -1
13 37 -1
13 38 -1
13 39 -1
13 40 -1
13 41 -1
13 42 -1
13 43 -1
13 44 -1
13 45 -1
13 46 -1
13 47 -1
13 48 -1
13 49 -1
13 50 -1

14 0 21.9691
14 1 20.2493
14 2 17.5732
14 3 14.0616
14 4 9.3786
14 5 -1
14 6 -1
14 7 -1
14 8 -1
14 9 -1
14 10 -1
14 11 -1
14 12 -1
14 13 -1
14 14 -1
14 15 -1
14 16 -1
14 17 -1
14 18 -1
14 19 -1
14 20 -1
14 21 -1
14 22 -1
14 23 -1
14 24 -1
14 25 -1
14 26 -1
14 27 -1
14 28 -1
14 29 -1
14 30 -1
14 31 -1
14 32 -1
14 33 -1
14 34 -1
14 35 -1
14 36 -1
14 37 -1
14 38 -1
14 39 -1
14 40 -1
14 41 -1
14 42 -1
14 43 -1
14 44 -1
14 45 -1
14 46 -1
14 47 -1
14 48 -1
14 49 -1
14 50 -1

15 0 23.3748
15 1 21.7673
15 2 19.2216
15 3 15.8685
15 4 11.6254
15 5 5.5835
15 6 -1
15 7 -1
15 8 -1
15 9 -1
15 10 -1
15 11 -1
15 12 -1
15 13 -1
15 14 -1
15 15 -1
15 16 -1
15 17 -1
15 18 -1
15 19 -1
15 20 -1
15 21 -1
15 22 -1
15 23 -1
15 24 -1
15 25 -1
15 26 -1
15 27 -1
15 28 -1
15 29 -1
15 30 -1
15 31 -1
15 32 -1
15 33 -1
15 34 -1
15 35 -1
15 36 -1
15 37 -1
15 38 -1
15 39 -1
15 40 -1
15 41 -1
15 42 -1
15 43 -1
15 44 -1
15 45 -1
15 46 -1
15 47 -1
15 48 -1
15 49 -1
15 50 -1

16 0 24.7722
16 1 23.265
16 2 20.8344
16 3 17.6704
16 4 13.7115
16 5 8.47668
16 6 -1
16 7 -1
16 8 -1
16 9 -1
16 10 -1
16 11 -1
16 12 -1
16 13 -1
16 14 -1
16 15 -1
16 16 -1
16 17 -1
16 18 -1
16 19 -1
16 20 -1
16 21 -1
16 22 -1
16 23 -1
16 24 -1
16 25 -1
16 26 -1
16 27 -1
16 28 -1
16 29 -1
16 30 -1
16 31 -1
16 32 -1
16 33 -1
16 34 -1
16 35 -1
16 36 -1
16 37 -1
16 38 -1
16 39 -1
16 40 -1
16 41 -1
16 42 -1
16 43 -1
16 44 -1
16 45 -1
16 46 -1
16 47 -1
16 48 -1
16 49 -1
16 50 -1

17 0 26.1698
17 1 24.7448
17 2 22.4327
17 3 19.4387
17 4 15.6978
17 5 10.9838
17 6 3.96417
17 7 -1
17 8 -1
17 9 -1
17 10 -1
17 11 -1
17 12 -1
17 13 -1
17 14 -1
17 15 -1
17 16 -1
17 17 -1
17 18 -1
17 19 -1
17 20 -1
17 21 -1
17 22 -1
17 23 -1
17 24 -1
17 25 -1
17 26 -1
17 27 -1
17 28 -1
17 29 -1
17 30 -1
17 31 -1
17 32 -1
17 33 -1
17 34 -1
17 35 -1
17 36 -1
17 37 -1
17 38 -1
17 39 -1
17 40 -1
17 41 -1
17 42 -1
17 43 -1
17 44 -1
17 45 -1
17 46 -1
17 47 -1
17 48 -1
17 49 -1
17 50 -1

18 0 27.5496
18 1 26.2101
18 2 24.0042
18 3 21.1299
18 4 17.6014
18 5 13.2469
18 6 7.38666
18 7 -1
18 8 -1
18 9 -1
18 10 -1
18 11 -1
18 12 -1
18 13 -1
18 14 -1
18 15 -1
18 16 -1
18 17 -1
18 18 -1
18 19 -1
18 20 -1
18 21 -1
18 22 -1
18 23 -1
18 24 -1
18 25 -1
18 26 -1
18 27 -1
18 28 -1
18 29 -1
18 30 -1
18 31 -1
18 32 -1
18 33 -1
18 34 -1
18 35 -1
18 36 -1
18 37 -1
18 38 -1
18 39 -1
18 40 -1
18 41 -1
18 42 -1
18 43 -1
18 44 -1
18 45 -1
18 46 -1
18 47 -1
18 48 -1
18 49 -1
18 50 -1

19 0 28.9105
19 1 27.6623
19 2 25.5574
19 3 22.8168
19 4 19.455
19 5 15.3543
19 6 10.1893
19 7 -1
19 8 -1
19 9 -1
19 10 -1
19 11 -1
19 12 -1
19 13 -1
19 14 -1
19 15 -1
19 16 -1
19 17 -1
19 18 -1
19 19 -1
19 20 -1
19 21 -1
19 22 -1
19 23 -1
19 24 -1
19 25 -1
19 26 -1
19 27 -1
19 28 -1
19 29 -1
19 30 -1
19 31 -1
19 32 -1
19 33 -1
19 34 -1
19 35 -1
19 36 -1
19 37 -1
19 38 -1
19 39 -1
19 40 -1
19 41 -1
19 42 -1
19 43 -1
19 44 -1
19 45 -1
19 46 -1
19 47 -1
19 48 -1
19 49 -1
19 50 -1

20 0 30.277
20 1 29.1168
20 2 27.0839
20 3 24.46
20 4 21.2516
20 5 17.396
20 6 12.6967
20 7 6.21631
20 8 -1
20 9 -1
20 10 -1
20 11 -1
20 12 -1
20 13 -1
20 14 -1
20 15 -1
20 16 -1
20 17 -1
20 18 -1
20 19 -1
20 20 -1
20 21 -1
20 22 -1
20 23 -1
20 24 -1
20 25 -1
20 26 -1
20 27 -1
20 28 -1
20 29 -1
20 30 -1
20 31 -1
20 32 -1
20 33 -1
20 34 -1
20 35 -1
20 36 -1
20 37 -1
20 38 -1
20 39 -1
20 40 -1
20 41 -1
20 42 -1
20 43 -1
20 44 -1
20 45 -1
20 46 -1
20 47 -1
20 48 -1
20 49 -1
20 50 -1

21 0 31.6313
21 1 30.5479
21 2 28.6116
21 3 26.1002
21 4 23.0009
21 5 19.3554
21 6 14.9474
21 7 9.38464
21 8 -1
21 9 -1
21 10 -1
21 11 -1
21 12 -1
21 13 -1
21 14 -1
21 15 -1
21 16 -1
21 17 -1
21 18 -1
21 19 -1
21 20 -1
21 21 -1
21 22 -1
21 23 -1
21 24 -1
21 25 -1
21 26 -1
21 27 -1
21 28 -1
21 29 -1
21 30 -1
21 31 -1
21 32 -1
21 33 -1
21 34 -1
21 35 -1
21 36 -1
21 37 -1
21 38 -1
21 39 -1
21 40 -1
21 41 -1
21 42 -1
21 43 -1
21 44 -1
21 45 -1
21 46 -1
21 47 -1
21 48 -1
21 49 -1
21 50 -1

22 0 32.9603
22 1 31.9501
22 2 30.1072
22 3 27.6976
22 4 24.7432
22 5 21.2414
22 6 17.1414
22 7 12.0249
22 8 4.89941
22 9 -1
22 10 -1
22 11 -1
22 12 -1
22 13 -1
22 14 -1
22 15 -1
22 16 -1
22 17 -1
22 18 -1
22 19 -1
22 20 -1
22 21 -1
22 22 -1
22 23 -1
22 24 -1
22 25 -1
22 26 -1
22 27 -1
22 28 -1
22 29 -1
22 30 -1
22 31 -1
22 32 -1
22 33 -1
22 34 -1
22 35 -1
22 36 -1
22 37 -1
22 38 -1
22 39 -1
22 40 -1
22 41 -1
22 42 -1
22 43 -1
22 44 -1
22 45 -1
22 46 -1
22 47 -1
22 48 -1
22 49 -1
22 50 -1

23 0 34.2898
23 1 33.3544
23 2 31.57
23 3 29.2666
23 4 26.4069
23 5 23.0884
23 6 19.1771
23 7 14.5242
23 8 8.36584
23 9 -1
23 10 -1
23 11 -1
23 12 -1
23 13 -1
23 14 -1
23 15 -1
23 16 -1
23 17 -1
23 18 -1
23 19 -1
23 20 -1
23 21 -1
23 22 -1
23 23 -1
23 24 -1
23 25 -1
23 26 -1
23 27 -1
23 28 -1
23 29 -1
23 30 -1
23 31 -1
23 32 -1
23 33 -1
23 34 -1
23 35 -1
23 36 -1
23 37 -1
23 38 -1
23 39 -1
23 40 -1
23 41 -1
23 42 -1
23 43 -1
23 44 -1
23 45 -1
23 46 -1
23 47 -1
23 48 -1
23 49 -1
23 50 -1

24 0 35.601
24 1 34.7491
24 2 33.0383
24 3 30.8064
24 4 28.0763
24 5 24.8682
24 6 21.1507
24 7 16.7871
24 8 11.3836
24 9 2.98547
24 10 -1
24 11 -1
24 12 -1
24 13 -1
24 14 -1
24 15 -1
24 16 -1
24 17 -1
24 18 -1
24 19 -1
24 20 -1
24 21 -1
24 22 -1
24 23 -1
24 24 -1
24 25 -1
24 26 -1
24 27 -1
24 28 -1
24 29 -1
24 30 -1
24 31 -1
24 32 -1
24 33 -1
24 34 -1
24 35 -1
24 36 -1
24 37 -1
24 38 -1
24 39 -1
24 40 -1
24 41 -1
24 42 -1
24 43 -1
24 44 -1
24 45 -1
24 46 -1
24 47 -1
24 48 -1
24 49 -1
24 50 -1

25 0 36.9064
25 1 36.1107
25 2 34.4792
25 3 32.3229
25 4 29.7057
25 5 26.6039
25 6 23.0681
25 7 18.9308
25 8 13.9855
25 9 7.32794
25 10 -1
25 11 -1
25 12 -1
25 13 -1
25 14 -1
25 15 -1
25 16 -1
25 17 -1
25 18 -1
25 19 -1
25 20 -1
25 21 -1
25 22 -1
25 23 -1
25 24 -1
25 25 -1
25 26 -1
25 27 -1
25 28 -1
25 29 -1
25 30 -1
25 31 -1
25 32 -1
25 33 -1
25 34 -1
25 35 -1
25 36 -1
25 37 -1
25 38 -1
25 39 -1
25 40 -1
25 41 -1
25 42 -1
25 43 -1
25 44 -1
25 45 -1
25 46 -1
25 47 -1
25 48 -1
25 49 -1
25 50 -1

26 0 38.1907
26 1 37.4712
26 2 35.9142
26 3 33.8632
26 4 31.3071
26 5 28.346
26 6 24.9166
26 7 21.0046
26 8 16.4075
26 9 10.6426
26 10 -1
26 11 -1
26 12 -1
26 13 -1
26 14 -1
26 15 -1
26 16 -1
26 17 -1
26 18 -1
26 19 -1
26 20 -1
26 21 -1
26 22 -1
26 23 -1
26 24 -1
26 25 -1
26 26 -1
26 27 -1
26 28 -1
26 29 -1
26 30 -1
26 31 -1
26 32 -1
26 33 -1
26 34 -1
26 35 -1
26 36 -1
26 37 -1
26 38 -1
26 39 -1
26 40 -1
26 41 -1
26 42 -1
26 43 -1
26 44 -1
26 45 -1
26 46 -1
26 47 -1
26 48 -1
26 49 -1
26 50 -1

27 0 39.4575
27 1 38.8155
27 2 37.3394
27 3 35.357
27 4 32.9053
27 5 30.0555
27 6 26.7473
27 7 22.9998
27 8 18.6672
27 9 13.4403
27 10 6.40637
27 11 -1
27 12 -1
27 13 -1
27 14 -1
27 15 -1
27 16 -1
27 17 -1
27 18 -1
27 19 -1
27 20 -1
27 21 -1
27 22 -1
27 23 -1
27 24 -1
27 25 -1
27 26 -1
27 27 -1
27 28 -1
27 29 -1
27 30 -1
27 31 -1
27 32 -1
27 33 -1
27 34 -1
27 35 -1
27 36 -1
27 37 -1
27 38 -1
27 39 -1
27 40 -1
27 41 -1
27 42 -1
27 43 -1
27 44 -1
27 45 -1
27 46 -1
27 47 -1
27 48 -1
27 49 -1
27 50 -1

28 0 40.6991
28 1 40.1417
28 2 38.7474
28 3 36.8169
28 4 34.4636
28 5 31.7135
28 6 28.5512
28 7 24.9449
28 8 20.8224
28 9 15.9434
28 10 9.90192
28 11 -1
28 12 -1
28 13 -1
28 14 -1
28 15 -1
28 16 -1
28 17 -1
28 18 -1
28 19 -1
28 20 -1
28 21 -1
28 22 -1
28 23 -1
28 24 -1
28 25 -1
28 26 -1
28 27 -1
28 28 -1
28 29 -1
28 30 -1
28 31 -1
28 32 -1
28 33 -1
28 34 -1
28 35 -1
28 36 -1
28 37 -1
28 38 -1
28 39 -1
28 40 -1
28 41 -1
28 42 -1
28 43 -1
28 44 -1
28 45 -1
28 46 -1
28 47 -1
28 48 -1
28 49 -1
28 50 -1

29 0 41.9454
29 1 41.4377
29 2 40.1326
29 3 38.2587
29 4 35.9952
29 5 33.337
29 6 30.3127
29 7 26.8359
29 8 22.8721
29 9 18.3588
29 10 12.7762
29 11 5.16724
29 12 -1
29 13 -1
29 14 -1
29 15 -1
29 16 -1
29 17 -1
29 18 -1
29 19 -1
29 20 -1
29 21 -1
29 22 -1
29 23 -1
29 24 -1
29 25 -1
29 26 -1
29 27 -1
29 28 -1
29 29 -1
29 30 -1
29 31 -1
29 32 -1
29 33 -1
29 34 -1
29 35 -1
29 36 -1
29 37 -1
29 38 -1
29 39 -1
29 40 -1
29 41 -1
29 42 -1
29 43 -1
29 44 -1
29 45 -1
29 46 -1
29 47 -1
29 48 -1
29 49 -1
29 50 -1

30 0 43.1778
30 1 42.7213
30 2 41.4882
30 3 39.7085
30 4 37.4968
30 5 34.9652
30 6 31.9879
30 7 28.6868
30 8 24.8857
30 9 20.5545
30 10 15.4636
30 11 9.06421
30 12 -1
30 13 -1
30 14 -1
30 15 -1
30 16 -1
30 17 -1
30 18 -1
30 19 -1
30 20 -1
30 21 -1
30 22 -1
30 23 -1
30 24 -1
30 25 -1
30 26 -1
30 27 -1
30 28 -1
30 29 -1
30 30 -1
30 31 -1
30 32 -1
30 33 -1
30 34 -1
30 35 -1
30 36 -1
30 37 -1
30 38 -1
30 39 -1
30 40 -1
30 41 -1
30 42 -1
30 43 -1
30 44 -1
30 45 -1
30 46 -1
30 47 -1
30 48 -1
30 49 -1
30 50 -1

31 0 44.3926
31 1 43.9951
31 2 42.8161
31 3 41.1328
31 4 38.9849
31 5 36.5375
31 6 33.6954
31 7 30.4498
31 8 26.8692
31 9 22.6659
31 10 17.918
31 11 12.1536
31 12 3.62732
31 13 -1
31 14 -1
31 15 -1
31 16 -1
31 17 -1
31 18 -1
31 19 -1
31 20 -1
31 21 -1
31 22 -1
31 23 -1
31 24 -1
31 25 -1
31 26 -1
31 27 -1
31 28 -1
31 29 -1
31 30 -1
31 31 -1
31 32 -1
31 33 -1
31 34 -1
31 35 -1
31 36 -1
31 37 -1
31 38 -1
31 39 -1
31 40 -1
31 41 -1
31 42 -1
31 43 -1
31 44 -1
31 45 -1
31 46 -1
31 47 -1
31 48 -1
31 49 -1
31 50 -1

32 0 45.5894
32 1 45.2521
32 2 44.1455
32 3 42.5103
32 4 40.4665
32 5 38.0543
32 6 35.309
32 7 32.2059
32 8 28.7426
32 9 24.7847
32 10 20.2237
32 11 14.9113
32 12 7.85248
32 13 -1
32 14 -1
32 15 -1
32 16 -1
32 17 -1
32 18 -1
32 19 -1
32 20 -1
32 21 -1
32 22 -1
32 23 -1
32 24 -1
32 25 -1
32 26 -1
32 27 -1
32 28 -1
32 29 -1
32 30 -1
32 31 -1
32 32 -1
32 33 -1
32 34 -1
32 35 -1
32 36 -1
32 37 -1
32 38 -1
32 39 -1
32 40 -1
32 41 -1
32 42 -1
32 43 -1
32 44 -1
32 45 -1
32 46 -1
32 47 -1
32 48 -1
32 49 -1
32 50 -1

33 0 46.7589
33 1 46.4938
33 2 45.44
33 3 43.895
33 4 41.9122
33 5 39.5882
33 6 36.916
33 7 33.8997
33 8 30.5542
33 9 26.8041
33 10 22.498
33 11 17.4601
33 12 11.3551
33 13 -1
33 14 -1
33 15 -1
33 16 -1
33 17 -1
33 18 -1
33 19 -1
33 20 -1
33 21 -1
33 22 -1
33 23 -1
33 24 -1
33 25 -1
33 26 -1
33 27 -1
33 28 -1
33 29 -1
33 30 -1
33 31 -1
33 32 -1
33 33 -1
33 34 -1
33 35 -1
33 36 -1
33 37 -1
33 38 -1
33 39 -1
33 40 -1
33 41 -1
33 42 -1
33 43 -1
33 44 -1
33 45 -1
33 46 -1
33 47 -1
33 48 -1
33 49 -1
33 50 -1

34 0 47.9109
34 1 47.7134
34 2 46.7229
34 3 45.2349
34 4 43.3309
34 5 41.0807
34 6 38.4927
34 7 35.5853
34 8 32.3334
34 9 28.7429
34 10 24.6527
34 11 19.9366
34 12 14.3522
34 13 7.08075
34 14 -1
34 15 -1
34 16 -1
34 17 -1
34 18 -1
34 19 -1
34 20 -1
34 21 -1
34 22 -1
34 23 -1
34 24 -1
34 25 -1
34 26 -1
34 27 -1
34 28 -1
34 29 -1
34 30 -1
34 31 -1
34 32 -1
34 33 -1
34 34 -1
34 35 -1
34 36 -1
34 37 -1
34 38 -1
34 39 -1
34 40 -1
34 41 -1
34 42 -1
34 43 -1
34 44 -1
34 45 -1
34 46 -1
34 47 -1
34 48 -1
34 49 -1
34 50 -1

35 0 49.0444
35 1 48.9127
35 2 47.9824
35 3 46.5436
35 4 44.715
35 5 42.5527
35 6 40.0497
35 7 37.218
35 8 34.0933
35 9 30.5822
35 10 26.7234
35 11 22.2338
35 12 17.0566
35 13 10.6798
35 14 -1
35 15 -1
35 16 -1
35 17 -1
35 18 -1
35 19 -1
35 20 -1
35 21 -1
35 22 -1
35 23 -1
35 24 -1
35 25 -1
35 26 -1
35 27 -1
35 28 -1
35 29 -1
35 30 -1
35 31 -1
35 32 -1
35 33 -1
35 34 -1
35 35 -1
35 36 -1
35 37 -1
35 38 -1
35 39 -1
35 40 -1
35 41 -1
35 42 -1
35 43 -1
35 44 -1
35 45 -1
35 46 -1
35 47 -1
35 48 -1
35 49 -1
35 50 -1

36 0 50.1448
36 1 50.0834
36 2 49.2293
36 3 47.8558
36 4 46.0703
36 5 43.9857
36 6 41.5851
36 7 38.8384
36 8 35.7863
36 9 32.4138
36 10 28.6575
36 11 24.4522
36 12 19.5681
36 13 13.7759
36 14 5.92053
36 15 -1
36 16 -1
36 17 -1
36 18 -1
36 19 -1
36 20 -1
36 21 -1
36 22 -1
36 23 -1
36 24 -1
36 25 -1
36 26 -1
36 27 -1
36 28 -1
36 29 -1
36 30 -1
36 31 -1
36 32 -1
36 33 -1
36 34 -1
36 35 -1
36 36 -1
36 37 -1
36 38 -1
36 39 -1
36 40 -1
36 41 -1
36 42 -1
36 43 -1
36 44 -1
36 45 -1
36 46 -1
36 47 -1
36 48 -1
36 49 -1
36 50 -1

37 0 51.2224
37 1 51.2204
37 2 50.4387
37 3 49.1421
37 4 47.4446
37 5 45.3936
37 6 43.0709
37 7 40.4285
37 8 37.4892
37 9 34.186
37 10 30.5861
37 11 26.5684
37 12 21.941
37 13 16.5856
37 14 9.91241
37 15 -1
37 16 -1
37 17 -1
37 18 -1
37 19 -1
37 20 -1
37 21 -1
37 22 -1
37 23 -1
37 24 -1
37 25 -1
37 26 -1
37 27 -1
37 28 -1
37 29 -1
37 30 -1
37 31 -1
37 32 -1
37 33 -1
37 34 -1
37 35 -1
37 36 -1
37 37 -1
37 38 -1
37 39 -1
37 40 -1
37 41 -1
37 42 -1
37 43 -1
37 44 -1
37 45 -1
37 46 -1
37 47 -1
37 48 -1
37 49 -1
37 50 -1

38 0 52.284
38 1 52.3378
38 2 51.623
38 3 50.3994
38 4 48.7576
38 5 46.7842
38 6 44.5403
38 7 41.9749
38 8 39.1342
38 9 35.9454
38 10 32.4673
38 11 28.5923
38 12 24.2421
38 13 19.1584
38 14 13.1415
38 15 4.53406
38 16 -1
38 17 -1
38 18 -1
38 19 -1
38 20 -1
38 21 -1
38 22 -1
38 23 -1
38 24 -1
38 25 -1
38 26 -1
38 27 -1
38 28 -1
38 29 -1
38 30 -1
38 31 -1
38 32 -1
38 33 -1
38 34 -1
38 35 -1
38 36 -1
38 37 -1
38 38 -1
38 39 -1
38 40 -1
38 41 -1
38 42 -1
38 43 -1
38 44 -1
38 45 -1
38 46 -1
38 47 -1
38 48 -1
38 49 -1
38 50 -1

39 0 53.3271
39 1 53.4426
39 2 52.7723
39 3 51.6192
39 4 50.0657
39 5 48.1584
39 6 45.956
39 7 43.525
39 8 40.7296
39 9 37.6735
39 10 34.2825
39 11 30.556
39 12 26.355
39 13 21.6354
39 14 16.0306
39 15 8.84399
39 16 -1
39 17 -1
39 18 -1
39 19 -1
39 20 -1
39 21 -1
39 22 -1
39 23 -1
39 24 -1
39 25 -1
39 26 -1
39 27 -1
39 28 -1
39 29 -1
39 30 -1
39 31 -1
39 32 -1
39 33 -1
39 34 -1
39 35 -1
39 36 -1
39 37 -1
39 38 -1
39 39 -1
39 40 -1
39 41 -1
39 42 -1
39 43 -1
39 44 -1
39 45 -1
39 46 -1
39 47 -1
39 48 -1
39 49 -1
39 50 -1

40 0 54.3339
40 1 54.5143
40 2 53.9159
40 3 52.8135
40 4 51.3213
40 5 49.5154
40 6 47.3816
40 7 44.9853
40 8 42.2977
40 9 39.3275
40 10 36.0575
40 11 32.4703
40 12 28.4437
40 13 23.9183
40 14 18.7265
40 15 12.3298
40 16 2.29169
40 17 -1
40 18 -1
40 19 -1
40 20 -1
40 21 -1
40 22 -1
40 23 -1
40 24 -1
40 25 -1
40 26 -1
40 27 -1
40 28 -1
40 29 -1
40 30 -1
40 31 -1
40 32 -1
40 33 -1
40 34 -1
40 35 -1
40 36 -1
40 37 -1
40 38 -1
40 39 -1
40 40 -1
40 41 -1
40 42 -1
40 43 -1
40 44 -1
40 45 -1
40 46 -1
40 47 -1
40 48 -1
40 49 -1
40 50 -1

41 0 55.2966
41 1 55.5667
41 2 55.0359
41 3 53.9915
41 4 52.5704
41 5 50.8045
41 6 48.765
41 7 46.4564
41 8 43.8391
41 9 40.9598
41 10 37.7995
41 11 34.3285
41 12 30.4252
41 13 26.1276
41 14 21.2644
41 15 15.4271
41 16 7.81891
41 17 -1
41 18 -1
41 19 -1
41 20 -1
41 21 -1
41 22 -1
41 23 -1
41 24 -1
41 25 -1
41 26 -1
41 27 -1
41 28 -1
41 29 -1
41 30 -1
41 31 -1
41 32 -1
41 33 -1
41 34 -1
41 35 -1
41 36 -1
41 37 -1
41 38 -1
41 39 -1
41 40 -1
41 41 -1
41 42 -1
41 43 -1
41 44 -1
41 45 -1
41 46 -1
41 47 -1
41 48 -1
41 49 -1
41 50 -1

42 0 56.2363
42 1 56.5664
42 2 56.1135
42 3 55.1426
42 4 53.7714
42 5 52.1075
42 6 50.1088
42 7 47.8688
42 8 45.3512
42 9 42.543
42 10 39.4958
42 11 36.1237
42 12 32.3954
42 13 28.2263
42 14 23.5984
42 15 18.2258
42 16 11.535
42 17 -1
42 18 -1
42 19 -1
42 20 -1
42 21 -1
42 22 -1
42 23 -1
42 24 -1
42 25 -1
42 26 -1
42 27 -1
42 28 -1
42 29 -1
42 30 -1
42 31 -1
42 32 -1
42 33 -1
42 34 -1
42 35 -1
42 36 -1
42 37 -1
42 38 -1
42 39 -1
42 40 -1
42 41 -1
42 42 -1
42 43 -1
42 44 -1
42 45 -1
42 46 -1
42 47 -1
42 48 -1
42 49 -1
42 50 -1

43 0 57.1512
43 1 57.5451
43 2 57.1562
43 3 56.2621
43 4 54.9703
43 5 53.3698
43 6 51.4434
43 7 49.2897
43 8 46.8353
43 9 44.1184
43 10 41.1524
43 11 37.8863
43 12 34.2953
43 13 30.3333
43 14 25.8602
43 15 20.8095
43 16 14.813
43 17 6.62738
43 18 -1
43 19 -1
43 20 -1
43 21 -1
43 22 -1
43 23 -1
43 24 -1
43 25 -1
43 26 -1
43 27 -1
43 28 -1
43 29 -1
43 30 -1
43 31 -1
43 32 -1
43 33 -1
43 34 -1
43 35 -1
43 36 -1
43 37 -1
43 38 -1
43 39 -1
43 40 -1
43 41 -1
43 42 -1
43 43 -1
43 44 -1
43 45 -1
43 46 -1
43 47 -1
43 48 -1
43 49 -1
43 50 -1

44 0 58.0125
44 1 58.494
44 2 58.1746
44 3 57.343
44 4 56.126
44 5 54.5985
44 6 52.7623
44 7 50.6507
44 8 48.2909
44 9 45.6432
44 10 42.7523
44 11 39.6073
44 12 36.1468
44 13 32.3159
44 14 28.0548
44 15 23.2333
44 16 17.7333
44 17 10.8443
44 18 -1
44 19 -1
44 20 -1
44 21 -1
44 22 -1
44 23 -1
44 24 -1
44 25 -1
44 26 -1
44 27 -1
44 28 -1
44 29 -1
44 30 -1
44 31 -1
44 32 -1
44 33 -1
44 34 -1
44 35 -1
44 36 -1
44 37 -1
44 38 -1
44 39 -1
44 40 -1
44 41 -1
44 42 -1
44 43 -1
44 44 -1
44 45 -1
44 46 -1
44 47 -1
44 48 -1
44 49 -1
44 50 -1

45 0 58.8391
45 1 59.4075
45 2 59.1531
45 3 58.3887
45 4 57.2621
45 5 55.7889
45 6 54.0234
45 7 51.9951
45 8 49.6984
45 9 47.1321
45 10 44.3303
45 11 41.2811
45 12 37.9314
45 13 34.2382
45 14 30.1472
45 15 25.57
45 16 20.3718
45 17 14.2493
45 18 5.8775
45 19 -1
45 20 -1
45 21 -1
45 22 -1
45 23 -1
45 24 -1
45 25 -1
45 26 -1
45 27 -1
45 28 -1
45 29 -1
45 30 -1
45 31 -1
45 32 -1
45 33 -1
45 34 -1
45 35 -1
45 36 -1
45 37 -1
45 38 -1
45 39 -1
45 40 -1
45 41 -1
45 42 -1
45 43 -1
45 44 -1
45 45 -1
45 46 -1
45 47 -1
45 48 -1
45 49 -1
45 50 -1

46 0 59.6315
46 1 60.2725
46 2 60.1078
46 3 59.4122
46 4 58.3353
46 5 56.9423
46 6 55.2595
46 7 53.2974
46 8 51.0898
46 9 48.6193
46 10 45.8909
46 11 42.9168
46 12 39.6964
46 13 36.1293
46 14 32.2141
46 15 27.8335
46 16 22.8989
46 17 17.2071
46 18 10.0228
46 19 -1
46 20 -1
46 21 -1
46 22 -1
46 23 -1
46 24 -1
46 25 -1
46 26 -1
46 27 -1
46 28 -1
46 29 -1
46 30 -1
46 31 -1
46 32 -1
46 33 -1
46 34 -1
46 35 -1
46 36 -1
46 37 -1
46 38 -1
46 39 -1
46 40 -1
46 41 -1
46 42 -1
46 43 -1
46 44 -1
46 45 -1
46 46 -1
46 47 -1
46 48 -1
46 49 -1
46 50 -1

47 0 60.3876
47 1 61.1001
47 2 61.0182
47 3 60.3981
47 4 59.397
47 5 58.0789
47 6 56.4707
47 7 54.5963
47 8 52.4451
47 9 50.0519
47 10 47.3942
47 11 44.5259
47 12 41.3588
47 13 37.9501
47 14 34.1882
47 15 29.9978
47 16 25.3239
47 17 19.9353
47 18 13.5261
47 19 4.04315
47 20 -1
47 21 -1
47 22 -1
47 23 -1
47 24 -1
47 25 -1
47 26 -1
47 27 -1
47 28 -1
47 29 -1
47 30 -1
47 31 -1
47 32 -1
47 33 -1
47 34 -1
47 35 -1
47 36 -1
47 37 -1
47 38 -1
47 39 -1
47 40 -1
47 41 -1
47 42 -1
47 43 -1
47 44 -1
47 45 -1
47 46 -1
47 47 -1
47 48 -1
47 49 -1
47 50 -1

48 0 61.0959
48 1 61.8845
48 2 61.8843
48 3 61.3571
48 4 60.4111
48 5 59.1837
48 6 57.6444
48 7 55.8278
48 8 53.7574
48 9 51.4583
48 10 48.8775
48 11 46.0805
48 12 43.035
48 13 39.6889
48 14 36.0652
48 15 32.0717
48 16 27.6213
48 17 22.5627
48 18 16.7062
48 19 9.00323
48 20 -1
48 21 -1
48 22 -1
48 23 -1
48 24 -1
48 25 -1
48 26 -1
48 27 -1
48 28 -1
48 29 -1
48 30 -1
48 31 -1
48 32 -1
48 33 -1
48 34 -1
48 35 -1
48 36 -1
48 37 -1
48 38 -1
48 39 -1
48 40 -1
48 41 -1
48 42 -1
48 43 -1
48 44 -1
48 45 -1
48 46 -1
48 47 -1
48 48 -1
48 49 -1
48 50 -1

49 0 61.7519
49 1 62.6187
49 2 62.7136
49 3 62.262
49 4 61.4067
49 5 60.2447
49 6 58.775
49 7 57.0288
49 8 55.0587
49 9 52.8246
49 10 50.3544
49 11 47.6115
49 12 44.6774
49 13 41.4401
49 14 37.8917
49 15 34.0579
49 16 29.8217
49 17 25.0309
49 18 19.5192
49 19 12.896
49 20 3.07306
49 21 -1
49 22 -1
49 23 -1
49 24 -1
49 25 -1
49 26 -1
49 27 -1
49 28 -1
49 29 -1
49 30 -1
49 31 -1
49 32 -1
49 33 -1
49 34 -1
49 35 -1
49 36 -1
49 37 -1
49 38 -1
49 39 -1
49 40 -1
49 41 -1
49 42 -1
49 43 -1
49 44 -1
49 45 -1
49 46 -1
49 47 -1
49 48 -1
49 49 -1
49 50 -1

50 0 62.3397
50 1 63.3241
50 2 63.482
50 3 63.1274
50 4 62.3494
50 5 61.2567
50 6 59.888
50 7 58.2172
50 8 56.2983
50 9 54.163
50 10 51.7349
50 11 49.1149
50 12 46.2435
50 13 43.1183
50 14 39.7083
50 15 35.9836
50 16 31.8762
50 17 27.3437
50 18 22.2559
50 19 16.1981
50 20 8.45764
50 21 -1
50 22 -1
50 23 -1
50 24 -1
50 25 -1
50 26 -1
50 27 -1
50 28 -1
50 29 -1
50 30 -1
50 31 -1
50 32 -1
50 33 -1
50 34 -1
50 35 -1
50 36 -1
50 37 -1
50 38 -1
50 39 -1
50 40 -1
50 41 -1
50 42 -1
50 43 -1
50 44 -1
50 45 -1
50 46 -1
50 47 -1
50 48 -1
50 49 -1
50 50 -1

51 0 62.8895
51 1 63.9642
51 2 64.2123
51 3 63.9346
51 4 63.2641
51 5 62.2308
51 6 60.9212
51 7 59.3665
51 8 57.5149
51 9 55.4363
51 10 53.1203
51 11 50.5609
51 12 47.8004
51 13 44.731
51 14 41.4556
51 15 37.8782
51 16 33.9172
51 17 29.5709
51 18 24.6879
51 19 19.0836
51 20 12.3306
51 21 -1
51 22 -1
51 23 -1
51 24 -1
51 25 -1
51 26 -1
51 27 -1
51 28 -1
51 29 -1
51 30 -1
51 31 -1
51 32 -1
51 33 -1
51 34 -1
51 35 -1
51 36 -1
51 37 -1
51 38 -1
51 39 -1
51 40 -1
51 41 -1
51 42 -1
51 43 -1
51 44 -1
51 45 -1
51 46 -1
51 47 -1
51 48 -1
51 49 -1
51 50 -1

52 0 63.3652
52 1 64.5452
52 2 64.8795
52 3 64.6983
52 4 64.1158
52 5 63.1697
52 6 61.9299
52 7 60.4343
52 8 58.6927
52 9 56.6977
52 10 54.4702
52 11 51.9904
52 12 49.282
52 13 46.3544
52 14 43.134
52 15 39.6851
52 16 35.9009
52 17 31.7216
52 18 27.033
52 19 21.8039
52 20 15.629
52 21 7.5509
52 22 -1
52 23 -1
52 24 -1
52 25 -1
52 26 -1
52 27 -1
52 28 -1
52 29 -1
52 30 -1
52 31 -1
52 32 -1
52 33 -1
52 34 -1
52 35 -1
52 36 -1
52 37 -1
52 38 -1
52 39 -1
52 40 -1
52 41 -1
52 42 -1
52 43 -1
52 44 -1
52 45 -1
52 46 -1
52 47 -1
52 48 -1
52 49 -1
52 50 -1

53 0 63.7764
53 1 65.0541
53 2 65.4908
53 3 65.3941
53 4 64.91
53 5 64.0751
53 6 62.9205
53 7 61.4802
53 8 59.8138
53 9 57.9221
53 10 55.7801
53 11 53.3824
53 12 50.738
53 13 47.9048
53 14 44.7991
53 15 41.4255
53 16 37.7844
53 17 33.7701
53 18 29.3218
53 19 24.3051
53 20 18.5997
53 21 11.5387
53 22 -1
53 23 -1
53 24 -1
53 25 -1
53 26 -1
53 27 -1
53 28 -1
53 29 -1
53 30 -1
53 31 -1
53 32 -1
53 33 -1
53 34 -1
53 35 -1
53 36 -1
53 37 -1
53 38 -1
53 39 -1
53 40 -1
53 41 -1
53 42 -1
53 43 -1
53 44 -1
53 45 -1
53 46 -1
53 47 -1
53 48 -1
53 49 -1
53 50 -1

54 0 64.0964
54 1 65.4951
54 2 66.0457
54 3 66.0515
54 4 65.6395
54 5 64.9097
54 6 63.8305
54 7 62.4823
54 8 60.8925
54 9 59.0822
54 10 57.0316
54 11 54.735
54 12 52.202
54 13 49.3986
54 14 46.4166
54 15 43.1458
54 16 39.6006
54 17 35.7625
54 18 31.5057
54 19 26.7558
54 20 21.3345
54 21 15.0445
54 22 6.54083
54 23 -1
54 24 -1
54 25 -1
54 26 -1
54 27 -1
54 28 -1
54 29 -1
54 30 -1
54 31 -1
54 32 -1
54 33 -1
54 34 -1
54 35 -1
54 36 -1
54 37 -1
54 38 -1
54 39 -1
54 40 -1
54 41 -1
54 42 -1
54 43 -1
54 44 -1
54 45 -1
54 46 -1
54 47 -1
54 48 -1
54 49 -1
54 50 -1

55 0 64.3514
55 1 65.854
55 2 66.5302
55 3 66.6462
55 4 66.3368
55 5 65.667
55 6 64.7114
55 7 63.4365
55 8 61.9292
55 9 60.1891
55 10 58.227
55 11 56.0229
55 12 53.5861
55 13 50.8987
55 14 47.9817
55 15 44.8327
55 16 41.4088
55 17 37.6722
55 18 33.5814
55 19 29.0425
55 20 23.9492
55 21 18.0544
55 22 10.7408
55 23 -1
55 24 -1
55 25 -1
55 26 -1
55 27 -1
55 28 -1
55 29 -1
55 30 -1
55 31 -1
55 32 -1
55 33 -1
55 34 -1
55 35 -1
55 36 -1
55 37 -1
55 38 -1
55 39 -1
55 40 -1
55 41 -1
55 42 -1
55 43 -1
55 44 -1
55 45 -1
55 46 -1
55 47 -1
55 48 -1
55 49 -1
55 50 -1

56 0 64.4791
56 1 66.1245
56 2 66.9285
56 3 67.1566
56 4 66.9629
56 5 66.3956
56 6 65.5176
56 7 64.3638
56 8 62.9194
56 9 61.2587
56 10 59.387
56 11 57.2662
56 12 54.9388
56 13 52.3418
56 14 49.5219
56 15 46.439
56 16 43.1429
56 17 39.553
56 18 35.5474
56 19 31.2208
56 20 26.41
56 21 20.9144
56 22 14.3304
56 23 5.33368
56 24 -1
56 25 -1
56 26 -1
56 27 -1
56 28 -1
56 29 -1
56 30 -1
56 31 -1
56 32 -1
56 33 -1
56 34 -1
56 35 -1
56 36 -1
56 37 -1
56 38 -1
56 39 -1
56 40 -1
56 41 -1
56 42 -1
56 43 -1
56 44 -1
56 45 -1
56 46 -1
56 47 -1
56 48 -1
56 49 -1
56 50 -1

57 0 64.5057
57 1 66.3036
57 2 67.2402
57 3 67.5775
57 4 67.509
57 5 67.056
57 6 66.2678
57 7 65.2197
57 8 63.8721
57 9 62.2772
57 10 60.4697
57 11 58.4595
57 12 56.2267
57 13 53.7306
57 14 51.0047
57 15 48.0408
57 16 44.8054
57 17 41.3548
57 18 37.5237
57 19 33.3318
57 20 28.6964
57 21 23.5367
57 22 17.4408
57 23 9.9718
57 24 -1
57 25 -1
57 26 -1
57 27 -1
57 28 -1
57 29 -1
57 30 -1
57 31 -1
57 32 -1
57 33 -1
57 34 -1
57 35 -1
57 36 -1
57 37 -1
57 38 -1
57 39 -1
57 40 -1
57 41 -1
57 42 -1
57 43 -1
57 44 -1
57 45 -1
57 46 -1
57 47 -1
57 48 -1
57 49 -1
57 50 -1

58 0 64.4308
58 1 66.3635
58 2 67.4485
58 3 67.9333
58 4 67.9761
58 5 67.6421
58 6 66.9719
58 7 65.9963
58 8 64.77
58 9 63.2781
58 10 61.5358
58 11 59.5847
58 12 57.4714
58 13 55.075
58 14 52.4355
58 15 49.5926
58 16 46.4605
58 17 43.062
58 18 39.4048
58 19 35.4232
58 20 30.9179
58 21 25.9831
58 22 20.3185
58 23 13.5231
58 24 4.29993
58 25 -1
58 26 -1
58 27 -1
58 28 -1
58 29 -1
58 30 -1
58 31 -1
58 32 -1
58 33 -1
58 34 -1
58 35 -1
58 36 -1
58 37 -1
58 38 -1
58 39 -1
58 40 -1
58 41 -1
58 42 -1
58 43 -1
58 44 -1
58 45 -1
58 46 -1
58 47 -1
58 48 -1
58 49 -1
58 50 -1

59 0 64.1507
59 1 66.3018
59 2 67.5508
59 3 68.1898
59 4 68.353
59 5 68.1471
59 6 67.6031
59 7 66.7335
59 8 65.5988
59 9 64.2163
59 10 62.5712
59 11 60.7008
59 12 58.6211
59 13 56.3417
59 14 53.8417
59 15 51.0593
59 16 48.0626
59 17 44.819
59 18 41.2322
59 19 37.3658
59 20 33.1326
59 21 28.416
59 22 23.0548
59 23 16.8134
59 24 8.81726
59 25 -1
59 26 -1
59 27 -1
59 28 -1
59 29 -1
59 30 -1
59 31 -1
59 32 -1
59 33 -1
59 34 -1
59 35 -1
59 36 -1
59 37 -1
59 38 -1
59 39 -1
59 40 -1
59 41 -1
59 42 -1
59 43 -1
59 44 -1
59 45 -1
59 46 -1
59 47 -1
59 48 -1
59 49 -1
59 50 -1

60 0 63.6857
60 1 66.0626
60 2 67.5142
60 3 68.3261
60 4 68.6506
60 5 68.5583
60 6 68.1509
60 7 67.3986
60 8 66.3592
60 9 65.0947
60 10 63.5511
60 11 61.7644
60 12 59.7723
60 13 57.6011
60 14 55.163
60 15 52.4963
60 16 49.5829
60 17 46.4497
60 18 43.0314
60 19 39.2775
60 20 35.1598
60 21 30.6431
60 22 25.6354
60 23 19.8417
60 24 12.79
60 25 1.26416
60 26 -1
60 27 -1
60 28 -1
60 29 -1
60 30 -1
60 31 -1
60 32 -1
60 33 -1
60 34 -1
60 35 -1
60 36 -1
60 37 -1
60 38 -1
60 39 -1
60 40 -1
60 41 -1
60 42 -1
60 43 -1
60 44 -1
60 45 -1
60 46 -1
60 47 -1
60 48 -1
60 49 -1
60 50 -1

61 0 62.9479
61 1 65.6403
61 2 67.3135
61 3 68.3315
61 4 68.8251
61 5 68.8854
61 6 68.6023
61 7 67.9982
61 8 67.0644
61 9 65.8715
61 10 64.4686
61 11 62.7751
61 12 60.8785
61 13 58.748
61 14 56.4426
61 15 53.8794
61 16 51.0757
61 17 48.0259
61 18 44.7397
61 19 41.1306
61 20 37.1625
61 21 32.8661
61 22 28.0089
61 23 22.5937
61 24 16.1933
61 25 7.91632
61 26 -1
61 27 -1
61 28 -1
61 29 -1
61 30 -1
61 31 -1
61 32 -1
61 33 -1
61 34 -1
61 35 -1
61 36 -1
61 37 -1
61 38 -1
61 39 -1
61 40 -1
61 41 -1
61 42 -1
61 43 -1
61 44 -1
61 45 -1
61 46 -1
61 47 -1
61 48 -1
61 49 -1
61 50 -1

62 0 61.8157
62 1 64.9388
62 2 66.9288
62 3 68.1739
62 4 68.8685
62 5 69.1052
62 6 68.9468
62 7 68.4867
62 8 67.7045
62 9 66.6336
62 10 65.295
62 11 63.7406
62 12 61.927
62 13 59.9001
62 14 57.658
62 15 55.201
62 16 52.5051
62 17 49.56
62 18 46.3663
62 19 42.9074
62 20 39.1245
62 21 34.9412
62 22 30.3717
62 23 25.1785
62 24 19.3054
62 25 12.028
62 26 -1
62 27 -1
62 28 -1
62 29 -1
62 30 -1
62 31 -1
62 32 -1
62 33 -1
62 34 -1
62 35 -1
62 36 -1
62 37 -1
62 38 -1
62 39 -1
62 40 -1
62 41 -1
62 42 -1
62 43 -1
62 44 -1
62 45 -1
62 46 -1
62 47 -1
62 48 -1
62 49 -1
62 50 -1

63 0 59.9916
63 1 63.8482
63 2 66.2713
63 3 67.8119
63 4 68.7559
63 5 69.195
63 6 69.2095
63 7 68.863
63 8 68.2211
63 9 67.2874
63 10 66.0638
63 11 64.6157
63 12 62.9143
63 13 60.9812
63 14 58.8058
63 15 56.456
63 16 53.8772
63 17 51.04
63 18 47.9578
63 19 44.6066
63 20 40.9755
63 21 36.9474
63 22 32.5769
63 23 27.7147
63 24 22.1116
63 25 15.5624
63 26 6.97101
63 27 -1
63 28 -1
63 29 -1
63 30 -1
63 31 -1
63 32 -1
63 33 -1
63 34 -1
63 35 -1
63 36 -1
63 37 -1
63 38 -1
63 39 -1
63 40 -1
63 41 -1
63 42 -1
63 43 -1
63 44 -1
63 45 -1
63 46 -1
63 47 -1
63 48 -1
63 49 -1
63 50 -1

64 0 -1
64 1 62.0995
64 2 65.2217
64 3 67.172
64 4 68.4265
64 5 69.1077
64 6 69.3391
64 7 69.161
64 8 68.6479
64 9 67.8347
64 10 66.7666
64 11 65.405
64 12 63.8492
64 13 62.0124
64 14 59.9456
64 15 57.669
64 16 55.1687
64 17 52.468
64 18 49.5005
64 19 46.2841
64 20 42.751
64 21 38.9127
64 22 34.6774
64 23 30.0383
64 24 24.8262
64 25 18.7769
64 26 11.2885
64 27 -1
64 28 -1
64 29 -1
64 30 -1
64 31 -1
64 32 -1
64 33 -1
64 34 -1
64 35 -1
64 36 -1
64 37 -1
64 38 -1
64 39 -1
64 40 -1
64 41 -1
64 42 -1
64 43 -1
64 44 -1
64 45 -1
64 46 -1
64 47 -1
64 48 -1
64 49 -1
64 50 -1

65 0 -1
65 1 -1
65 2 63.5122
65 3 66.1849
65 4 67.8202
65 5 68.8294
65 6 69.2875
65 7 69.3268
65 8 68.9774
65 9 68.3134
65 10 67.3573
65 11 66.1394
65 12 64.6553
65 13 62.9617
65 14 61.0173
65 15 58.8485
65 16 56.4277
65 17 53.8331
65 18 50.9755
65 19 47.8784
65 20 44.5001
65 21 40.7595
65 22 36.7297
65 23 32.3106
65 24 27.3266
65 25 21.6766
65 26 14.936
65 27 5.87927
65 28 -1
65 29 -1
65 30 -1
65 31 -1
65 32 -1
65 33 -1
65 34 -1
65 35 -1
65 36 -1
65 37 -1
65 38 -1
65 39 -1
65 40 -1
65 41 -1
65 42 -1
65 43 -1
65 44 -1
65 45 -1
65 46 -1
65 47 -1
65 48 -1
65 49 -1
65 50 -1

66 0 -1
66 1 -1
66 2 -1
66 3 64.5339
66 4 66.8682
66 5 68.2556
66 6 69.0458
66 7 69.3142
66 8 69.1814
66 9 68.6655
66 10 67.8716
66 11 66.786
66 12 65.4331
66 13 63.8425
66 14 62.0197
66 15 59.9677
66 16 57.662
66 17 55.1285
66 18 52.3913
66 19 49.3778
66 20 46.1553
66 21 42.5801
66 22 38.6385
66 23 34.4315
66 24 29.7018
66 25 24.3759
66 26 18.2203
66 27 10.5468
66 28 -1
66 29 -1
66 30 -1
66 31 -1
66 32 -1
66 33 -1
66 34 -1
66 35 -1
66 36 -1
66 37 -1
66 38 -1
66 39 -1
66 40 -1
66 41 -1
66 42 -1
66 43 -1
66 44 -1
66 45 -1
66 46 -1
66 47 -1
66 48 -1
66 49 -1
66 50 -1

67 0 -1
67 1 -1
67 2 -1
67 3 -1
67 4 65.2564
67 5 67.3404
67 6 68.5169
67 7 69.1108
67 8 69.2119
67 9 68.9184
67 10 68.2708
67 11 67.3329
67 12 66.1052
67 13 64.6511
67 14 62.9429
67 15 61.0164
67 16 58.8306
67 17 56.4099
67 18 53.7382
67 19 50.8562
67 20 47.701
67 21 44.3157
67 22 40.5486
67 23 36.444
67 24 31.9378
67 25 26.9506
67 26 21.152
67 27 14.3743
67 28 4.79169
67 29 -1
67 30 -1
67 31 -1
67 32 -1
67 33 -1
67 34 -1
67 35 -1
67 36 -1
67 37 -1
67 38 -1
67 39 -1
67 40 -1
67 41 -1
67 42 -1
67 43 -1
67 44 -1
67 45 -1
67 46 -1
67 47 -1
67 48 -1
67 49 -1
67 50 -1

68 0 -1
68 1 -1
68 2 -1
68 3 -1
68 4 -1
68 5 65.7599
68 6 67.6309
68 7 68.6371
68 8 69.0455
68 9 68.9857
68 10 68.5611
68 11 67.7797
68 12 66.7114
68 13 65.3658
68 14 63.7901
68 15 61.971
68 16 59.9227
68 17 57.6072
68 18 55.0545
68 19 52.2726
68 20 49.2293
68 21 45.9332
68 22 42.3751
68 23 38.42
68 24 34.0977
68 25 29.2922
68 26 23.953
68 27 17.6387
68 28 9.84106
68 29 -1
68 30 -1
68 31 -1
68 32 -1
68 33 -1
68 34 -1
68 35 -1
68 36 -1
68 37 -1
68 38 -1
68 39 -1
68 40 -1
68 41 -1
68 42 -1
68 43 -1
68 44 -1
68 45 -1
68 46 -1
68 47 -1
68 48 -1
68 49 -1
68 50 -1

69 0 -1
69 1 -1
69 2 -1
69 3 -1
69 4 -1
69 5 -1
69 6 66.0825
69 7 67.7731
69 8 68.6145
69 9 68.8601
69 10 68.6794
69 11 68.0989
69 12 67.2164
69 13 66.0007
69 14 64.5397
69 15 62.8588
69 16 60.9132
69 17 58.7419
69 18 56.2872
69 19 53.6342
69 20 50.7196
69 21 47.5179
69 22 44.0494
69 23 40.3154
69 24 36.1775
69 25 31.6085
69 26 26.535
69 27 20.6843
69 28 13.6932
69 29 3.55963
69 30 -1
69 31 -1
69 32 -1
69 33 -1
69 34 -1
69 35 -1
69 36 -1
69 37 -1
69 38 -1
69 39 -1
69 40 -1
69 41 -1
69 42 -1
69 43 -1
69 44 -1
69 45 -1
69 46 -1
69 47 -1
69 48 -1
69 49 -1
69 50 -1

70 0 -1
70 1 -1
70 2 -1
70 3 -1
70 4 -1
70 5 -1
70 6 -1
70 7 66.272
70 8 67.7958
70 9 68.4795
70 10 68.5909
70 11 68.2561
70 12 67.5592
70 13 66.5436
70 14 65.2155
70 15 63.6449
70 16 61.8458
70 17 59.7784
70 18 57.4705
70 19 54.9082
70 20 52.1151
70 21 49.0372
70 22 45.7329
70 23 42.0933
70 24 38.1738
70 25 33.7833
70 26 28.9473
70 27 23.5024
70 28 17.0531
70 29 8.9693
70 30 -1
70 31 -1
70 32 -1
70 33 -1
70 34 -1
70 35 -1
70 36 -1
70 37 -1
70 38 -1
70 39 -1
70 40 -1
70 41 -1
70 42 -1
70 43 -1
70 44 -1
70 45 -1
70 46 -1
70 47 -1
70 48 -1
70 49 -1
70 50 -1

71 0 -1
71 1 -1
71 2 -1
71 3 -1
71 4 -1
71 5 -1
71 6 -1
71 7 -1
71 8 66.3325
71 9 67.6999
71 10 68.2492
71 11 68.2205
71 12 67.7437
71 13 66.9406
71 14 65.7704
71 15 64.3547
71 16 62.6732
71 17 60.7492
71 18 58.5657
71 19 56.1299
71 20 53.4261
71 21 50.5159
71 22 47.3022
71 23 43.8387
71 24 40.0397
71 25 35.8904
71 26 31.269
71 27 26.0983
71 28 20.2336
71 29 12.969
71 30 2.0376
71 31 -1
71 32 -1
71 33 -1
71 34 -1
71 35 -1
71 36 -1
71 37 -1
71 38 -1
71 39 -1
71 40 -1
71 41 -1
71 42 -1
71 43 -1
71 44 -1
71 45 -1
71 46 -1
71 47 -1
71 48 -1
71 49 -1
71 50 -1

72 0 -1
72 1 -1
72 2 -1
72 3 -1
72 4 -1
72 5 -1
72 6 -1
72 7 -1
72 8 -1
72 9 66.2808
72 10 67.5081
72 11 67.9091
72 12 67.7592
72 13 67.1761
72 14 66.2238
72 15 64.9548
72 16 63.4285
72 17 61.6234
72 18 59.5675
72 19 57.2556
72 20 54.7358
72 21 51.888
72 22 48.8115
72 23 45.4742
72 24 41.8298
72 25 37.8477
72 26 33.4469
72 27 28.564
72 28 23.0132
72 29 16.5432
72 30 8.17773
72 31 -1
72 32 -1
72 33 -1
72 34 -1
72 35 -1
72 36 -1
72 37 -1
72 38 -1
72 39 -1
72 40 -1
72 41 -1
72 42 -1
72 43 -1
72 44 -1
72 45 -1
72 46 -1
72 47 -1
72 48 -1
72 49 -1
72 50 -1

73 0 -1
73 1 -1
73 2 -1
73 3 -1
73 4 -1
73 5 -1
73 6 -1
73 7 -1
73 8 -1
73 9 -1
73 10 66.1453
73 11 67.2348
73 12 67.4946
73 13 67.2292
73 14 66.5239
73 15 65.4426
73 16 64.0536
73 17 62.4156
73 18 60.5004
73 19 58.3298
73 20 55.8934
73 21 53.2342
73 22 50.2711
73 23 47.0531
73 24 43.5315
73 25 39.7417
73 26 35.5239
73 27 30.9091
73 28 25.6927
73 29 19.6031
73 30 12.3416
73 31 -1
73 32 -1
73 33 -1
73 34 -1
73 35 -1
73 36 -1
73 37 -1
73 38 -1
73 39 -1
73 40 -1
73 41 -1
73 42 -1
73 43 -1
73 44 -1
73 45 -1
73 46 -1
73 47 -1
73 48 -1
73 49 -1
73 50 -1

74 0 -1
74 1 -1
74 2 -1
74 3 -1
74 4 -1
74 5 -1
74 6 -1
74 7 -1
74 8 -1
74 9 -1
74 10 -1
74 11 65.9084
74 12 66.8683
74 13 67.0087
74 14 66.6253
74 15 65.7796
74 16 64.5982
74 17 63.0939
74 18 61.3411
74 19 59.2985
74 20 57.0209
74 21 54.4721
74 22 51.6524
74 23 48.5621
74 24 45.1924
74 25 41.5245
74 26 37.5084
74 27 33.0494
74 28 28.1496
74 29 22.5669
74 30 15.8318
74 31 7.29547
74 32 -1
74 33 -1
74 34 -1
74 35 -1
74 36 -1
74 37 -1
74 38 -1
74 39 -1
74 40 -1
74 41 -1
74 42 -1
74 43 -1
74 44 -1
74 45 -1
74 46 -1
74 47 -1
74 48 -1
74 49 -1
74 50 -1

75 0 -1
75 1 -1
75 2 -1
75 3 -1
75 4 -1
75 5 -1
75 6 -1
75 7 -1
75 8 -1
75 9 -1
75 10 -1
75 11 -1
75 12 65.5902
75 13 66.4072
75 14 66.4377
75 15 65.9335
75 16 64.9693
75 17 63.666
75 18 62.0603
75 19 60.2001
75 20 58.0417
75 21 55.6292
75 22 52.9529
75 23 50.0283
75 24 46.7596
75 25 43.2727
75 26 39.4025
75 27 35.1597
75 28 30.4423
75 29 25.1819
75 30 19.1373
75 31 11.5849
75 32 -1
75 33 -1
75 34 -1
75 35 -1
75 36 -1
75 37 -1
75 38 -1
75 39 -1
75 40 -1
75 41 -1
75 42 -1
75 43 -1
75 44 -1
75 45 -1
75 46 -1
75 47 -1
75 48 -1
75 49 -1
75 50 -1

76 0 -1
76 1 -1
76 2 -1
76 3 -1
76 4 -1
76 5 -1
76 6 -1
76 7 -1
76 8 -1
76 9 -1
76 10 -1
76 11 -1
76 12 -1
76 13 65.1862
76 14 65.8825
76 15 65.7955
76 16 65.1642
76 17 64.0841
76 18 62.6775
76 19 60.9728
76 20 58.9744
76 21 56.7014
76 22 54.1721
76 23 51.3547
76 24 48.3002
76 25 44.899
76 26 41.2272
76 27 37.152
76 28 32.7012
76 29 27.6329
76 30 22.0054
76 31 15.2865
76 32 6.46478
76 33 -1
76 34 -1
76 35 -1
76 36 -1
76 37 -1
76 38 -1
76 39 -1
76 40 -1
76 41 -1
76 42 -1
76 43 -1
76 44 -1
76 45 -1
76 46 -1
76 47 -1
76 48 -1
76 49 -1
76 50 -1

77 0 -1
77 1 -1
77 2 -1
77 3 -1
77 4 -1
77 5 -1
77 6 -1
77 7 -1
77 8 -1
77 9 -1
77 10 -1
77 11 -1
77 12 -1
77 13 -1
77 14 64.6931
77 15 65.295
77 16 65.0836
77 17 64.3316
77 18 63.158
77 19 61.6179
77 20 59.8035
77 21 57.6831
77 22 55.2928
77 23 52.6309
77 24 49.6653
77 25 46.4522
77 26 42.9396
77 27 39.0729
77 28 34.7613
77 29 30.0336
77 30 24.6818
77 31 18.4657
77 32 10.9163
77 33 -1
77 34 -1
77 35 -1
77 36 -1
77 37 -1
77 38 -1
77 39 -1
77 40 -1
77 41 -1
77 42 -1
77 43 -1
77 44 -1
77 45 -1
77 46 -1
77 47 -1
77 48 -1
77 49 -1
77 50 -1

78 0 -1
78 1 -1
78 2 -1
78 3 -1
78 4 -1
78 5 -1
78 6 -1
78 7 -1
78 8 -1
78 9 -1
78 10 -1
78 11 -1
78 12 -1
78 13 -1
78 14 -1
78 15 64.1412
78 16 64.6284
78 17 64.296
78 18 63.4323
78 19 62.1527
78 20 60.5139
78 21 58.5447
78 22 56.3225
78 23 53.7952
78 24 51.0071
78 25 47.9244
78 26 44.5634
78 27 40.8564
78 28 36.7858
78 29 32.2668
78 30 27.1849
78 31 21.4426
78 32 14.5955
78 33 5.54077
78 34 -1
78 35 -1
78 36 -1
78 37 -1
78 38 -1
78 39 -1
78 40 -1
78 41 -1
78 42 -1
78 43 -1
78 44 -1
78 45 -1
78 46 -1
78 47 -1
78 48 -1
78 49 -1
78 50 -1

79 0 -1
79 1 -1
79 2 -1
79 3 -1
79 4 -1
79 5 -1
79 6 -1
79 7 -1
79 8 -1
79 9 -1
79 10 -1
79 11 -1
79 12 -1
79 13 -1
79 14 -1
79 15 -1
79 16 63.53
79 17 63.8982
79 18 63.4484
79 19 62.4716
79 20 61.0671
79 21 59.3282
79 22 57.2277
79 23 54.9117
79 24 52.2453
79 25 49.3206
79 26 46.0959
79 27 42.5737
79 28 38.6957
79 29 34.3835
79 30 29.5829
79 31 24.1579
79 32 17.8839
79 33 10.2038
79 34 -1
79 35 -1
79 36 -1
79 37 -1
79 38 -1
79 39 -1
79 40 -1
79 41 -1
79 42 -1
79 43 -1
79 44 -1
79 45 -1
79 46 -1
79 47 -1
79 48 -1
79 49 -1
79 50 -1

80 0 -1
80 1 -1
80 2 -1
80 3 -1
80 4 -1
80 5 -1
80 6 -1
80 7 -1
80 8 -1
80 9 -1
80 10 -1
80 11 -1
80 12 -1
80 13 -1
80 14 -1
80 15 -1
80 16 -1
80 17 62.8526
80 18 63.1097
80 19 62.535
80 20 61.4446
80 21 59.9069
80 22 58.0613
80 23 55.8689
80 24 53.4179
80 25 50.6293
80 26 47.5698
80 27 44.1681
80 28 40.4943
80 29 36.3793
80 30 31.8129
80 31 26.7307
80 32 20.8589
80 33 13.9818
80 34 4.7995
80 35 -1
80 36 -1
80 37 -1
80 38 -1
80 39 -1
80 40 -1
80 41 -1
80 42 -1
80 43 -1
80 44 -1
80 45 -1
80 46 -1
80 47 -1
80 48 -1
80 49 -1
80 50 -1

81 0 -1
81 1 -1
81 2 -1
81 3 -1
81 4 -1
81 5 -1
81 6 -1
81 7 -1
81 8 -1
81 9 -1
81 10 -1
81 11 -1
81 12 -1
81 13 -1
81 14 -1
81 15 -1
81 16 -1
81 17 -1
81 18 62.1144
81 19 62.2489
81 20 61.566
81 21 60.3499
81 22 58.6895
81 23 56.7236
81 24 54.4229
81 25 51.8561
81 26 48.9108
81 27 45.7033
81 28 42.1746
81 29 38.2465
81 30 33.9255
81 31 29.1266
81 32 23.6574
81 33 17.2625
81 34 9.39337
81 35 -1
81 36 -1
81 37 -1
81 38 -1
81 39 -1
81 40 -1
81 41 -1
81 42 -1
81 43 -1
81 44 -1
81 45 -1
81 46 -1
81 47 -1
81 48 -1
81 49 -1
81 50 -1

82 0 -1
82 1 -1
82 2 -1
82 3 -1
82 4 -1
82 5 -1
82 6 -1
82 7 -1
82 8 -1
82 9 -1
82 10 -1
82 11 -1
82 12 -1
82 13 -1
82 14 -1
82 15 -1
82 16 -1
82 17 -1
82 18 -1
82 19 61.318
82 20 61.3214
82 21 60.5386
82 22 59.1841
82 23 57.4216
82 24 55.3193
82 25 52.92
82 26 50.2064
82 27 47.1318
82 28 43.7507
82 29 40.0379
82 30 35.9133
82 31 31.3444
82 32 26.2338
82 33 20.2793
82 34 13.1705
82 35 3.51971
82 36 -1
82 37 -1
82 38 -1
82 39 -1
82 40 -1
82 41 -1
82 42 -1
82 43 -1
82 44 -1
82 45 -1
82 46 -1
82 47 -1
82 48 -1
82 49 -1
82 50 -1

83 0 -1
83 1 -1
83 2 -1
83 3 -1
83 4 -1
83 5 -1
83 6 -1
83 7 -1
83 8 -1
83 9 -1
83 10 -1
83 11 -1
83 12 -1
83 13 -1
83 14 -1
83 15 -1
83 16 -1
83 17 -1
83 18 -1
83 19 -1
83 20 60.4474
83 21 60.3339
83 22 59.4252
83 23 57.9651
83 24 56.0759
83 25 53.8525
83 26 51.3323
83 27 48.4688
83 28 45.2419
83 29 41.7142
83 30 37.8224
83 31 33.4725
83 32 28.5866
83 33 23.1043
83 34 16.5837
83 35 8.45294
83 36 -1
83 37 -1
83 38 -1
83 39 -1
83 40 -1
83 41 -1
83 42 -1
83 43 -1
83 44 -1
83 45 -1
83 46 -1
83 47 -1
83 48 -1
83 49 -1
83 50 -1

84 0 -1
84 1 -1
84 2 -1
84 3 -1
84 4 -1
84 5 -1
84 6 -1
84 7 -1
84 8 -1
84 9 -1
84 10 -1
84 11 -1
84 12 -1
84 13 -1
84 14 -1
84 15 -1
84 16 -1
84 17 -1
84 18 -1
84 19 -1
84 20 -1
84 21 59.5162
84 22 59.2819
84 23 58.2413
84 24 56.666
84 25 54.6749
84 26 52.3217
84 27 49.6668
84 28 46.6552
84 29 43.2865
84 30 39.5742
84 31 35.4768
84 32 30.8724
84 33 25.6352
84 34 19.7388
84 35 12.4752
84 36 0.367737
84 37 -1
84 38 -1
84 39 -1
84 40 -1
84 41 -1
84 42 -1
84 43 -1
84 44 -1
84 45 -1
84 46 -1
84 47 -1
84 48 -1
84 49 -1
84 50 -1

85 0 -1
85 1 -1
85 2 -1
85 3 -1
85 4 -1
85 5 -1
85 6 -1
85 7 -1
85 8 -1
85 9 -1
85 10 -1
85 11 -1
85 12 -1
85 13 -1
85 14 -1
85 15 -1
85 16 -1
85 17 -1
85 18 -1
85 19 -1
85 20 -1
85 21 -1
85 22 58.5327
85 23 58.1618
85 24 57.0015
85 25 55.3076
85 26 53.2128
85 27 50.7123
85 28 47.9255
85 29 44.7383
85 30 41.2318
85 31 37.3075
85 32 32.9906
85 33 28.1074
85 34 22.4589
85 35 16.0146
85 36 7.48047
85 37 -1
85 38 -1
85 39 -1
85 40 -1
85 41 -1
85 42 -1
85 43 -1
85 44 -1
85 45 -1
85 46 -1
85 47 -1
85 48 -1
85 49 -1
85 50 -1

86 0 -1
86 1 -1
86 2 -1
86 3 -1
86 4 -1
86 5 -1
86 6 -1
86 7 -1
86 8 -1
86 9 -1
86 10 -1
86 11 -1
86 12 -1
86 13 -1
86 14 -1
86 15 -1
86 16 -1
86 17 -1
86 18 -1
86 19 -1
86 20 -1
86 21 -1
86 22 -1
86 23 57.4775
86 24 56.9858
86 25 55.7164
86 26 53.8903
86 27 51.6598
86 28 49.0398
86 29 46.087
86 30 42.7273
86 31 39.0693
86 32 34.9227
86 33 30.3521
86 34 25.1571
86 35 19.0402
86 36 11.7599
86 37 -1
86 38 -1
86 39 -1
86 40 -1
86 41 -1
86 42 -1
86 43 -1
86 44 -1
86 45 -1
86 46 -1
86 47 -1
86 48 -1
86 49 -1
86 50 -1

87 0 -1
87 1 -1
87 2 -1
87 3 -1
87 4 -1
87 5 -1
87 6 -1
87 7 -1
87 8 -1
87 9 -1
87 10 -1
87 11 -1
87 12 -1
87 13 -1
87 14 -1
87 15 -1
87 16 -1
87 17 -1
87 18 -1
87 19 -1
87 20 -1
87 21 -1
87 22 -1
87 23 -1
87 24 56.3481
87 25 55.7499
87 26 54.3616
87 27 52.4064
87 28 50.0303
87 29 47.2874
87 30 44.1653
87 31 40.6391
87 32 36.7883
87 33 32.4156
87 34 27.5359
87 35 21.9591
87 36 15.2992
87 37 6.69421
87 38 -1
87 39 -1
87 40 -1
87 41 -1
87 42 -1
87 43 -1
87 44 -1
87 45 -1
87 46 -1
87 47 -1
87 48 -1
87 49 -1
87 50 -1

88 0 -1
88 1 -1
88 2 -1
88 3 -1
88 4 -1
88 5 -1
88 6 -1
88 7 -1
88 8 -1
88 9 -1
88 10 -1
88 11 -1
88 12 -1
88 13 -1
88 14 -1
88 15 -1
88 16 -1
88 17 -1
88 18 -1
88 19 -1
88 20 -1
88 21 -1
88 22 -1
88 23 -1
88 24 -1
88 25 55.1594
88 26 54.4571
88 27 52.9323
88 28 50.8512
88 29 48.3331
88 30 45.4475
88 31 42.1568
88 32 38.4739
88 33 34.3831
88 34 29.7798
88 35 24.5391
88 36 18.49
88 37 11.0549
88 38 -1
88 39 -1
88 40 -1
88 41 -1
88 42 -1
88 43 -1
88 44 -1
88 45 -1
88 46 -1
88 47 -1
88 48 -1
88 49 -1
88 50 -1

89 0 -1
89 1 -1
89 2 -1
89 3 -1
89 4 -1
89 5 -1
89 6 -1
89 7 -1
89 8 -1
89 9 -1
89 10 -1
89 11 -1
89 12 -1
89 13 -1
89 14 -1
89 15 -1
89 16 -1
89 17 -1
89 18 -1
89 19 -1
89 20 -1
89 21 -1
89 22 -1
89 23 -1
89 24 -1
89 25 -1
89 26 53.9238
89 27 53.0947
89 28 51.4419
89 29 49.2223
89 30 46.5568
89 31 43.5176
89 32 40.054
89 33 36.1846
89 34 31.8533
89 35 26.9281
89 36 21.3745
89 37 14.7239
89 38 5.91284
89 39 -1
89 40 -1
89 41 -1
89 42 -1
89 43 -1
89 44 -1
89 45 -1
89 46 -1
89 47 -1
89 48 -1
89 49 -1
89 50 -1

90 0 -1
90 1 -1
90 2 -1
90 3 -1
90 4 -1
90 5 -1
90 6 -1
90 7 -1
90 8 -1
90 9 -1
90 10 -1
90 11 -1
90 12 -1
90 13 -1
90 14 -1
90 15 -1
90 16 -1
90 17 -1
90 18 -1
90 19 -1
90 20 -1
90 21 -1
90 22 -1
90 23 -1
90 24 -1
90 25 -1
90 26 -1
90 27 52.6313
90 28 51.6655
90 29 49.8718
90 30 47.5202
90 31 44.7229
90 32 41.5087
90 33 37.837
90 34 33.7365
90 35 29.1923
90 36 23.913
90 37 17.881
90 38 10.4188
90 39 -1
90 40 -1
90 41 -1
90 42 -1
90 43 -1
90 44 -1
90 45 -1
90 46 -1
90 47 -1
90 48 -1
90 49 -1
90 50 -1

91 0 -1
91 1 -1
91 2 -1
91 3 -1
91 4 -1
91 5 -1
91 6 -1
91 7 -1
91 8 -1
91 9 -1
91 10 -1
91 11 -1
91 12 -1
91 13 -1
91 14 -1
91 15 -1
91 16 -1
91 17 -1
91 18 -1
91 19 -1
91 20 -1
91 21 -1
91 22 -1
91 23 -1
91 24 -1
91 25 -1
91 26 -1
91 27 -1
91 28 51.2744
91 29 50.1722
91 30 48.2419
91 31 45.7348
91 32 42.8173
91 33 39.4128
91 34 35.5245
91 35 31.2106
91 36 26.347
91 37 20.6991
91 38 13.9323
91 39 5.01672
91 40 -1
91 41 -1
91 42 -1
91 43 -1
91 44 -1
91 45 -1
91 46 -1
91 47 -1
91 48 -1
91 49 -1
91 50 -1

92 0 -1
92 1 -1
92 2 -1
92 3 -1
92 4 -1
92 5 -1
92 6 -1
92 7 -1
92 8 -1
92 9 -1
92 10 -1
92 11 -1
92 12 -1
92 13 -1
92 14 -1
92 15 -1
92 16 -1
92 17 -1
92 18 -1
92 19 -1
92 20 -1
92 21 -1
92 22 -1
92 23 -1
92 24 -1
92 25 -1
92 26 -1
92 27 -1
92 28 -1
92 29 49.864
92 30 48.6057
92 31 46.5352
92 32 43.8723
92 33 40.7924
92 34 37.2145
92 35 33.0969
92 36 28.5238
92 37 23.3199
92 38 17.2357
92 39 9.45776
92 40 -1
92 41 -1
92 42 -1
92 43 -1
92 44 -1
92 45 -1
92 46 -1
92 47 -1
92 48 -1
92 49 -1
92 50 -1

93 0 -1
93 1 -1
93 2 -1
93 3 -1
93 4 -1
93 5 -1
93 6 -1
93 7 -1
93 8 -1
93 9 -1
93 10 -1
93 11 -1
93 12 -1
93 13 -1
93 14 -1
93 15 -1
93 16 -1
93 17 -1
93 18 -1
93 19 -1
93 20 -1
93 21 -1
93 22 -1
93 23 -1
93 24 -1
93 25 -1
93 26 -1
93 27 -1
93 28 -1
93 29 -1
93 30 48.387
93 31 46.9875
93 32 44.759
93 33 41.9316
93 34 38.6665
93 35 34.8954
93 36 30.5352
93 37 25.656
93 38 20.0576
93 39 13.2705
93 40 3.91138
93 41 -1
93 42 -1
93 43 -1
93 44 -1
93 45 -1
93 46 -1
93 47 -1
93 48 -1
93 49 -1
93 50 -1

94 0 -1
94 1 -1
94 2 -1
94 3 -1
94 4 -1
94 5 -1
94 6 -1
94 7 -1
94 8 -1
94 9 -1
94 10 -1
94 11 -1
94 12 -1
94 13 -1
94 14 -1
94 15 -1
94 16 -1
94 17 -1
94 18 -1
94 19 -1
94 20 -1
94 21 -1
94 22 -1
94 23 -1
94 24 -1
94 25 -1
94 26 -1
94 27 -1
94 28 -1
94 29 -1
94 30 -1
94 31 46.8257
94 32 45.2782
94 33 42.9071
94 34 39.9007
94 35 36.4361
94 36 32.4375
94 37 27.837
94 38 22.6008
94 39 16.5165
94 40 8.73297
94 41 -1
94 42 -1
94 43 -1
94 44 -1
94 45 -1
94 46 -1
94 47 -1
94 48 -1
94 49 -1
94 50 -1

95 0 -1
95 1 -1
95 2 -1
95 3 -1
95 4 -1
95 5 -1
95 6 -1
95 7 -1
95 8 -1
95 9 -1
95 10 -1
95 11 -1
95 12 -1
95 13 -1
95 14 -1
95 15 -1
95 16 -1
95 17 -1
95 18 -1
95 19 -1
95 20 -1
95 21 -1
95 22 -1
95 23 -1
95 24 -1
95 25 -1
95 26 -1
95 27 -1
95 28 -1
95 29 -1
95 30 -1
95 31 -1
95 32 45.1967
95 33 43.491
95 34 40.9747
95 35 37.7873
95 36 34.098
95 37 29.884
95 38 24.9738
95 39 19.3121
95 40 12.532
95 41 2.82263
95 42 -1
95 43 -1
95 44 -1
95 45 -1
95 46 -1
95 47 -1
95 48 -1
95 49 -1
95 50 -1

96 0 -1
96 1 -1
96 2 -1
96 3 -1
96 4 -1
96 5 -1
96 6 -1
96 7 -1
96 8 -1
96 9 -1
96 10 -1
96 11 -1
96 12 -1
96 13 -1
96 14 -1
96 15 -1
96 16 -1
96 17 -1
96 18 -1
96 19 -1
96 20 -1
96 21 -1
96 22 -1
96 23 -1
96 24 -1
96 25 -1
96 26 -1
96 27 -1
96 28 -1
96 29 -1
96 30 -1
96 31 -1
96 32 -1
96 33 43.5064
96 34 41.6193
96 35 38.924
96 36 35.5562
96 37 31.6473
96 38 27.151
96 39 21.8943
96 40 15.6968
96 41 7.95813
96 42 -1
96 43 -1
96 44 -1
96 45 -1
96 46 -1
96 47 -1
96 48 -1
96 49 -1
96 50 -1

97 0 -1
97 1 -1
97 2 -1
97 3 -1
97 4 -1
97 5 -1
97 6 -1
97 7 -1
97 8 -1
97 9 -1
97 10 -1
97 11 -1
97 12 -1
97 13 -1
97 14 -1
97 15 -1
97 16 -1
97 17 -1
97 18 -1
97 19 -1
97 20 -1
97 21 -1
97 22 -1
97 23 -1
97 24 -1
97 25 -1
97 26 -1
97 27 -1
97 28 -1
97 29 -1
97 30 -1
97 31 -1
97 32 -1
97 33 -1
97 34 41.7327
97 35 39.6603
97 36 36.7816
97 37 33.2177
97 38 29.0732
97 39 24.2691
97 40 18.6008
97 41 11.7221
97 42 0.741577
97 43 -1
97 44 -1
97 45 -1
97 46 -1
97 47 -1
97 48 -1
97 49 -1
97 50 -1

98 0 -1
98 1 -1
98 2 -1
98 3 -1
98 4 -1
98 5 -1
98 6 -1
98 7 -1
98 8 -1
98 9 -1
98 10 -1
98 11 -1
98 12 -1
98 13 -1
98 14 -1
98 15 -1
98 16 -1
98 17 -1
98 18 -1
98 19 -1
98 20 -1
98 21 -1
98 22 -1
98 23 -1
98 24 -1
98 25 -1
98 26 -1
98 27 -1
98 28 -1
98 29 -1
98 30 -1
98 31 -1
98 32 -1
98 33 -1
98 34 -1
98 35 39.8791
98 36 37.629
98 37 34.5516
98 38 30.7625
98 39 26.3658
98 40 21.1676
98 41 15.0333
98 42 6.98547
98 43 -1
98 44 -1
98 45 -1
98 46 -1
98 47 -1
98 48 -1
98 49 -1
98 50 -1

99 0 -1
99 1 -1
99 2 -1
99 3 -1
99 4 -1
99 5 -1
99 6 -1
99 7 -1
99 8 -1
99 9 -1
99 10 -1
99 11 -1
99 12 -1
99 13 -1
99 14 -1
99 15 -1
99 16 -1
99 17 -1
99 18 -1
99 19 -1
99 20 -1
99 21 -1
99 22 -1
99 23 -1
99 24 -1
99 25 -1
99 26 -1
99 27 -1
99 28 -1
99 29 -1
99 30 -1
99 31 -1
99 32 -1
99 33 -1
99 34 -1
99 35 -1
99 36 37.9379
99 37 35.5048
99 38 32.1836
99 39 28.1678
99 40 23.4806
99 41 17.8413
99 42 11.0497
99 43 -1
99 44 -1
99 45 -1
99 46 -1
99 47 -1
99 48 -1
99 49 -1
99 50 -1

100 0 -1
100 1 -1
100 2 -1
100 3 -1
100 4 -1
100 5 -1
100 6 -1
100 7 -1
100 8 -1
100 9 -1
100 10 -1
100 11 -1
100 12 -1
100 13 -1
100 14 -1
100 15 -1
100 16 -1
100 17 -1
100 18 -1
100 19 -1
100 20 -1
100 21 -1
100 22 -1
100 23 -1
100 24 -1
100 25 -1
100 26 -1
100 27 -1
100 28 -1
100 29 -1
100 30 -1
100 31 -1
100 32 -1
100 33 -1
100 34 -1
100 35 -1
100 36 -1
100 37 35.9088
100 38 33.2719
100 39 29.7175
100 40 25.4406
100 41 20.4038
100 42 14.25
100 43 6.37671
100 44 -1
100 45 -1
100 46 -1
100 47 -1
100 48 -1
100 49 -1
100 50 -1

101 0 -1
101 1 -1
101 2 -1
101 3 -1
101 4 -1
101 5 -1
101 6 -1
101 7 -1
101 8 -1
101 9 -1
101 10 -1
101 11 -1
101 12 -1
101 13 -1
101 14 -1
101 15 -1
101 16 -1
101 17 -1
101 18 -1
101 19 -1
101 20 -1
101 21 -1
101 22 -1
101 23 -1
101 24 -1
101 25 -1
101 26 -1
101 27 -1
101 28 -1
101 29 -1
101 30 -1
101 31 -1
101 32 -1
101 33 -1
101 34 -1
101 35 -1
101 36 -1
101 37 -1
101 38 33.7889
101 39 30.9423
101 40 27.1077
101 41 22.5558
101 42 17.0865
101 43 10.1937
101 44 -1
101 45 -1
101 46 -1
101 47 -1
101 48 -1
101 49 -1
101 50 -1

102 0 -1
102 1 -1
102 2 -1
102 3 -1
102 4 -1
102 5 -1
102 6 -1
102 7 -1
102 8 -1
102 9 -1
102 10 -1
102 11 -1
102 12 -1
102 13 -1
102 14 -1
102 15 -1
102 16 -1
102 17 -1
102 18 -1
102 19 -1
102 20 -1
102 21 -1
102 22 -1
102 23 -1
102 24 -1
102 25 -1
102 26 -1
102 27 -1
102 28 -1
102 29 -1
102 30 -1
102 31 -1
102 32 -1
102 33 -1
102 34 -1
102 35 -1
102 36 -1
102 37 -1
102 38 -1
102 39 31.5806
102 40 28.4713
102 41 24.3688
102 42 19.4663
102 43 13.4689
102 44 5.43945
102 45 -1
102 46 -1
102 47 -1
102 48 -1
102 49 -1
102 50 -1

103 0 -1
103 1 -1
103 2 -1
103 3 -1
103 4 -1
103 5 -1
103 6 -1
103 7 -1
103 8 -1
103 9 -1
103 10 -1
103 11 -1
103 12 -1
103 13 -1
103 14 -1
103 15 -1
103 16 -1
103 17 -1
103 18 -1
103 19 -1
103 20 -1
103 21 -1
103 22 -1
103 23 -1
103 24 -1
103 25 -1
103 26 -1
103 27 -1
103 28 -1
103 29 -1
103 30 -1
103 31 -1
103 32 -1
103 33 -1
103 34 -1
103 35 -1
103 36 -1
103 37 -1
103 38 -1
103 39 -1
103 40 29.2757
103 41 25.8877
103 42 21.4962
103 43 16.113
103 44 9.41144
103 45 -1
103 46 -1
103 47 -1
103 48 -1
103 49 -1
103 50 -1

104 0 -1
104 1 -1
104 2 -1
104 3 -1
104 4 -1
104 5 -1
104 6 -1
104 7 -1
104 8 -1
104 9 -1
104 10 -1
104 11 -1
104 12 -1
104 13 -1
104 14 -1
104 15 -1
104 16 -1
104 17 -1
104 18 -1
104 19 -1
104 20 -1
104 21 -1
104 22 -1
104 23 -1
104 24 -1
104 25 -1
104 26 -1
104 27 -1
104 28 -1
104 29 -1
104 30 -1
104 31 -1
104 32 -1
104 33 -1
104 34 -1
104 35 -1
104 36 -1
104 37 -1
104 38 -1
104 39 -1
104 40 -1
104 41 26.8469
104 42 23.16
104 43 18.4041
104 44 12.4863
104 45 4.64447
104 46 -1
104 47 -1
104 48 -1
104 49 -1
104 50 -1

105 0 -1
105 1 -1
105 2 -1
105 3 -1
105 4 -1
105 5 -1
105 6 -1
105 7 -1
105 8 -1
105 9 -1
105 10 -1
105 11 -1
105 12 -1
105 13 -1
105 14 -1
105 15 -1
105 16 -1
105 17 -1
105 18 -1
105 19 -1
105 20 -1
105 21 -1
105 22 -1
105 23 -1
105 24 -1
105 25 -1
105 26 -1
105 27 -1
105 28 -1
105 29 -1
105 30 -1
105 31 -1
105 32 -1
105 33 -1
105 34 -1
105 35 -1
105 36 -1
105 37 -1
105 38 -1
105 39 -1
105 40 -1
105 41 -1
105 42 24.277
105 43 20.2687
105 44 15.0524
105 45 8.45502
105 46 -1
105 47 -1
105 48 -1
105 49 -1
105 50 -1

106 0 -1
106 1 -1
106 2 -1
106 3 -1
106 4 -1
106 5 -1
106 6 -1
106 7 -1
106 8 -1
106 9 -1
106 10 -1
106 11 -1
106 12 -1
106 13 -1
106 14 -1
106 15 -1
106 16 -1
106 17 -1
106 18 -1
106 19 -1
106 20 -1
106 21 -1
106 22 -1
106 23 -1
106 24 -1
106 25 -1
106 26 -1
106 27 -1
106 28 -1
106 29 -1
106 30 -1
106 31 -1
106 32 -1
106 33 -1
106 34 -1
106 35 -1
106 36 -1
106 37 -1
106 38 -1
106 39 -1
106 40 -1
106 41 -1
106 42 -1
106 43 21.5667
106 44 17.173
106 45 11.4246
106 46 3.65399
106 47 -1
106 48 -1
106 49 -1
106 50 -1

107 0 -1
107 1 -1
107 2 -1
107 3 -1
107 4 -1
107 5 -1
107 6 -1
107 7 -1
107 8 -1
107 9 -1
107 10 -1
107 11 -1
107 12 -1
107 13 -1
107 14 -1
107 15 -1
107 16 -1
107 17 -1
107 18 -1
107 19 -1
107 20 -1
107 21 -1
107 22 -1
107 23 -1
107 24 -1
107 25 -1
107 26 -1
107 27 -1
107 28 -1
107 29 -1
107 30 -1
107 31 -1
107 32 -1
107 33 -1
107 34 -1
107 35 -1
107 36 -1
107 37 -1
107 38 -1
107 39 -1
107 40 -1
107 41 -1
107 42 -1
107 43 -1
107 44 18.7025
107 45 13.8413
107 46 7.40387
107 47 -1
107 48 -1
107 49 -1
107 50 -1

108 0 -1
108 1 -1
108 2 -1
108 3 -1
108 4 -1
108 5 -1
108 6 -1
108 7 -1
108 8 -1
108 9 -1
108 10 -1
108 11 -1
108 12 -1
108 13 -1
108 14 -1
108 15 -1
108 16 -1
108 17 -1
108 18 -1
108 19 -1
108 20 -1
108 21 -1
108 22 -1
108 23 -1
108 24 -1
108 25 -1
108 26 -1
108 27 -1
108 28 -1
108 29 -1
108 30 -1
108 31 -1
108 32 -1
108 33 -1
108 34 -1
108 35 -1
108 36 -1
108 37 -1
108 38 -1
108 39 -1
108 40 -1
108 41 -1
108 42 -1
108 43 -1
108 44 -1
108 45 15.6412
108 46 10.2226
108 47 2.63904
108 48 -1
108 49 -1
108 50 -1

109 0 -1
109 1 -1
109 2 -1
109 3 -1
109 4 -1
109 5 -1
109 6 -1
109 7 -1
109 8 -1
109 9 -1
109 10 -1
109 11 -1
109 12 -1
109 13 -1
109 14 -1
109 15 -1
109 16 -1
109 17 -1
109 18 -1
109 19 -1
109 20 -1
109 21 -1
109 22 -1
109 23 -1
109 24 -1
109 25 -1
109 26 -1
109 27 -1
109 28 -1
109 29 -1
109 30 -1
109 31 -1
109 32 -1
109 33 -1
109 34 -1
109 35 -1
109 36 -1
109 37 -1
109 38 -1
109 39 -1
109 40 -1
109 41 -1
109 42 -1
109 43 -1
109 44 -1
109 45 -1
109 46 12.3477
109 47 6.16724
109 48 -1
109 49 -1
109 50 -1

110 0 -1
110 1 -1
110 2 -1
110 3 -1
110 4 -1
110 5 -1
110 6 -1
110 7 -1
110 8 -1
110 9 -1
110 10 -1
110 11 -1
110 12 -1
110 13 -1
110 14 -1
110 15 -1
110 16 -1
110 17 -1
110 18 -1
110 19 -1
110 20 -1
110 21 -1
110 22 -1
110 23 -1
110 24 -1
110 25 -1
110 26 -1
110 27 -1
110 28 -1
110 29 -1
110 30 -1
110 31 -1
110 32 -1
110 33 -1
110 34 -1
110 35 -1
110 36 -1
110 37 -1
110 38 -1
110 39 -1
110 40 -1
110 41 -1
110 42 -1
110 43 -1
110 44 -1
110 45 -1
110 46 -1
110 47 8.7583
110 48 1.41034
110 49 -1
110 50 -1

111 0 -1
111 1 -1
111 2 -1
111 3 -1
111 4 -1
111 5 -1
111 6 -1
111 7 -1
111 8 -1
111 9 -1
111 10 -1
111 11 -1
111 12 -1
111 13 -1
111 14 -1
111 15 -1
111 16 -1
111 17 -1
111 18 -1
111 19 -1
111 20 -1
111 21 -1
111 22 -1
111 23 -1
111 24 -1
111 25 -1
111 26 -1
111 27 -1
111 28 -1
111 29 -1
111 30 -1
111 31 -1
111 32 -1
111 33 -1
111 34 -1
111 35 -1
111 36 -1
111 37 -1
111 38 -1
111 39 -1
111 40 -1
111 41 -1
111 42 -1
111 43 -1
111 44 -1
111 45 -1
111 46 -1
111 47 -1
111 48 4.73694
111 49 -1
111 50 -1

112 0 -1
112 1 -1
112 2 -1
112 3 -1
112 4 -1
112 5 -1
112 6 -1
112 7 -1
112 8 -1
112 9 -1
112 10 -1
112 11 -1
112 12 -1
112 13 -1
112 14 -1
112 15 -1
112 16 -1
112 17 -1
112 18 -1
112 19 -1
112 20 -1
112 21 -1
112 22 -1
112 23 -1
112 24 -1
112 25 -1
112 26 -1
112 27 -1
112 28 -1
112 29 -1
112 30 -1
112 31 -1
112 32 -1
112 33 -1
112 34 -1
112 35 -1
112 36 -1
112 37 -1
112 38 -1
112 39 -1
112 40 -1
112 41 -1
112 42 -1
112 43 -1
112 44 -1
112 45 -1
112 46 -1
112 47 -1
112 48 -1
112 49 0
112 50 -1

