0 0 0
0 1 0
0 2 0
0 3 0
0 4 0
0 5 0
0 6 0
0 7 0
0 8 0
0 9 0
0 10 0
0 11 0
0 12 0
0 13 0
0 14 0
0 15 0
0 16 0
0 17 0
0 18 0
0 19 0
0 20 0
0 21 0
0 22 0
0 23 0
0 24 0
0 25 0
0 26 0
0 27 0
0 28 0
0 29 0
0 30 0
0 31 0
0 32 0
0 33 0
0 34 0
0 35 0
0 36 0
0 37 0
0 38 0
0 39 0
0 40 0
0 41 0
0 42 0
0 43 0
0 44 0
0 45 0
0 46 0
0 47 0
0 48 0
0 49 0
0 50 -1

1 0 3725
1 1 0
1 2 0
1 3 0
1 4 0
1 5 0
1 6 0
1 7 0
1 8 0
1 9 0
1 10 0
1 11 0
1 12 0
1 13 0
1 14 0
1 15 0
1 16 0
1 17 0
1 18 0
1 19 0
1 20 0
1 21 0
1 22 0
1 23 0
1 24 0
1 25 0
1 26 0
1 27 0
1 28 0
1 29 0
1 30 0
1 31 0
1 32 0
1 33 0
1 34 0
1 35 0
1 36 0
1 37 0
1 38 0
1 39 0
1 40 0
1 41 0
1 42 0
1 43 0
1 44 0
1 45 0
1 46 0
1 47 0
1 48 0
1 49 0
1 50 -1

2 0 3674
2 1 0
2 2 0
2 3 0
2 4 0
2 5 0
2 6 0
2 7 0
2 8 0
2 9 0
2 10 0
2 11 0
2 12 0
2 13 0
2 14 0
2 15 0
2 16 0
2 17 0
2 18 0
2 19 0
2 20 0
2 21 0
2 22 0
2 23 0
2 24 0
2 25 0
2 26 0
2 27 0
2 28 0
2 29 0
2 30 0
2 31 0
2 32 0
2 33 0
2 34 0
2 35 0
2 36 0
2 37 0
2 38 0
2 39 0
2 40 0
2 41 0
2 42 0
2 43 0
2 44 0
2 45 0
2 46 0
2 47 0
2 48 0
2 49 0
2 50 -1

3 0 3822
3 1 0
3 2 0
3 3 0
3 4 0
3 5 0
3 6 0
3 7 0
3 8 0
3 9 0
3 10 0
3 11 0
3 12 0
3 13 0
3 14 0
3 15 0
3 16 0
3 17 0
3 18 0
3 19 0
3 20 0
3 21 0
3 22 0
3 23 0
3 24 0
3 25 0
3 26 0
3 27 0
3 28 0
3 29 0
3 30 0
3 31 0
3 32 0
3 33 0
3 34 0
3 35 0
3 36 0
3 37 0
3 38 0
3 39 0
3 40 0
3 41 0
3 42 0
3 43 0
3 44 0
3 45 0
3 46 0
3 47 0
3 48 0
3 49 0
3 50 -1

4 0 3731
4 1 3832
4 2 0
4 3 0
4 4 0
4 5 0
4 6 0
4 7 0
4 8 0
4 9 0
4 10 0
4 11 0
4 12 0
4 13 0
4 14 0
4 15 0
4 16 0
4 17 0
4 18 0
4 19 0
4 20 0
4 21 0
4 22 0
4 23 0
4 24 0
4 25 0
4 26 0
4 27 0
4 28 0
4 29 0
4 30 0
4 31 0
4 32 0
4 33 0
4 34 0
4 35 0
4 36 0
4 37 0
4 38 0
4 39 0
4 40 0
4 41 0
4 42 0
4 43 0
4 44 0
4 45 0
4 46 0
4 47 0
4 48 0
4 49 0
4 50 -1

5 0 3711
5 1 3872
5 2 0
5 3 0
5 4 0
5 5 0
5 6 0
5 7 0
5 8 0
5 9 0
5 10 0
5 11 0
5 12 0
5 13 0
5 14 0
5 15 0
5 16 0
5 17 0
5 18 0
5 19 0
5 20 0
5 21 0
5 22 0
5 23 0
5 24 0
5 25 0
5 26 0
5 27 0
5 28 0
5 29 0
5 30 0
5 31 0
5 32 0
5 33 0
5 34 0
5 35 0
5 36 0
5 37 0
5 38 0
5 39 0
5 40 0
5 41 0
5 42 0
5 43 0
5 44 0
5 45 0
5 46 0
5 47 0
5 48 0
5 49 0
5 50 -1

6 0 3783
6 1 3799
6 2 0
6 3 0
6 4 0
6 5 0
6 6 0
6 7 0
6 8 0
6 9 0
6 10 0
6 11 0
6 12 0
6 13 0
6 14 0
6 15 0
6 16 0
6 17 0
6 18 0
6 19 0
6 20 0
6 21 0
6 22 0
6 23 0
6 24 0
6 25 0
6 26 0
6 27 0
6 28 0
6 29 0
6 30 0
6 31 0
6 32 0
6 33 0
6 34 0
6 35 0
6 36 0
6 37 0
6 38 0
6 39 0
6 40 0
6 41 0
6 42 0
6 43 0
6 44 0
6 45 0
6 46 0
6 47 0
6 48 0
6 49 0
6 50 -1

7 0 3686
7 1 3697
7 2 3817
7 3 0
7 4 0
7 5 0
7 6 0
7 7 0
7 8 0
7 9 0
7 10 0
7 11 0
7 12 0
7 13 0
7 14 0
7 15 0
7 16 0
7 17 0
7 18 0
7 19 0
7 20 0
7 21 0
7 22 0
7 23 0
7 24 0
7 25 0
7 26 0
7 27 0
7 28 0
7 29 0
7 30 0
7 31 0
7 32 0
7 33 0
7 34 0
7 35 0
7 36 0
7 37 0
7 38 0
7 39 0
7 40 0
7 41 0
7 42 0
7 43 0
7 44 0
7 45 0
7 46 0
7 47 0
7 48 0
7 49 0
7 50 -1

8 0 3796
8 1 3783
8 2 3656
8 3 0
8 4 0
8 5 0
8 6 0
8 7 0
8 8 0
8 9 0
8 10 0
8 11 0
8 12 0
8 13 0
8 14 0
8 15 0
8 16 0
8 17 0
8 18 0
8 19 0
8 20 0
8 21 0
8 22 0
8 23 0
8 24 0
8 25 0
8 26 0
8 27 0
8 28 0
8 29 0
8 30 0
8 31 0
8 32 0
8 33 0
8 34 0
8 35 0
8 36 0
8 37 0
8 38 0
8 39 0
8 40 0
8 41 0
8 42 0
8 43 0
8 44 0
8 45 0
8 46 0
8 47 0
8 48 0
8 49 0
8 50 -1

9 0 3747
9 1 3811
9 2 3923
9 3 0
9 4 0
9 5 0
9 6 0
9 7 0
9 8 0
9 9 0
9 10 0
9 11 0
9 12 0
9 13 0
9 14 0
9 15 0
9 16 0
9 17 0
9 18 0
9 19 0
9 20 0
9 21 0
9 22 0
9 23 0
9 24 0
9 25 0
9 26 0
9 27 0
9 28 0
9 29 0
9 30 0
9 31 0
9 32 0
9 33 0
9 34 0
9 35 0
9 36 0
9 37 0
9 38 0
9 39 0
9 40 0
9 41 0
9 42 0
9 43 0
9 44 0
9 45 0
9 46 0
9 47 0
9 48 0
9 49 0
9 50 -1

10 0 3637
10 1 3782
10 2 3929
10 3 3896
10 4 0
10 5 0
10 6 0
10 7 0
10 8 0
10 9 0
10 10 0
10 11 0
10 12 0
10 13 0
10 14 0
10 15 0
10 16 0
10 17 0
10 18 0
10 19 0
10 20 0
10 21 0
10 22 0
10 23 0
10 24 0
10 25 0
10 26 0
10 27 0
10 28 0
10 29 0
10 30 0
10 31 0
10 32 0
10 33 0
10 34 0
10 35 0
10 36 0
10 37 0
10 38 0
10 39 0
10 40 0
10 41 0
10 42 0
10 43 0
10 44 0
10 45 0
10 46 0
10 47 0
10 48 0
10 49 0
10 50 -1

11 0 3655
11 1 3704
11 2 3940
11 3 3810
11 4 0
11 5 0
11 6 0
11 7 0
11 8 0
11 9 0
11 10 0
11 11 0
11 12 0
11 13 0
11 14 0
11 15 0
11 16 0
11 17 0
11 18 0
11 19 0
11 20 0
11 21 0
11 22 0
11 23 0
11 24 0
11 25 0
11 26 0
11 27 0
11 28 0
11 29 0
11 30 0
11 31 0
11 32 0
11 33 0
11 34 0
11 35 0
11 36 0
11 37 0
11 38 0
11 39 0
11 40 0
11 41 0
11 42 0
11 43 0
11 44 0
11 45 0
11 46 0
11 47 0
11 48 0
11 49 0
11 50 -1

12 0 3763
12 1 3812
12 2 3886
12 3 3758
12 4 4145
12 5 0
12 6 0
12 7 0
12 8 0
12 9 0
12 10 0
12 11 0
12 12 0
12 13 0
12 14 0
12 15 0
12 16 0
12 17 0
12 18 0
12 19 0
12 20 0
12 21 0
12 22 0
12 23 0
12 24 0
12 25 0
12 26 0
12 27 0
12 28 0
12 29 0
12 30 0
12 31 0
12 32 0
12 33 0
12 34 0
12 35 0
12 36 0
12 37 0
12 38 0
12 39 0
12 40 0
12 41 0
12 42 0
12 43 0
12 44 0
12 45 0
12 46 0
12 47 0
12 48 0
12 49 0
12 50 -1

13 0 3731
13 1 3886
13 2 3665
13 3 3681
13 4 3612
13 5 0
13 6 0
13 7 0
13 8 0
13 9 0
13 10 0
13 11 0
13 12 0
13 13 0
13 14 0
13 15 0
13 16 0
13 17 0
13 18 0
13 19 0
13 20 0
13 21 0
13 22 0
13 23 0
13 24 0
13 25 0
13 26 0
13 27 0
13 28 0
13 29 0
13 30 0
13 31 0
13 32 0
13 33 0
13 34 0
13 35 0
13 36 0
13 37 0
13 38 0
13 39 0
13 40 0
13 41 0
13 42 0
13 43 0
13 44 0
13 45 0
13 46 0
13 47 0
13 48 0
13 49 0
13 50 -1

14 0 3926
14 1 3821
14 2 3654
14 3 3593
14 4 3729
14 5 0
14 6 0
14 7 0
14 8 0
14 9 0
14 10 0
14 11 0
14 12 0
14 13 0
14 14 0
14 15 0
14 16 0
14 17 0
14 18 0
14 19 0
14 20 0
14 21 0
14 22 0
14 23 0
14 24 0
14 25 0
14 26 0
14 27 0
14 28 0
14 29 0
14 30 0
14 31 0
14 32 0
14 33 0
14 34 0
14 35 0
14 36 0
14 37 0
14 38 0
14 39 0
14 40 0
14 41 0
14 42 0
14 43 0
14 44 0
14 45 0
14 46 0
14 47 0
14 48 0
14 49 0
14 50 -1

15 0 3912
15 1 3661
15 2 3765
15 3 3703
15 4 3676
15 5 3527
15 6 0
15 7 0
15 8 0
15 9 0
15 10 0
15 11 0
15 12 0
15 13 0
15 14 0
15 15 0
15 16 0
15 17 0
15 18 0
15 19 0
15 20 0
15 21 0
15 22 0
15 23 0
15 24 0
15 25 0
15 26 0
15 27 0
15 28 0
15 29 0
15 30 0
15 31 0
15 32 0
15 33 0
15 34 0
15 35 0
15 36 0
15 37 0
15 38 0
15 39 0
15 40 0
15 41 0
15 42 0
15 43 0
15 44 0
15 45 0
15 46 0
15 47 0
15 48 0
15 49 0
15 50 -1

16 0 3829
16 1 3795
16 2 3665
16 3 3819
16 4 3791
16 5 3731
16 6 0
16 7 0
16 8 0
16 9 0
16 10 0
16 11 0
16 12 0
16 13 0
16 14 0
16 15 0
16 16 0
16 17 0
16 18 0
16 19 0
16 20 0
16 21 0
16 22 0
16 23 0
16 24 0
16 25 0
16 26 0
16 27 0
16 28 0
16 29 0
16 30 0
16 31 0
16 32 0
16 33 0
16 34 0
16 35 0
16 36 0
16 37 0
16 38 0
16 39 0
16 40 0
16 41 0
16 42 0
16 43 0
16 44 0
16 45 0
16 46 0
16 47 0
16 48 0
16 49 0
16 50 -1

17 0 3784
17 1 3822
17 2 3739
17 3 3762
17 4 3682
17 5 3677
17 6 4432
17 7 0
17 8 0
17 9 0
17 10 0
17 11 0
17 12 0
17 13 0
17 14 0
17 15 0
17 16 0
17 17 0
17 18 0
17 19 0
17 20 0
17 21 0
17 22 0
17 23 0
17 24 0
17 25 0
17 26 0
17 27 0
17 28 0
17 29 0
17 30 0
17 31 0
17 32 0
17 33 0
17 34 0
17 35 0
17 36 0
17 37 0
17 38 0
17 39 0
17 40 0
17 41 0
17 42 0
17 43 0
17 44 0
17 45 0
17 46 0
17 47 0
17 48 0
17 49 0
17 50 -1

18 0 3815
18 1 3840
18 2 3795
18 3 3802
18 4 3708
18 5 3965
18 6 3979
18 7 0
18 8 0
18 9 0
18 10 0
18 11 0
18 12 0
18 13 0
18 14 0
18 15 0
18 16 0
18 17 0
18 18 0
18 19 0
18 20 0
18 21 0
18 22 0
18 23 0
18 24 0
18 25 0
18 26 0
18 27 0
18 28 0
18 29 0
18 30 0
18 31 0
18 32 0
18 33 0
18 34 0
18 35 0
18 36 0
18 37 0
18 38 0
18 39 0
18 40 0
18 41 0
18 42 0
18 43 0
18 44 0
18 45 0
18 46 0
18 47 0
18 48 0
18 49 0
18 50 -1

19 0 3882
19 1 3782
19 2 3754
19 3 3726
19 4 3836
19 5 4002
19 6 3982
19 7 0
19 8 0
19 9 0
19 10 0
19 11 0
19 12 0
19 13 0
19 14 0
19 15 0
19 16 0
19 17 0
19 18 0
19 19 0
19 20 0
19 21 0
19 22 0
19 23 0
19 24 0
19 25 0
19 26 0
19 27 0
19 28 0
19 29 0
19 30 0
19 31 0
19 32 0
19 33 0
19 34 0
19 35 0
19 36 0
19 37 0
19 38 0
19 39 0
19 40 0
19 41 0
19 42 0
19 43 0
19 44 0
19 45 0
19 46 0
19 47 0
19 48 0
19 49 0
19 50 -1

20 0 3827
20 1 3763
20 2 3807
20 3 3698
20 4 3846
20 5 3877
20 6 4009
20 7 4302
20 8 0
20 9 0
20 10 0
20 11 0
20 12 0
20 13 0
20 14 0
20 15 0
20 16 0
20 17 0
20 18 0
20 19 0
20 20 0
20 21 0
20 22 0
20 23 0
20 24 0
20 25 0
20 26 0
20 27 0
20 28 0
20 29 0
20 30 0
20 31 0
20 32 0
20 33 0
20 34 0
20 35 0
20 36 0
20 37 0
20 38 0
20 39 0
20 40 0
20 41 0
20 42 0
20 43 0
20 44 0
20 45 0
20 46 0
20 47 0
20 48 0
20 49 0
20 50 -1

21 0 3876
21 1 3792
21 2 3812
21 3 3653
21 4 3874
21 5 3825
21 6 4061
21 7 3914
21 8 0
21 9 0
21 10 0
21 11 0
21 12 0
21 13 0
21 14 0
21 15 0
21 16 0
21 17 0
21 18 0
21 19 0
21 20 0
21 21 0
21 22 0
21 23 0
21 24 0
21 25 0
21 26 0
21 27 0
21 28 0
21 29 0
21 30 0
21 31 0
21 32 0
21 33 0
21 34 0
21 35 0
21 36 0
21 37 0
21 38 0
21 39 0
21 40 0
21 41 0
21 42 0
21 43 0
21 44 0
21 45 0
21 46 0
21 47 0
21 48 0
21 49 0
21 50 -1

22 0 3926
22 1 3917
22 2 3855
22 3 3891
22 4 3832
22 5 3964
22 6 3895
22 7 4176
22 8 4384
22 9 0
22 10 0
22 11 0
22 12 0
22 13 0
22 14 0
22 15 0
22 16 0
22 17 0
22 18 0
22 19 0
22 20 0
22 21 0
22 22 0
22 23 0
22 24 0
22 25 0
22 26 0
22 27 0
22 28 0
22 29 0
22 30 0
22 31 0
22 32 0
22 33 0
22 34 0
22 35 0
22 36 0
22 37 0
22 38 0
22 39 0
22 40 0
22 41 0
22 42 0
22 43 0
22 44 0
22 45 0
22 46 0
22 47 0
22 48 0
22 49 0
22 50 -1

23 0 3939
23 1 3884
23 2 4013
23 3 3924
23 4 3870
23 5 3872
23 6 3939
23 7 3871
23 8 4418
23 9 0
23 10 0
23 11 0
23 12 0
23 13 0
23 14 0
23 15 0
23 16 0
23 17 0
23 18 0
23 19 0
23 20 0
23 21 0
23 22 0
23 23 0
23 24 0
23 25 0
23 26 0
23 27 0
23 28 0
23 29 0
23 30 0
23 31 0
23 32 0
23 33 0
23 34 0
23 35 0
23 36 0
23 37 0
23 38 0
23 39 0
23 40 0
23 41 0
23 42 0
23 43 0
23 44 0
23 45 0
23 46 0
23 47 0
23 48 0
23 49 0
23 50 -1

24 0 3970
24 1 3866
24 2 4064
24 3 3843
24 4 3844
24 5 4037
24 6 3935
24 7 3933
24 8 4023
24 9 4597
24 10 0
24 11 0
24 12 0
24 13 0
24 14 0
24 15 0
24 16 0
24 17 0
24 18 0
24 19 0
24 20 0
24 21 0
24 22 0
24 23 0
24 24 0
24 25 0
24 26 0
24 27 0
24 28 0
24 29 0
24 30 0
24 31 0
24 32 0
24 33 0
24 34 0
24 35 0
24 36 0
24 37 0
24 38 0
24 39 0
24 40 0
24 41 0
24 42 0
24 43 0
24 44 0
24 45 0
24 46 0
24 47 0
24 48 0
24 49 0
24 50 -1

25 0 3913
25 1 3932
25 2 3963
25 3 4022
25 4 3980
25 5 4090
25 6 3983
25 7 4009
25 8 3974
25 9 4366
25 10 0
25 11 0
25 12 0
25 13 0
25 14 0
25 15 0
25 16 0
25 17 0
25 18 0
25 19 0
25 20 0
25 21 0
25 22 0
25 23 0
25 24 0
25 25 0
25 26 0
25 27 0
25 28 0
25 29 0
25 30 0
25 31 0
25 32 0
25 33 0
25 34 0
25 35 0
25 36 0
25 37 0
25 38 0
25 39 0
25 40 0
25 41 0
25 42 0
25 43 0
25 44 0
25 45 0
25 46 0
25 47 0
25 48 0
25 49 0
25 50 -1

26 0 3969
26 1 3909
26 2 4130
26 3 3908
26 4 3933
26 5 3967
26 6 4034
26 7 3960
26 8 3856
26 9 3951
26 10 0
26 11 0
26 12 0
26 13 0
26 14 0
26 15 0
26 16 0
26 17 0
26 18 0
26 19 0
26 20 0
26 21 0
26 22 0
26 23 0
26 24 0
26 25 0
26 26 0
26 27 0
26 28 0
26 29 0
26 30 0
26 31 0
26 32 0
26 33 0
26 34 0
26 35 0
26 36 0
26 37 0
26 38 0
26 39 0
26 40 0
26 41 0
26 42 0
26 43 0
26 44 0
26 45 0
26 46 0
26 47 0
26 48 0
26 49 0
26 50 -1

27 0 4040
27 1 3878
27 2 3945
27 3 3930
27 4 3912
27 5 3871
27 6 4011
27 7 3930
27 8 3831
27 9 3746
27 10 3767
27 11 0
27 12 0
27 13 0
27 14 0
27 15 0
27 16 0
27 17 0
27 18 0
27 19 0
27 20 0
27 21 0
27 22 0
27 23 0
27 24 0
27 25 0
27 26 0
27 27 0
27 28 0
27 29 0
27 30 0
27 31 0
27 32 0
27 33 0
27 34 0
27 35 0
27 36 0
27 37 0
27 38 0
27 39 0
27 40 0
27 41 0
27 42 0
27 43 0
27 44 0
27 45 0
27 46 0
27 47 0
27 48 0
27 49 0
27 50 -1

28 0 4170
28 1 3898
28 2 3949
28 3 4067
28 4 3886
28 5 4012
28 6 4003
28 7 3961
28 8 3925
28 9 4032
28 10 3638
28 11 0
28 12 0
28 13 0
28 14 0
28 15 0
28 16 0
28 17 0
28 18 0
28 19 0
28 20 0
28 21 0
28 22 0
28 23 0
28 24 0
28 25 0
28 26 0
28 27 0
28 28 0
28 29 0
28 30 0
28 31 0
28 32 0
28 33 0
28 34 0
28 35 0
28 36 0
28 37 0
28 38 0
28 39 0
28 40 0
28 41 0
28 42 0
28 43 0
28 44 0
28 45 0
28 46 0
28 47 0
28 48 0
28 49 0
28 50 -1

29 0 4072
29 1 3812
29 2 4056
29 3 4067
29 4 4049
29 5 3804
29 6 3836
29 7 3846
29 8 4033
29 9 3803
29 10 3936
29 11 3440
29 12 0
29 13 0
29 14 0
29 15 0
29 16 0
29 17 0
29 18 0
29 19 0
29 20 0
29 21 0
29 22 0
29 23 0
29 24 0
29 25 0
29 26 0
29 27 0
29 28 0
29 29 0
29 30 0
29 31 0
29 32 0
29 33 0
29 34 0
29 35 0
29 36 0
29 37 0
29 38 0
29 39 0
29 40 0
29 41 0
29 42 0
29 43 0
29 44 0
29 45 0
29 46 0
29 47 0
29 48 0
29 49 0
29 50 -1

30 0 3974
30 1 4089
30 2 3979
30 3 4020
30 4 3992
30 5 3905
30 6 3930
30 7 3922
30 8 3981
30 9 3908
30 10 3904
30 11 3433
30 12 0
30 13 0
30 14 0
30 15 0
30 16 0
30 17 0
30 18 0
30 19 0
30 20 0
30 21 0
30 22 0
30 23 0
30 24 0
30 25 0
30 26 0
30 27 0
30 28 0
30 29 0
30 30 0
30 31 0
30 32 0
30 33 0
30 34 0
30 35 0
30 36 0
30 37 0
30 38 0
30 39 0
30 40 0
30 41 0
30 42 0
30 43 0
30 44 0
30 45 0
30 46 0
30 47 0
30 48 0
30 49 0
30 50 -1

31 0 4081
31 1 4080
31 2 3986
31 3 3894
31 4 4027
31 5 3845
31 6 3845
31 7 3930
31 8 3794
31 9 4094
31 10 3891
31 11 3663
31 12 3936
31 13 0
31 14 0
31 15 0
31 16 0
31 17 0
31 18 0
31 19 0
31 20 0
31 21 0
31 22 0
31 23 0
31 24 0
31 25 0
31 26 0
31 27 0
31 28 0
31 29 0
31 30 0
31 31 0
31 32 0
31 33 0
31 34 0
31 35 0
31 36 0
31 37 0
31 38 0
31 39 0
31 40 0
31 41 0
31 42 0
31 43 0
31 44 0
31 45 0
31 46 0
31 47 0
31 48 0
31 49 0
31 50 -1

32 0 4065
32 1 3930
32 2 4021
32 3 3914
32 4 3942
32 5 3988
32 6 3849
32 7 3818
32 8 3762
32 9 3792
32 10 3962
32 11 3850
32 12 4313
32 13 0
32 14 0
32 15 0
32 16 0
32 17 0
32 18 0
32 19 0
32 20 0
32 21 0
32 22 0
32 23 0
32 24 0
32 25 0
32 26 0
32 27 0
32 28 0
32 29 0
32 30 0
32 31 0
32 32 0
32 33 0
32 34 0
32 35 0
32 36 0
32 37 0
32 38 0
32 39 0
32 40 0
32 41 0
32 42 0
32 43 0
32 44 0
32 45 0
32 46 0
32 47 0
32 48 0
32 49 0
32 50 -1

33 0 4000
33 1 4007
33 2 4017
33 3 3936
33 4 3992
33 5 3938
33 6 3945
33 7 4025
33 8 3967
33 9 3888
33 10 3969
33 11 3992
33 12 4106
33 13 0
33 14 0
33 15 0
33 16 0
33 17 0
33 18 0
33 19 0
33 20 0
33 21 0
33 22 0
33 23 0
33 24 0
33 25 0
33 26 0
33 27 0
33 28 0
33 29 0
33 30 0
33 31 0
33 32 0
33 33 0
33 34 0
33 35 0
33 36 0
33 37 0
33 38 0
33 39 0
33 40 0
33 41 0
33 42 0
33 43 0
33 44 0
33 45 0
33 46 0
33 47 0
33 48 0
33 49 0
33 50 -1

34 0 3972
34 1 3888
34 2 3973
34 3 3860
34 4 3883
34 5 4008
34 6 3801
34 7 3857
34 8 4102
34 9 3588
34 10 3709
34 11 3879
34 12 3847
34 13 3427
34 14 0
34 15 0
34 16 0
34 17 0
34 18 0
34 19 0
34 20 0
34 21 0
34 22 0
34 23 0
34 24 0
34 25 0
34 26 0
34 27 0
34 28 0
34 29 0
34 30 0
34 31 0
34 32 0
34 33 0
34 34 0
34 35 0
34 36 0
34 37 0
34 38 0
34 39 0
34 40 0
34 41 0
34 42 0
34 43 0
34 44 0
34 45 0
34 46 0
34 47 0
34 48 0
34 49 0
34 50 -1

35 0 3923
35 1 3923
35 2 4037
35 3 3929
35 4 3987
35 5 3891
35 6 3855
35 7 4033
35 8 3924
35 9 3854
35 10 3725
35 11 3904
35 12 3807
35 13 3661
35 14 0
35 15 0
35 16 0
35 17 0
35 18 0
35 19 0
35 20 0
35 21 0
35 22 0
35 23 0
35 24 0
35 25 0
35 26 0
35 27 0
35 28 0
35 29 0
35 30 0
35 31 0
35 32 0
35 33 0
35 34 0
35 35 0
35 36 0
35 37 0
35 38 0
35 39 0
35 40 0
35 41 0
35 42 0
35 43 0
35 44 0
35 45 0
35 46 0
35 47 0
35 48 0
35 49 0
35 50 -1

36 0 4041
36 1 3959
36 2 3894
36 3 3946
36 4 4097
36 5 3944
36 6 3705
36 7 3891
36 8 3993
36 9 3897
36 10 3873
36 11 3916
36 12 3892
36 13 3753
36 14 3773
36 15 0
36 16 0
36 17 0
36 18 0
36 19 0
36 20 0
36 21 0
36 22 0
36 23 0
36 24 0
36 25 0
36 26 0
36 27 0
36 28 0
36 29 0
36 30 0
36 31 0
36 32 0
36 33 0
36 34 0
36 35 0
36 36 0
36 37 0
36 38 0
36 39 0
36 40 0
36 41 0
36 42 0
36 43 0
36 44 0
36 45 0
36 46 0
36 47 0
36 48 0
36 49 0
36 50 -1

37 0 3925
37 1 3943
37 2 3998
37 3 3980
37 4 3879
37 5 3993
37 6 3851
37 7 3939
37 8 3982
37 9 3959
37 10 3790
37 11 3678
37 12 3832
37 13 3688
37 14 3468
37 15 0
37 16 0
37 17 0
37 18 0
37 19 0
37 20 0
37 21 0
37 22 0
37 23 0
37 24 0
37 25 0
37 26 0
37 27 0
37 28 0
37 29 0
37 30 0
37 31 0
37 32 0
37 33 0
37 34 0
37 35 0
37 36 0
37 37 0
37 38 0
37 39 0
37 40 0
37 41 0
37 42 0
37 43 0
37 44 0
37 45 0
37 46 0
37 47 0
37 48 0
37 49 0
37 50 -1

38 0 4013
38 1 3980
38 2 3957
38 3 3767
38 4 4015
38 5 3866
38 6 3901
38 7 3917
38 8 3925
38 9 3898
38 10 3815
38 11 3698
38 12 3643
38 13 3818
38 14 3615
38 15 3785
38 16 0
38 17 0
38 18 0
38 19 0
38 20 0
38 21 0
38 22 0
38 23 0
38 24 0
38 25 0
38 26 0
38 27 0
38 28 0
38 29 0
38 30 0
38 31 0
38 32 0
38 33 0
38 34 0
38 35 0
38 36 0
38 37 0
38 38 0
38 39 0
38 40 0
38 41 0
38 42 0
38 43 0
38 44 0
38 45 0
38 46 0
38 47 0
38 48 0
38 49 0
38 50 -1

39 0 3936
39 1 3993
39 2 4045
39 3 3958
39 4 3953
39 5 4075
39 6 4046
39 7 3789
39 8 3757
39 9 3758
39 10 3864
39 11 3808
39 12 3906
39 13 3830
39 14 3825
39 15 4014
39 16 0
39 17 0
39 18 0
39 19 0
39 20 0
39 21 0
39 22 0
39 23 0
39 24 0
39 25 0
39 26 0
39 27 0
39 28 0
39 29 0
39 30 0
39 31 0
39 32 0
39 33 0
39 34 0
39 35 0
39 36 0
39 37 0
39 38 0
39 39 0
39 40 0
39 41 0
39 42 0
39 43 0
39 44 0
39 45 0
39 46 0
39 47 0
39 48 0
39 49 0
39 50 -1

40 0 3903
40 1 3973
40 2 3982
40 3 4117
40 4 3970
40 5 3920
40 6 3768
40 7 3841
40 8 3999
40 9 3944
40 10 3925
40 11 3769
40 12 3938
40 13 3896
40 14 3869
40 15 4080
40 16 6476
40 17 0
40 18 0
40 19 0
40 20 0
40 21 0
40 22 0
40 23 0
40 24 0
40 25 0
40 26 0
40 27 0
40 28 0
40 29 0
40 30 0
40 31 0
40 32 0
40 33 0
40 34 0
40 35 0
40 36 0
40 37 0
40 38 0
40 39 0
40 40 0
40 41 0
40 42 0
40 43 0
40 44 0
40 45 0
40 46 0
40 47 0
40 48 0
40 49 0
40 50 -1

41 0 3903
41 1 3972
41 2 3958
41 3 4124
41 4 4002
41 5 3928
41 6 3895
41 7 3852
41 8 3911
41 9 3912
41 10 3777
41 11 3864
41 12 3953
41 13 3984
41 14 3705
41 15 4026
41 16 4366
41 17 0
41 18 0
41 19 0
41 20 0
41 21 0
41 22 0
41 23 0
41 24 0
41 25 0
41 26 0
41 27 0
41 28 0
41 29 0
41 30 0
41 31 0
41 32 0
41 33 0
41 34 0
41 35 0
41 36 0
41 37 0
41 38 0
41 39 0
41 40 0
41 41 0
41 42 0
41 43 0
41 44 0
41 45 0
41 46 0
41 47 0
41 48 0
41 49 0
41 50 -1

42 0 3816
42 1 3949
42 2 3943
42 3 3963
42 4 4089
42 5 3941
42 6 4025
42 7 3914
42 8 3810
42 9 3969
42 10 3893
42 11 3853
42 12 3758
42 13 4080
42 14 3929
42 15 3945
42 16 4309
42 17 0
42 18 0
42 19 0
42 20 0
42 21 0
42 22 0
42 23 0
42 24 0
42 25 0
42 26 0
42 27 0
42 28 0
42 29 0
42 30 0
42 31 0
42 32 0
42 33 0
42 34 0
42 35 0
42 36 0
42 37 0
42 38 0
42 39 0
42 40 0
42 41 0
42 42 0
42 43 0
42 44 0
42 45 0
42 46 0
42 47 0
42 48 0
42 49 0
42 50 -1

43 0 3955
43 1 3930
43 2 3985
43 3 3955
43 4 4016
43 5 3858
43 6 3999
43 7 4047
43 8 3894
43 9 4027
43 10 3842
43 11 3911
43 12 3928
43 13 3782
43 14 3999
43 15 3991
43 16 4082
43 17 5076
43 18 0
43 19 0
43 20 0
43 21 0
43 22 0
43 23 0
43 24 0
43 25 0
43 26 0
43 27 0
43 28 0
43 29 0
43 30 0
43 31 0
43 32 0
43 33 0
43 34 0
43 35 0
43 36 0
43 37 0
43 38 0
43 39 0
43 40 0
43 41 0
43 42 0
43 43 0
43 44 0
43 45 0
43 46 0
43 47 0
43 48 0
43 49 0
43 50 -1

44 0 3918
44 1 4049
44 2 3940
44 3 4062
44 4 3995
44 5 3852
44 6 3886
44 7 3922
44 8 3758
44 9 4067
44 10 3958
44 11 3885
44 12 3876
44 13 3894
44 14 3931
44 15 4133
44 16 3935
44 17 4060
44 18 0
44 19 0
44 20 0
44 21 0
44 22 0
44 23 0
44 24 0
44 25 0
44 26 0
44 27 0
44 28 0
44 29 0
44 30 0
44 31 0
44 32 0
44 33 0
44 34 0
44 35 0
44 36 0
44 37 0
44 38 0
44 39 0
44 40 0
44 41 0
44 42 0
44 43 0
44 44 0
44 45 0
44 46 0
44 47 0
44 48 0
44 49 0
44 50 -1

45 0 4068
45 1 3977
45 2 3987
45 3 4064
45 4 3875
45 5 3973
45 6 3824
45 7 3890
45 8 4020
45 9 4123
45 10 3992
45 11 3940
45 12 3886
45 13 3880
45 14 3988
45 15 4143
45 16 4096
45 17 3675
45 18 3795
45 19 0
45 20 0
45 21 0
45 22 0
45 23 0
45 24 0
45 25 0
45 26 0
45 27 0
45 28 0
45 29 0
45 30 0
45 31 0
45 32 0
45 33 0
45 34 0
45 35 0
45 36 0
45 37 0
45 38 0
45 39 0
45 40 0
45 41 0
45 42 0
45 43 0
45 44 0
45 45 0
45 46 0
45 47 0
45 48 0
45 49 0
45 50 -1

46 0 4046
46 1 4008
46 2 3981
46 3 3982
46 4 4109
46 5 4028
46 6 3896
46 7 3869
46 8 3840
46 9 3990
46 10 3888
46 11 3871
46 12 3741
46 13 3847
46 14 3831
46 15 3913
46 16 4055
46 17 3864
46 18 4006
46 19 0
46 20 0
46 21 0
46 22 0
46 23 0
46 24 0
46 25 0
46 26 0
46 27 0
46 28 0
46 29 0
46 30 0
46 31 0
46 32 0
46 33 0
46 34 0
46 35 0
46 36 0
46 37 0
46 38 0
46 39 0
46 40 0
46 41 0
46 42 0
46 43 0
46 44 0
46 45 0
46 46 0
46 47 0
46 48 0
46 49 0
46 50 -1

47 0 4071
47 1 3957
47 2 3898
47 3 4012
47 4 4203
47 5 4014
47 6 4026
47 7 3917
47 8 3986
47 9 3894
47 10 3953
47 11 3859
47 12 4077
47 13 3836
47 14 3861
47 15 4035
47 16 3956
47 17 4123
47 18 4193
47 19 6477
47 20 0
47 21 0
47 22 0
47 23 0
47 24 0
47 25 0
47 26 0
47 27 0
47 28 0
47 29 0
47 30 0
47 31 0
47 32 0
47 33 0
47 34 0
47 35 0
47 36 0
47 37 0
47 38 0
47 39 0
47 40 0
47 41 0
47 42 0
47 43 0
47 44 0
47 45 0
47 46 0
47 47 0
47 48 0
47 49 0
47 50 -1

48 0 3938
48 1 4094
48 2 4025
48 3 3964
48 4 4029
48 5 3968
48 6 3891
48 7 3923
48 8 3864
48 9 3787
48 10 3988
48 11 4013
48 12 3957
48 13 3935
48 14 3771
48 15 3866
48 16 3815
48 17 3900
48 18 3732
48 19 4812
48 20 0
48 21 0
48 22 0
48 23 0
48 24 0
48 25 0
48 26 0
48 27 0
48 28 0
48 29 0
48 30 0
48 31 0
48 32 0
48 33 0
48 34 0
48 35 0
48 36 0
48 37 0
48 38 0
48 39 0
48 40 0
48 41 0
48 42 0
48 43 0
48 44 0
48 45 0
48 46 0
48 47 0
48 48 0
48 49 0
48 50 -1

49 0 4025
49 1 4072
49 2 3999
49 3 3875
49 4 4094
49 5 3998
49 6 4040
49 7 3959
49 8 3779
49 9 3910
49 10 3912
49 11 4036
49 12 3888
49 13 3816
49 14 4149
49 15 3914
49 16 3799
49 17 3909
49 18 3981
49 19 3722
49 20 4161
49 21 0
49 22 0
49 23 0
49 24 0
49 25 0
49 26 0
49 27 0
49 28 0
49 29 0
49 30 0
49 31 0
49 32 0
49 33 0
49 34 0
49 35 0
49 36 0
49 37 0
49 38 0
49 39 0
49 40 0
49 41 0
49 42 0
49 43 0
49 44 0
49 45 0
49 46 0
49 47 0
49 48 0
49 49 0
49 50 -1

50 0 4038
50 1 3953
50 2 4068
50 3 3964
50 4 3988
50 5 4077
50 6 3858
50 7 3941
50 8 3763
50 9 3702
50 10 3981
50 11 3938
50 12 3839
50 13 3976
50 14 3980
50 15 3903
50 16 4059
50 17 3857
50 18 3425
50 19 3569
50 20 3244
50 21 0
50 22 0
50 23 0
50 24 0
50 25 0
50 26 0
50 27 0
50 28 0
50 29 0
50 30 0
50 31 0
50 32 0
50 33 0
50 34 0
50 35 0
50 36 0
50 37 0
50 38 0
50 39 0
50 40 0
50 41 0
50 42 0
50 43 0
50 44 0
50 45 0
50 46 0
50 47 0
50 48 0
50 49 0
50 50 -1

51 0 4070
51 1 4066
51 2 3929
51 3 3949
51 4 3857
51 5 3919
51 6 3944
51 7 3839
51 8 3920
51 9 4080
51 10 3935
51 11 3976
51 12 3757
51 13 3963
51 14 3865
51 15 3744
51 16 3944
51 17 3980
51 18 3797
51 19 3689
51 20 3408
51 21 0
51 22 0
51 23 0
51 24 0
51 25 0
51 26 0
51 27 0
51 28 0
51 29 0
51 30 0
51 31 0
51 32 0
51 33 0
51 34 0
51 35 0
51 36 0
51 37 0
51 38 0
51 39 0
51 40 0
51 41 0
51 42 0
51 43 0
51 44 0
51 45 0
51 46 0
51 47 0
51 48 0
51 49 0
51 50 -1

52 0 4027
52 1 4029
52 2 3992
52 3 4078
52 4 3935
52 5 4008
52 6 4000
52 7 3955
52 8 3797
52 9 3840
52 10 3817
52 11 3759
52 12 3958
52 13 3880
52 14 3943
52 15 3859
52 16 3772
52 17 3713
52 18 3802
52 19 3764
52 20 3445
52 21 3288
52 22 0
52 23 0
52 24 0
52 25 0
52 26 0
52 27 0
52 28 0
52 29 0
52 30 0
52 31 0
52 32 0
52 33 0
52 34 0
52 35 0
52 36 0
52 37 0
52 38 0
52 39 0
52 40 0
52 41 0
52 42 0
52 43 0
52 44 0
52 45 0
52 46 0
52 47 0
52 48 0
52 49 0
52 50 -1

53 0 4182
53 1 4065
53 2 3930
53 3 4142
53 4 3972
53 5 3879
53 6 4001
53 7 3962
53 8 3886
53 9 3898
53 10 3812
53 11 3766
53 12 3933
53 13 4059
53 14 3995
53 15 4020
53 16 3847
53 17 3927
53 18 3852
53 19 3918
53 20 3670
53 21 3503
53 22 0
53 23 0
53 24 0
53 25 0
53 26 0
53 27 0
53 28 0
53 29 0
53 30 0
53 31 0
53 32 0
53 33 0
53 34 0
53 35 0
53 36 0
53 37 0
53 38 0
53 39 0
53 40 0
53 41 0
53 42 0
53 43 0
53 44 0
53 45 0
53 46 0
53 47 0
53 48 0
53 49 0
53 50 -1

54 0 4032
54 1 4090
54 2 4009
54 3 4062
54 4 4092
54 5 3896
54 6 3894
54 7 3925
54 8 3880
54 9 3889
54 10 3714
54 11 3748
54 12 3763
54 13 3958
54 14 3920
54 15 4026
54 16 4024
54 17 3756
54 18 3894
54 19 3735
54 20 3857
54 21 3438
54 22 3168
54 23 0
54 24 0
54 25 0
54 26 0
54 27 0
54 28 0
54 29 0
54 30 0
54 31 0
54 32 0
54 33 0
54 34 0
54 35 0
54 36 0
54 37 0
54 38 0
54 39 0
54 40 0
54 41 0
54 42 0
54 43 0
54 44 0
54 45 0
54 46 0
54 47 0
54 48 0
54 49 0
54 50 -1

55 0 4087
55 1 4158
55 2 4195
55 3 4060
55 4 4023
55 5 4029
55 6 3968
55 7 4173
55 8 4012
55 9 3997
55 10 3841
55 11 3842
55 12 3781
55 13 3850
55 14 3826
55 15 3987
55 16 3939
55 17 3947
55 18 3962
55 19 3861
55 20 3780
55 21 3656
55 22 3537
55 23 0
55 24 0
55 25 0
55 26 0
55 27 0
55 28 0
55 29 0
55 30 0
55 31 0
55 32 0
55 33 0
55 34 0
55 35 0
55 36 0
55 37 0
55 38 0
55 39 0
55 40 0
55 41 0
55 42 0
55 43 0
55 44 0
55 45 0
55 46 0
55 47 0
55 48 0
55 49 0
55 50 -1

56 0 4241
56 1 4265
56 2 4028
56 3 4129
56 4 3908
56 5 3917
56 6 3956
56 7 3868
56 8 3996
56 9 3937
56 10 3835
56 11 3861
56 12 3726
56 13 3838
56 14 3768
56 15 4071
56 16 3884
56 17 3825
56 18 4114
56 19 4031
56 20 3861
56 21 3675
56 22 3593
56 23 3607
56 24 0
56 25 0
56 26 0
56 27 0
56 28 0
56 29 0
56 30 0
56 31 0
56 32 0
56 33 0
56 34 0
56 35 0
56 36 0
56 37 0
56 38 0
56 39 0
56 40 0
56 41 0
56 42 0
56 43 0
56 44 0
56 45 0
56 46 0
56 47 0
56 48 0
56 49 0
56 50 -1

57 0 4297
57 1 4165
57 2 4197
57 3 4092
57 4 4040
57 5 4048
57 6 4097
57 7 3980
57 8 3936
57 9 4151
57 10 4095
57 11 3893
57 12 3754
57 13 3755
57 14 3900
57 15 3867
57 16 3900
57 17 3891
57 18 3891
57 19 3996
57 20 4015
57 21 3864
57 22 3862
57 23 3496
57 24 0
57 25 0
57 26 0
57 27 0
57 28 0
57 29 0
57 30 0
57 31 0
57 32 0
57 33 0
57 34 0
57 35 0
57 36 0
57 37 0
57 38 0
57 39 0
57 40 0
57 41 0
57 42 0
57 43 0
57 44 0
57 45 0
57 46 0
57 47 0
57 48 0
57 49 0
57 50 -1

58 0 4023
58 1 4272
58 2 4088
58 3 4022
58 4 4092
58 5 3985
58 6 3887
58 7 4082
58 8 3964
58 9 4134
58 10 4036
58 11 4030
58 12 3778
58 13 3705
58 14 3795
58 15 3663
58 16 3823
58 17 4024
58 18 4046
58 19 3785
58 20 4169
58 21 3993
58 22 4254
58 23 4167
58 24 2795
58 25 0
58 26 0
58 27 0
58 28 0
58 29 0
58 30 0
58 31 0
58 32 0
58 33 0
58 34 0
58 35 0
58 36 0
58 37 0
58 38 0
58 39 0
58 40 0
58 41 0
58 42 0
58 43 0
58 44 0
58 45 0
58 46 0
58 47 0
58 48 0
58 49 0
58 50 -1

59 0 4020
59 1 4207
59 2 4051
59 3 4034
59 4 4118
59 5 4066
59 6 3971
59 7 4035
59 8 4095
59 9 3949
59 10 4045
59 11 4106
59 12 3887
59 13 3886
59 14 3802
59 15 3797
59 16 3848
59 17 3738
59 18 4011
59 19 3943
59 20 3947
59 21 3944
59 22 4145
59 23 4041
59 24 4750
59 25 0
59 26 0
59 27 0
59 28 0
59 29 0
59 30 0
59 31 0
59 32 0
59 33 0
59 34 0
59 35 0
59 36 0
59 37 0
59 38 0
59 39 0
59 40 0
59 41 0
59 42 0
59 43 0
59 44 0
59 45 0
59 46 0
59 47 0
59 48 0
59 49 0
59 50 -1

60 0 4147
60 1 4290
60 2 4192
60 3 4127
60 4 4107
60 5 4144
60 6 3910
60 7 3985
60 8 3991
60 9 3949
60 10 4114
60 11 4095
60 12 4083
60 13 3787
60 14 3800
60 15 3823
60 16 3858
60 17 3822
60 18 3679
60 19 3877
60 20 4075
60 21 4203
60 22 4074
60 23 4122
60 24 4331
60 25 10179
60 26 0
60 27 0
60 28 0
60 29 0
60 30 0
60 31 0
60 32 0
60 33 0
60 34 0
60 35 0
60 36 0
60 37 0
60 38 0
60 39 0
60 40 0
60 41 0
60 42 0
60 43 0
60 44 0
60 45 0
60 46 0
60 47 0
60 48 0
60 49 0
60 50 -1

61 0 4052
61 1 4143
61 2 4046
61 3 4193
61 4 4147
61 5 4078
61 6 4028
61 7 3977
61 8 4064
61 9 4110
61 10 3923
61 11 4000
61 12 4001
61 13 4020
61 14 3852
61 15 3797
61 16 3875
61 17 3792
61 18 3938
61 19 3800
61 20 4053
61 21 3897
61 22 4259
61 23 4100
61 24 4281
61 25 4679
61 26 0
61 27 0
61 28 0
61 29 0
61 30 0
61 31 0
61 32 0
61 33 0
61 34 0
61 35 0
61 36 0
61 37 0
61 38 0
61 39 0
61 40 0
61 41 0
61 42 0
61 43 0
61 44 0
61 45 0
61 46 0
61 47 0
61 48 0
61 49 0
61 50 -1

62 0 4265
62 1 4185
62 2 4181
62 3 4057
62 4 4071
62 5 4073
62 6 3950
62 7 4077
62 8 4058
62 9 3990
62 10 3961
62 11 3863
62 12 4012
62 13 3922
62 14 3955
62 15 3711
62 16 3917
62 17 3788
62 18 3860
62 19 3757
62 20 3832
62 21 4053
62 22 3881
62 23 4271
62 24 4150
62 25 4563
62 26 0
62 27 0
62 28 0
62 29 0
62 30 0
62 31 0
62 32 0
62 33 0
62 34 0
62 35 0
62 36 0
62 37 0
62 38 0
62 39 0
62 40 0
62 41 0
62 42 0
62 43 0
62 44 0
62 45 0
62 46 0
62 47 0
62 48 0
62 49 0
62 50 -1

63 0 4381
63 1 4176
63 2 4033
63 3 4197
63 4 4142
63 5 3972
63 6 4139
63 7 4089
63 8 3992
63 9 4085
63 10 4042
63 11 4019
63 12 4024
63 13 3981
63 14 4132
63 15 4000
63 16 3916
63 17 3783
63 18 3967
63 19 3884
63 20 3841
63 21 3980
63 22 3856
63 23 3995
63 24 4398
63 25 4463
63 26 4814
63 27 0
63 28 0
63 29 0
63 30 0
63 31 0
63 32 0
63 33 0
63 34 0
63 35 0
63 36 0
63 37 0
63 38 0
63 39 0
63 40 0
63 41 0
63 42 0
63 43 0
63 44 0
63 45 0
63 46 0
63 47 0
63 48 0
63 49 0
63 50 -1

64 0 0
64 1 4192
64 2 4151
64 3 4164
64 4 4007
64 5 3981
64 6 4051
64 7 4165
64 8 4173
64 9 4066
64 10 3973
64 11 4140
64 12 4004
64 13 4021
64 14 4022
64 15 3930
64 16 4023
64 17 3899
64 18 3702
64 19 3771
64 20 3827
64 21 3850
64 22 4073
64 23 4045
64 24 4042
64 25 4126
64 26 4679
64 27 0
64 28 0
64 29 0
64 30 0
64 31 0
64 32 0
64 33 0
64 34 0
64 35 0
64 36 0
64 37 0
64 38 0
64 39 0
64 40 0
64 41 0
64 42 0
64 43 0
64 44 0
64 45 0
64 46 0
64 47 0
64 48 0
64 49 0
64 50 -1

65 0 0
65 1 0
65 2 4189
65 3 4058
65 4 4021
65 5 4047
65 6 3901
65 7 4002
65 8 4102
65 9 4036
65 10 4097
65 11 4067
65 12 4145
65 13 3943
65 14 4143
65 15 4052
65 16 4185
65 17 4004
65 18 3848
65 19 3803
65 20 3758
65 21 3958
65 22 3965
65 23 3901
65 24 4091
65 25 4205
65 26 4581
65 27 5691
65 28 0
65 29 0
65 30 0
65 31 0
65 32 0
65 33 0
65 34 0
65 35 0
65 36 0
65 37 0
65 38 0
65 39 0
65 40 0
65 41 0
65 42 0
65 43 0
65 44 0
65 45 0
65 46 0
65 47 0
65 48 0
65 49 0
65 50 -1

66 0 0
66 1 0
66 2 0
66 3 3978
66 4 4155
66 5 4197
66 6 4049
66 7 3979
66 8 4056
66 9 4089
66 10 4079
66 11 4124
66 12 4060
66 13 4137
66 14 3989
66 15 3838
66 16 3973
66 17 3907
66 18 3839
66 19 3961
66 20 3821
66 21 3824
66 22 4014
66 23 3965
66 24 4065
66 25 4069
66 26 4208
66 27 4615
66 28 0
66 29 0
66 30 0
66 31 0
66 32 0
66 33 0
66 34 0
66 35 0
66 36 0
66 37 0
66 38 0
66 39 0
66 40 0
66 41 0
66 42 0
66 43 0
66 44 0
66 45 0
66 46 0
66 47 0
66 48 0
66 49 0
66 50 -1

67 0 0
67 1 0
67 2 0
67 3 0
67 4 4095
67 5 4035
67 6 4146
67 7 3976
67 8 3952
67 9 4010
67 10 4185
67 11 4110
67 12 4104
67 13 4064
67 14 3963
67 15 4020
67 16 3848
67 17 3831
67 18 3986
67 19 3835
67 20 3896
67 21 3742
67 22 3944
67 23 4070
67 24 4102
67 25 3826
67 26 4241
67 27 4116
67 28 5813
67 29 0
67 30 0
67 31 0
67 32 0
67 33 0
67 34 0
67 35 0
67 36 0
67 37 0
67 38 0
67 39 0
67 40 0
67 41 0
67 42 0
67 43 0
67 44 0
67 45 0
67 46 0
67 47 0
67 48 0
67 49 0
67 50 -1

68 0 0
68 1 0
68 2 0
68 3 0
68 4 0
68 5 4024
68 6 4042
68 7 3987
68 8 4036
68 9 4074
68 10 3998
68 11 4113
68 12 4119
68 13 4208
68 14 4103
68 15 3849
68 16 3913
68 17 3666
68 18 3885
68 19 4076
68 20 3944
68 21 4007
68 22 3836
68 23 4044
68 24 4150
68 25 4213
68 26 4073
68 27 4305
68 28 4168
68 29 0
68 30 0
68 31 0
68 32 0
68 33 0
68 34 0
68 35 0
68 36 0
68 37 0
68 38 0
68 39 0
68 40 0
68 41 0
68 42 0
68 43 0
68 44 0
68 45 0
68 46 0
68 47 0
68 48 0
68 49 0
68 50 -1

69 0 0
69 1 0
69 2 0
69 3 0
69 4 0
69 5 0
69 6 4174
69 7 4180
69 8 4003
69 9 4006
69 10 4080
69 11 4047
69 12 4035
69 13 4131
69 14 4115
69 15 4185
69 16 4025
69 17 4002
69 18 3953
69 19 3948
69 20 3859
69 21 3990
69 22 4168
69 23 4016
69 24 3900
69 25 4012
69 26 4028
69 27 4167
69 28 4196
69 29 5020
69 30 0
69 31 0
69 32 0
69 33 0
69 34 0
69 35 0
69 36 0
69 37 0
69 38 0
69 39 0
69 40 0
69 41 0
69 42 0
69 43 0
69 44 0
69 45 0
69 46 0
69 47 0
69 48 0
69 49 0
69 50 -1

70 0 0
70 1 0
70 2 0
70 3 0
70 4 0
70 5 0
70 6 0
70 7 4156
70 8 4094
70 9 4141
70 10 4020
70 11 4118
70 12 4096
70 13 4101
70 14 4150
70 15 4132
70 16 3979
70 17 3958
70 18 3941
70 19 4015
70 20 3889
70 21 3942
70 22 3948
70 23 4114
70 24 3867
70 25 4077
70 26 4149
70 27 3991
70 28 4255
70 29 4380
70 30 0
70 31 0
70 32 0
70 33 0
70 34 0
70 35 0
70 36 0
70 37 0
70 38 0
70 39 0
70 40 0
70 41 0
70 42 0
70 43 0
70 44 0
70 45 0
70 46 0
70 47 0
70 48 0
70 49 0
70 50 -1

71 0 0
71 1 0
71 2 0
71 3 0
71 4 0
71 5 0
71 6 0
71 7 0
71 8 4106
71 9 4209
71 10 3871
71 11 3934
71 12 4035
71 13 4078
71 14 4161
71 15 4212
71 16 4122
71 17 4089
71 18 3993
71 19 4019
71 20 3981
71 21 3940
71 22 4034
71 23 3839
71 24 4011
71 25 3833
71 26 3913
71 27 4026
71 28 3907
71 29 4279
71 30 5441
71 31 0
71 32 0
71 33 0
71 34 0
71 35 0
71 36 0
71 37 0
71 38 0
71 39 0
71 40 0
71 41 0
71 42 0
71 43 0
71 44 0
71 45 0
71 46 0
71 47 0
71 48 0
71 49 0
71 50 -1

72 0 0
72 1 0
72 2 0
72 3 0
72 4 0
72 5 0
72 6 0
72 7 0
72 8 0
72 9 4109
72 10 4072
72 11 4053
72 12 4076
72 13 4104
72 14 4182
72 15 4118
72 16 4248
72 17 4282
72 18 4142
72 19 4156
72 20 3899
72 21 4042
72 22 4031
72 23 4155
72 24 4013
72 25 3782
72 26 4070
72 27 4079
72 28 3913
72 29 3913
72 30 4157
72 31 0
72 32 0
72 33 0
72 34 0
72 35 0
72 36 0
72 37 0
72 38 0
72 39 0
72 40 0
72 41 0
72 42 0
72 43 0
72 44 0
72 45 0
72 46 0
72 47 0
72 48 0
72 49 0
72 50 -1

73 0 0
73 1 0
73 2 0
73 3 0
73 4 0
73 5 0
73 6 0
73 7 0
73 8 0
73 9 0
73 10 3930
73 11 3988
73 12 3957
73 13 3849
73 14 3923
73 15 4247
73 16 4253
73 17 4141
73 18 4088
73 19 4209
73 20 4131
73 21 4063
73 22 3981
73 23 4074
73 24 4178
73 25 3922
73 26 3972
73 27 3858
73 28 3806
73 29 4132
73 30 4173
73 31 0
73 32 0
73 33 0
73 34 0
73 35 0
73 36 0
73 37 0
73 38 0
73 39 0
73 40 0
73 41 0
73 42 0
73 43 0
73 44 0
73 45 0
73 46 0
73 47 0
73 48 0
73 49 0
73 50 -1

74 0 0
74 1 0
74 2 0
74 3 0
74 4 0
74 5 0
74 6 0
74 7 0
74 8 0
74 9 0
74 10 0
74 11 3964
74 12 4102
74 13 3985
74 14 4016
74 15 3935
74 16 4152
74 17 4086
74 18 4216
74 19 4313
74 20 3993
74 21 3929
74 22 4047
74 23 4100
74 24 4132
74 25 4135
74 26 4083
74 27 4091
74 28 3816
74 29 3836
74 30 4349
74 31 4433
74 32 0
74 33 0
74 34 0
74 35 0
74 36 0
74 37 0
74 38 0
74 39 0
74 40 0
74 41 0
74 42 0
74 43 0
74 44 0
74 45 0
74 46 0
74 47 0
74 48 0
74 49 0
74 50 -1

75 0 0
75 1 0
75 2 0
75 3 0
75 4 0
75 5 0
75 6 0
75 7 0
75 8 0
75 9 0
75 10 0
75 11 0
75 12 3942
75 13 4158
75 14 4070
75 15 3838
75 16 4034
75 17 4202
75 18 4223
75 19 4134
75 20 3994
75 21 4182
75 22 3993
75 23 3934
75 24 4129
75 25 3984
75 26 3965
75 27 3920
75 28 4117
75 29 3963
75 30 3862
75 31 4051
75 32 0
75 33 0
75 34 0
75 35 0
75 36 0
75 37 0
75 38 0
75 39 0
75 40 0
75 41 0
75 42 0
75 43 0
75 44 0
75 45 0
75 46 0
75 47 0
75 48 0
75 49 0
75 50 -1

76 0 0
76 1 0
76 2 0
76 3 0
76 4 0
76 5 0
76 6 0
76 7 0
76 8 0
76 9 0
76 10 0
76 11 0
76 12 0
76 13 4126
76 14 4002
76 15 4009
76 16 3958
76 17 4136
76 18 4131
76 19 4076
76 20 4210
76 21 4138
76 22 4078
76 23 4085
76 24 4048
76 25 4121
76 26 3915
76 27 4145
76 28 3993
76 29 4218
76 30 4055
76 31 3911
76 32 3926
76 33 0
76 34 0
76 35 0
76 36 0
76 37 0
76 38 0
76 39 0
76 40 0
76 41 0
76 42 0
76 43 0
76 44 0
76 45 0
76 46 0
76 47 0
76 48 0
76 49 0
76 50 -1

77 0 0
77 1 0
77 2 0
77 3 0
77 4 0
77 5 0
77 6 0
77 7 0
77 8 0
77 9 0
77 10 0
77 11 0
77 12 0
77 13 0
77 14 4157
77 15 4032
77 16 3951
77 17 3940
77 18 3972
77 19 4101
77 20 4196
77 21 4171
77 22 4195
77 23 4103
77 24 4239
77 25 4070
77 26 3996
77 27 3889
77 28 4146
77 29 4179
77 30 4034
77 31 4233
77 32 3917
77 33 0
77 34 0
77 35 0
77 36 0
77 37 0
77 38 0
77 39 0
77 40 0
77 41 0
77 42 0
77 43 0
77 44 0
77 45 0
77 46 0
77 47 0
77 48 0
77 49 0
77 50 -1

78 0 0
78 1 0
78 2 0
78 3 0
78 4 0
78 5 0
78 6 0
78 7 0
78 8 0
78 9 0
78 10 0
78 11 0
78 12 0
78 13 0
78 14 0
78 15 3912
78 16 4035
78 17 3836
78 18 3840
78 19 4043
78 20 4012
78 21 4252
78 22 4197
78 23 4179
78 24 4158
78 25 4097
78 26 4011
78 27 4030
78 28 4017
78 29 4011
78 30 4287
78 31 4105
78 32 4116
78 33 3560
78 34 0
78 35 0
78 36 0
78 37 0
78 38 0
78 39 0
78 40 0
78 41 0
78 42 0
78 43 0
78 44 0
78 45 0
78 46 0
78 47 0
78 48 0
78 49 0
78 50 -1

79 0 0
79 1 0
79 2 0
79 3 0
79 4 0
79 5 0
79 6 0
79 7 0
79 8 0
79 9 0
79 10 0
79 11 0
79 12 0
79 13 0
79 14 0
79 15 0
79 16 4038
79 17 4026
79 18 3936
79 19 3968
79 20 4032
79 21 4094
79 22 4227
79 23 4073
79 24 4180
79 25 4020
79 26 4115
79 27 4063
79 28 3872
79 29 3931
79 30 4102
79 31 4200
79 32 4438
79 33 3743
79 34 0
79 35 0
79 36 0
79 37 0
79 38 0
79 39 0
79 40 0
79 41 0
79 42 0
79 43 0
79 44 0
79 45 0
79 46 0
79 47 0
79 48 0
79 49 0
79 50 -1

80 0 0
80 1 0
80 2 0
80 3 0
80 4 0
80 5 0
80 6 0
80 7 0
80 8 0
80 9 0
80 10 0
80 11 0
80 12 0
80 13 0
80 14 0
80 15 0
80 16 0
80 17 3972
80 18 3876
80 19 4010
80 20 3926
80 21 4100
80 22 4162
80 23 4138
80 24 4069
80 25 4193
80 26 4091
80 27 4093
80 28 4019
80 29 4068
80 30 4120
80 31 4071
80 32 4316
80 33 3940
80 34 2426
80 35 0
80 36 0
80 37 0
80 38 0
80 39 0
80 40 0
80 41 0
80 42 0
80 43 0
80 44 0
80 45 0
80 46 0
80 47 0
80 48 0
80 49 0
80 50 -1

81 0 0
81 1 0
81 2 0
81 3 0
81 4 0
81 5 0
81 6 0
81 7 0
81 8 0
81 9 0
81 10 0
81 11 0
81 12 0
81 13 0
81 14 0
81 15 0
81 16 0
81 17 0
81 18 3981
81 19 3695
81 20 4027
81 21 4103
81 22 4235
81 23 4151
81 24 4065
81 25 4095
81 26 4145
81 27 4030
81 28 3926
81 29 4081
81 30 4149
81 31 4024
81 32 4200
81 33 4332
81 34 3829
81 35 0
81 36 0
81 37 0
81 38 0
81 39 0
81 40 0
81 41 0
81 42 0
81 43 0
81 44 0
81 45 0
81 46 0
81 47 0
81 48 0
81 49 0
81 50 -1

82 0 0
82 1 0
82 2 0
82 3 0
82 4 0
82 5 0
82 6 0
82 7 0
82 8 0
82 9 0
82 10 0
82 11 0
82 12 0
82 13 0
82 14 0
82 15 0
82 16 0
82 17 0
82 18 0
82 19 3888
82 20 3956
82 21 3844
82 22 3982
82 23 4063
82 24 4191
82 25 4146
82 26 3953
82 27 4011
82 28 4151
82 29 4063
82 30 4073
82 31 4130
82 32 4020
82 33 4257
82 34 4447
82 35 2470
82 36 0
82 37 0
82 38 0
82 39 0
82 40 0
82 41 0
82 42 0
82 43 0
82 44 0
82 45 0
82 46 0
82 47 0
82 48 0
82 49 0
82 50 -1

83 0 0
83 1 0
83 2 0
83 3 0
83 4 0
83 5 0
83 6 0
83 7 0
83 8 0
83 9 0
83 10 0
83 11 0
83 12 0
83 13 0
83 14 0
83 15 0
83 16 0
83 17 0
83 18 0
83 19 0
83 20 3846
83 21 3973
83 22 3809
83 23 4107
83 24 4241
83 25 4178
83 26 4049
83 27 4063
83 28 4157
83 29 4115
83 30 4106
83 31 4032
83 32 4199
83 33 4178
83 34 4614
83 35 4467
83 36 0
83 37 0
83 38 0
83 39 0
83 40 0
83 41 0
83 42 0
83 43 0
83 44 0
83 45 0
83 46 0
83 47 0
83 48 0
83 49 0
83 50 -1

84 0 0
84 1 0
84 2 0
84 3 0
84 4 0
84 5 0
84 6 0
84 7 0
84 8 0
84 9 0
84 10 0
84 11 0
84 12 0
84 13 0
84 14 0
84 15 0
84 16 0
84 17 0
84 18 0
84 19 0
84 20 0
84 21 3828
84 22 3855
84 23 3956
84 24 3990
84 25 4239
84 26 4136
84 27 4005
84 28 4017
84 29 4175
84 30 3991
84 31 4057
84 32 4091
84 33 4217
84 34 4097
84 35 4439
84 36 11068
84 37 0
84 38 0
84 39 0
84 40 0
84 41 0
84 42 0
84 43 0
84 44 0
84 45 0
84 46 0
84 47 0
84 48 0
84 49 0
84 50 -1

85 0 0
85 1 0
85 2 0
85 3 0
85 4 0
85 5 0
85 6 0
85 7 0
85 8 0
85 9 0
85 10 0
85 11 0
85 12 0
85 13 0
85 14 0
85 15 0
85 16 0
85 17 0
85 18 0
85 19 0
85 20 0
85 21 0
85 22 3858
85 23 3974
85 24 3958
85 25 3992
85 26 4222
85 27 4353
85 28 4041
85 29 4093
85 30 4123
85 31 4035
85 32 3885
85 33 4012
85 34 4539
85 35 4182
85 36 4942
85 37 0
85 38 0
85 39 0
85 40 0
85 41 0
85 42 0
85 43 0
85 44 0
85 45 0
85 46 0
85 47 0
85 48 0
85 49 0
85 50 -1

86 0 0
86 1 0
86 2 0
86 3 0
86 4 0
86 5 0
86 6 0
86 7 0
86 8 0
86 9 0
86 10 0
86 11 0
86 12 0
86 13 0
86 14 0
86 15 0
86 16 0
86 17 0
86 18 0
86 19 0
86 20 0
86 21 0
86 22 0
86 23 3851
86 24 3993
86 25 3981
86 26 4108
86 27 4075
86 28 4050
86 29 4011
86 30 4298
86 31 3961
86 32 4068
86 33 4017
86 34 3990
86 35 4566
86 36 4482
86 37 0
86 38 0
86 39 0
86 40 0
86 41 0
86 42 0
86 43 0
86 44 0
86 45 0
86 46 0
86 47 0
86 48 0
86 49 0
86 50 -1

87 0 0
87 1 0
87 2 0
87 3 0
87 4 0
87 5 0
87 6 0
87 7 0
87 8 0
87 9 0
87 10 0
87 11 0
87 12 0
87 13 0
87 14 0
87 15 0
87 16 0
87 17 0
87 18 0
87 19 0
87 20 0
87 21 0
87 22 0
87 23 0
87 24 4035
87 25 3969
87 26 4026
87 27 4070
87 28 4098
87 29 4092
87 30 4150
87 31 4092
87 32 4056
87 33 4210
87 34 3965
87 35 4035
87 36 4379
87 37 4900
87 38 0
87 39 0
87 40 0
87 41 0
87 42 0
87 43 0
87 44 0
87 45 0
87 46 0
87 47 0
87 48 0
87 49 0
87 50 -1

88 0 0
88 1 0
88 2 0
88 3 0
88 4 0
88 5 0
88 6 0
88 7 0
88 8 0
88 9 0
88 10 0
88 11 0
88 12 0
88 13 0
88 14 0
88 15 0
88 16 0
88 17 0
88 18 0
88 19 0
88 20 0
88 21 0
88 22 0
88 23 0
88 24 0
88 25 3978
88 26 3948
88 27 3903
88 28 4131
88 29 4135
88 30 4045
88 31 4136
88 32 4174
88 33 4027
88 34 4042
88 35 4138
88 36 4150
88 37 4536
88 38 0
88 39 0
88 40 0
88 41 0
88 42 0
88 43 0
88 44 0
88 45 0
88 46 0
88 47 0
88 48 0
88 49 0
88 50 -1

89 0 0
89 1 0
89 2 0
89 3 0
89 4 0
89 5 0
89 6 0
89 7 0
89 8 0
89 9 0
89 10 0
89 11 0
89 12 0
89 13 0
89 14 0
89 15 0
89 16 0
89 17 0
89 18 0
89 19 0
89 20 0
89 21 0
89 22 0
89 23 0
89 24 0
89 25 0
89 26 4042
89 27 4020
89 28 4046
89 29 4076
89 30 4138
89 31 4124
89 32 4095
89 33 4148
89 34 4022
89 35 4155
89 36 3991
89 37 4045
89 38 4437
89 39 0
89 40 0
89 41 0
89 42 0
89 43 0
89 44 0
89 45 0
89 46 0
89 47 0
89 48 0
89 49 0
89 50 -1

90 0 0
90 1 0
90 2 0
90 3 0
90 4 0
90 5 0
90 6 0
90 7 0
90 8 0
90 9 0
90 10 0
90 11 0
90 12 0
90 13 0
90 14 0
90 15 0
90 16 0
90 17 0
90 18 0
90 19 0
90 20 0
90 21 0
90 22 0
90 23 0
90 24 0
90 25 0
90 26 0
90 27 3982
90 28 3995
90 29 4019
90 30 4088
90 31 4104
90 32 4070
90 33 4175
90 34 4352
90 35 3940
90 36 4213
90 37 3934
90 38 3793
90 39 0
90 40 0
90 41 0
90 42 0
90 43 0
90 44 0
90 45 0
90 46 0
90 47 0
90 48 0
90 49 0
90 50 -1

91 0 0
91 1 0
91 2 0
91 3 0
91 4 0
91 5 0
91 6 0
91 7 0
91 8 0
91 9 0
91 10 0
91 11 0
91 12 0
91 13 0
91 14 0
91 15 0
91 16 0
91 17 0
91 18 0
91 19 0
91 20 0
91 21 0
91 22 0
91 23 0
91 24 0
91 25 0
91 26 0
91 27 0
91 28 4039
91 29 3882
91 30 3915
91 31 4169
91 32 3848
91 33 4093
91 34 4354
91 35 4151
91 36 4043
91 37 4128
91 38 4430
91 39 4115
91 40 0
91 41 0
91 42 0
91 43 0
91 44 0
91 45 0
91 46 0
91 47 0
91 48 0
91 49 0
91 50 -1

92 0 0
92 1 0
92 2 0
92 3 0
92 4 0
92 5 0
92 6 0
92 7 0
92 8 0
92 9 0
92 10 0
92 11 0
92 12 0
92 13 0
92 14 0
92 15 0
92 16 0
92 17 0
92 18 0
92 19 0
92 20 0
92 21 0
92 22 0
92 23 0
92 24 0
92 25 0
92 26 0
92 27 0
92 28 0
92 29 3944
92 30 4062
92 31 3959
92 32 4067
92 33 3958
92 34 3936
92 35 4225
92 36 4203
92 37 4135
92 38 3738
92 39 4528
92 40 0
92 41 0
92 42 0
92 43 0
92 44 0
92 45 0
92 46 0
92 47 0
92 48 0
92 49 0
92 50 -1

93 0 0
93 1 0
93 2 0
93 3 0
93 4 0
93 5 0
93 6 0
93 7 0
93 8 0
93 9 0
93 10 0
93 11 0
93 12 0
93 13 0
93 14 0
93 15 0
93 16 0
93 17 0
93 18 0
93 19 0
93 20 0
93 21 0
93 22 0
93 23 0
93 24 0
93 25 0
93 26 0
93 27 0
93 28 0
93 29 0
93 30 3864
93 31 3917
93 32 3893
93 33 4078
93 34 3862
93 35 3847
93 36 4261
93 37 4232
93 38 4029
93 39 4090
93 40 4539
93 41 0
93 42 0
93 43 0
93 44 0
93 45 0
93 46 0
93 47 0
93 48 0
93 49 0
93 50 -1

94 0 0
94 1 0
94 2 0
94 3 0
94 4 0
94 5 0
94 6 0
94 7 0
94 8 0
94 9 0
94 10 0
94 11 0
94 12 0
94 13 0
94 14 0
94 15 0
94 16 0
94 17 0
94 18 0
94 19 0
94 20 0
94 21 0
94 22 0
94 23 0
94 24 0
94 25 0
94 26 0
94 27 0
94 28 0
94 29 0
94 30 0
94 31 4052
94 32 3801
94 33 3929
94 34 4051
94 35 4076
94 36 3938
94 37 4359
94 38 4165
94 39 3854
94 40 4099
94 41 0
94 42 0
94 43 0
94 44 0
94 45 0
94 46 0
94 47 0
94 48 0
94 49 0
94 50 -1

95 0 0
95 1 0
95 2 0
95 3 0
95 4 0
95 5 0
95 6 0
95 7 0
95 8 0
95 9 0
95 10 0
95 11 0
95 12 0
95 13 0
95 14 0
95 15 0
95 16 0
95 17 0
95 18 0
95 19 0
95 20 0
95 21 0
95 22 0
95 23 0
95 24 0
95 25 0
95 26 0
95 27 0
95 28 0
95 29 0
95 30 0
95 31 0
95 32 4079
95 33 3944
95 34 3737
95 35 4025
95 36 4096
95 37 3908
95 38 4161
95 39 4353
95 40 4094
95 41 3794
95 42 0
95 43 0
95 44 0
95 45 0
95 46 0
95 47 0
95 48 0
95 49 0
95 50 -1

96 0 0
96 1 0
96 2 0
96 3 0
96 4 0
96 5 0
96 6 0
96 7 0
96 8 0
96 9 0
96 10 0
96 11 0
96 12 0
96 13 0
96 14 0
96 15 0
96 16 0
96 17 0
96 18 0
96 19 0
96 20 0
96 21 0
96 22 0
96 23 0
96 24 0
96 25 0
96 26 0
96 27 0
96 28 0
96 29 0
96 30 0
96 31 0
96 32 0
96 33 3999
96 34 3927
96 35 3755
96 36 3952
96 37 4075
96 38 3948
96 39 4259
96 40 4405
96 41 3944
96 42 0
96 43 0
96 44 0
96 45 0
96 46 0
96 47 0
96 48 0
96 49 0
96 50 -1

97 0 0
97 1 0
97 2 0
97 3 0
97 4 0
97 5 0
97 6 0
97 7 0
97 8 0
97 9 0
97 10 0
97 11 0
97 12 0
97 13 0
97 14 0
97 15 0
97 16 0
97 17 0
97 18 0
97 19 0
97 20 0
97 21 0
97 22 0
97 23 0
97 24 0
97 25 0
97 26 0
97 27 0
97 28 0
97 29 0
97 30 0
97 31 0
97 32 0
97 33 0
97 34 3942
97 35 4013
97 36 3969
97 37 3905
97 38 3938
97 39 4008
97 40 4237
97 41 4360
97 42 7494
97 43 0
97 44 0
97 45 0
97 46 0
97 47 0
97 48 0
97 49 0
97 50 -1

98 0 0
98 1 0
98 2 0
98 3 0
98 4 0
98 5 0
98 6 0
98 7 0
98 8 0
98 9 0
98 10 0
98 11 0
98 12 0
98 13 0
98 14 0
98 15 0
98 16 0
98 17 0
98 18 0
98 19 0
98 20 0
98 21 0
98 22 0
98 23 0
98 24 0
98 25 0
98 26 0
98 27 0
98 28 0
98 29 0
98 30 0
98 31 0
98 32 0
98 33 0
98 34 0
98 35 3999
98 36 4080
98 37 3864
98 38 3856
98 39 3982
98 40 4083
98 41 4119
98 42 4401
98 43 0
98 44 0
98 45 0
98 46 0
98 47 0
98 48 0
98 49 0
98 50 -1

99 0 0
99 1 0
99 2 0
99 3 0
99 4 0
99 5 0
99 6 0
99 7 0
99 8 0
99 9 0
99 10 0
99 11 0
99 12 0
99 13 0
99 14 0
99 15 0
99 16 0
99 17 0
99 18 0
99 19 0
99 20 0
99 21 0
99 22 0
99 23 0
99 24 0
99 25 0
99 26 0
99 27 0
99 28 0
99 29 0
99 30 0
99 31 0
99 32 0
99 33 0
99 34 0
99 35 0
99 36 4022
99 37 3886
99 38 3804
99 39 3929
99 40 3832
99 41 4271
99 42 3977
99 43 0
99 44 0
99 45 0
99 46 0
99 47 0
99 48 0
99 49 0
99 50 -1

100 0 0
100 1 0
100 2 0
100 3 0
100 4 0
100 5 0
100 6 0
100 7 0
100 8 0
100 9 0
100 10 0
100 11 0
100 12 0
100 13 0
100 14 0
100 15 0
100 16 0
100 17 0
100 18 0
100 19 0
100 20 0
100 21 0
100 22 0
100 23 0
100 24 0
100 25 0
100 26 0
100 27 0
100 28 0
100 29 0
100 30 0
100 31 0
100 32 0
100 33 0
100 34 0
100 35 0
100 36 0
100 37 4019
100 38 3934
100 39 4013
100 40 3992
100 41 3685
100 42 4015
100 43 3858
100 44 0
100 45 0
100 46 0
100 47 0
100 48 0
100 49 0
100 50 -1

101 0 0
101 1 0
101 2 0
101 3 0
101 4 0
101 5 0
101 6 0
101 7 0
101 8 0
101 9 0
101 10 0
101 11 0
101 12 0
101 13 0
101 14 0
101 15 0
101 16 0
101 17 0
101 18 0
101 19 0
101 20 0
101 21 0
101 22 0
101 23 0
101 24 0
101 25 0
101 26 0
101 27 0
101 28 0
101 29 0
101 30 0
101 31 0
101 32 0
101 33 0
101 34 0
101 35 0
101 36 0
101 37 0
101 38 4115
101 39 3960
101 40 4007
101 41 3833
101 42 3813
101 43 4242
101 44 0
101 45 0
101 46 0
101 47 0
101 48 0
101 49 0
101 50 -1

102 0 0
102 1 0
102 2 0
102 3 0
102 4 0
102 5 0
102 6 0
102 7 0
102 8 0
102 9 0
102 10 0
102 11 0
102 12 0
102 13 0
102 14 0
102 15 0
102 16 0
102 17 0
102 18 0
102 19 0
102 20 0
102 21 0
102 22 0
102 23 0
102 24 0
102 25 0
102 26 0
102 27 0
102 28 0
102 29 0
102 30 0
102 31 0
102 32 0
102 33 0
102 34 0
102 35 0
102 36 0
102 37 0
102 38 0
102 39 4106
102 40 3991
102 41 4107
102 42 3678
102 43 3798
102 44 4287
102 45 0
102 46 0
102 47 0
102 48 0
102 49 0
102 50 -1

103 0 0
103 1 0
103 2 0
103 3 0
103 4 0
103 5 0
103 6 0
103 7 0
103 8 0
103 9 0
103 10 0
103 11 0
103 12 0
103 13 0
103 14 0
103 15 0
103 16 0
103 17 0
103 18 0
103 19 0
103 20 0
103 21 0
103 22 0
103 23 0
103 24 0
103 25 0
103 26 0
103 27 0
103 28 0
103 29 0
103 30 0
103 31 0
103 32 0
103 33 0
103 34 0
103 35 0
103 36 0
103 37 0
103 38 0
103 39 0
103 40 3902
103 41 3839
103 42 3877
103 43 3835
103 44 3919
103 45 0
103 46 0
103 47 0
103 48 0
103 49 0
103 50 -1

104 0 0
104 1 0
104 2 0
104 3 0
104 4 0
104 5 0
104 6 0
104 7 0
104 8 0
104 9 0
104 10 0
104 11 0
104 12 0
104 13 0
104 14 0
104 15 0
104 16 0
104 17 0
104 18 0
104 19 0
104 20 0
104 21 0
104 22 0
104 23 0
104 24 0
104 25 0
104 26 0
104 27 0
104 28 0
104 29 0
104 30 0
104 31 0
104 32 0
104 33 0
104 34 0
104 35 0
104 36 0
104 37 0
104 38 0
104 39 0
104 40 0
104 41 3985
104 42 3821
104 43 3853
104 44 3950
104 45 4002
104 46 0
104 47 0
104 48 0
104 49 0
104 50 -1

105 0 0
105 1 0
105 2 0
105 3 0
105 4 0
105 5 0
105 6 0
105 7 0
105 8 0
105 9 0
105 10 0
105 11 0
105 12 0
105 13 0
105 14 0
105 15 0
105 16 0
105 17 0
105 18 0
105 19 0
105 20 0
105 21 0
105 22 0
105 23 0
105 24 0
105 25 0
105 26 0
105 27 0
105 28 0
105 29 0
105 30 0
105 31 0
105 32 0
105 33 0
105 34 0
105 35 0
105 36 0
105 37 0
105 38 0
105 39 0
105 40 0
105 41 0
105 42 3875
105 43 3963
105 44 3827
105 45 3904
105 46 0
105 47 0
105 48 0
105 49 0
105 50 -1

106 0 0
106 1 0
106 2 0
106 3 0
106 4 0
106 5 0
106 6 0
106 7 0
106 8 0
106 9 0
106 10 0
106 11 0
106 12 0
106 13 0
106 14 0
106 15 0
106 16 0
106 17 0
106 18 0
106 19 0
106 20 0
106 21 0
106 22 0
106 23 0
106 24 0
106 25 0
106 26 0
106 27 0
106 28 0
106 29 0
106 30 0
106 31 0
106 32 0
106 33 0
106 34 0
106 35 0
106 36 0
106 37 0
106 38 0
106 39 0
106 40 0
106 41 0
106 42 0
106 43 3975
106 44 3853
106 45 3988
106 46 4185
106 47 0
106 48 0
106 49 0
106 50 -1

107 0 0
107 1 0
107 2 0
107 3 0
107 4 0
107 5 0
107 6 0
107 7 0
107 8 0
107 9 0
107 10 0
107 11 0
107 12 0
107 13 0
107 14 0
107 15 0
107 16 0
107 17 0
107 18 0
107 19 0
107 20 0
107 21 0
107 22 0
107 23 0
107 24 0
107 25 0
107 26 0
107 27 0
107 28 0
107 29 0
107 30 0
107 31 0
107 32 0
107 33 0
107 34 0
107 35 0
107 36 0
107 37 0
107 38 0
107 39 0
107 40 0
107 41 0
107 42 0
107 43 0
107 44 3907
107 45 3858
107 46 3908
107 47 0
107 48 0
107 49 0
107 50 -1

108 0 0
108 1 0
108 2 0
108 3 0
108 4 0
108 5 0
108 6 0
108 7 0
108 8 0
108 9 0
108 10 0
108 11 0
108 12 0
108 13 0
108 14 0
108 15 0
108 16 0
108 17 0
108 18 0
108 19 0
108 20 0
108 21 0
108 22 0
108 23 0
108 24 0
108 25 0
108 26 0
108 27 0
108 28 0
108 29 0
108 30 0
108 31 0
108 32 0
108 33 0
108 34 0
108 35 0
108 36 0
108 37 0
108 38 0
108 39 0
108 40 0
108 41 0
108 42 0
108 43 0
108 44 0
108 45 3816
108 46 3678
108 47 3796
108 48 0
108 49 0
108 50 -1

109 0 0
109 1 0
109 2 0
109 3 0
109 4 0
109 5 0
109 6 0
109 7 0
109 8 0
109 9 0
109 10 0
109 11 0
109 12 0
109 13 0
109 14 0
109 15 0
109 16 0
109 17 0
109 18 0
109 19 0
109 20 0
109 21 0
109 22 0
109 23 0
109 24 0
109 25 0
109 26 0
109 27 0
109 28 0
109 29 0
109 30 0
109 31 0
109 32 0
109 33 0
109 34 0
109 35 0
109 36 0
109 37 0
109 38 0
109 39 0
109 40 0
109 41 0
109 42 0
109 43 0
109 44 0
109 45 0
109 46 3899
109 47 3631
109 48 0
109 49 0
109 50 -1

110 0 0
110 1 0
110 2 0
110 3 0
110 4 0
110 5 0
110 6 0
110 7 0
110 8 0
110 9 0
110 10 0
110 11 0
110 12 0
110 13 0
110 14 0
110 15 0
110 16 0
110 17 0
110 18 0
110 19 0
110 20 0
110 21 0
110 22 0
110 23 0
110 24 0
110 25 0
110 26 0
110 27 0
110 28 0
110 29 0
110 30 0
110 31 0
110 32 0
110 33 0
110 34 0
110 35 0
110 36 0
110 37 0
110 38 0
110 39 0
110 40 0
110 41 0
110 42 0
110 43 0
110 44 0
110 45 0
110 46 0
110 47 3794
110 48 3683
110 49 0
110 50 -1

111 0 0
111 1 0
111 2 0
111 3 0
111 4 0
111 5 0
111 6 0
111 7 0
111 8 0
111 9 0
111 10 0
111 11 0
111 12 0
111 13 0
111 14 0
111 15 0
111 16 0
111 17 0
111 18 0
111 19 0
111 20 0
111 21 0
111 22 0
111 23 0
111 24 0
111 25 0
111 26 0
111 27 0
111 28 0
111 29 0
111 30 0
111 31 0
111 32 0
111 33 0
111 34 0
111 35 0
111 36 0
111 37 0
111 38 0
111 39 0
111 40 0
111 41 0
111 42 0
111 43 0
111 44 0
111 45 0
111 46 0
111 47 0
111 48 3813
111 49 0
111 50 -1

112 0 0
112 1 0
112 2 0
112 3 0
112 4 0
112 5 0
112 6 0
112 7 0
112 8 0
112 9 0
112 10 0
112 11 0
112 12 0
112 13 0
112 14 0
112 15 0
112 16 0
112 17 0
112 18 0
112 19 0
112 20 0
112 21 0
112 22 0
112 23 0
112 24 0
112 25 0
112 26 0
112 27 0
112 28 0
112 29 0
112 30 0
112 31 0
112 32 0
112 33 0
112 34 0
112 35 0
112 36 0
112 37 0
112 38 0
112 39 0
112 40 0
112 41 0
112 42 0
112 43 0
112 44 0
112 45 0
112 46 0
112 47 0
112 48 0
112 49 3931
112 50 -1

