# qcoord = 4
# qdih = 3

0 0 -1
0 1 -1
0 2 -1
0 3 -1
0 4 -1
0 5 -1
0 6 -1
0 7 -1
0 8 -1
0 9 -1
0 10 -1
0 11 -1
0 12 -1
0 13 -1
0 14 -1
0 15 -1
0 16 -1
0 17 -1
0 18 -1
0 19 -1
0 20 -1
0 21 -1
0 22 -1
0 23 -1
0 24 -1
0 25 -1
0 26 -1
0 27 -1
0 28 -1
0 29 -1
0 30 -1
0 31 -1
0 32 -1
0 33 -1
0 34 -1
0 35 -1
0 36 -1
0 37 -1
0 38 -1
0 39 -1
0 40 -1
0 41 -1
0 42 -1

1 0 -0
1 1 -1
1 2 -1
1 3 -1
1 4 -1
1 5 -1
1 6 -1
1 7 -1
1 8 -1
1 9 -1
1 10 -1
1 11 -1
1 12 -1
1 13 -1
1 14 -1
1 15 -1
1 16 -1
1 17 -1
1 18 -1
1 19 -1
1 20 -1
1 21 -1
1 22 -1
1 23 -1
1 24 -1
1 25 -1
1 26 -1
1 27 -1
1 28 -1
1 29 -1
1 30 -1
1 31 -1
1 32 -1
1 33 -1
1 34 -1
1 35 -1
1 36 -1
1 37 -1
1 38 -1
1 39 -1
1 40 -1
1 41 -1
1 42 -1

2 0 -0
2 1 -1
2 2 -1
2 3 -1
2 4 -1
2 5 -1
2 6 -1
2 7 -1
2 8 -1
2 9 -1
2 10 -1
2 11 -1
2 12 -1
2 13 -1
2 14 -1
2 15 -1
2 16 -1
2 17 -1
2 18 -1
2 19 -1
2 20 -1
2 21 -1
2 22 -1
2 23 -1
2 24 -1
2 25 -1
2 26 -1
2 27 -1
2 28 -1
2 29 -1
2 30 -1
2 31 -1
2 32 -1
2 33 -1
2 34 -1
2 35 -1
2 36 -1
2 37 -1
2 38 -1
2 39 -1
2 40 -1
2 41 -1
2 42 -1

3 0 -0
3 1 -1
3 2 -1
3 3 -1
3 4 -1
3 5 -1
3 6 -1
3 7 -1
3 8 -1
3 9 -1
3 10 -1
3 11 -1
3 12 -1
3 13 -1
3 14 -1
3 15 -1
3 16 -1
3 17 -1
3 18 -1
3 19 -1
3 20 -1
3 21 -1
3 22 -1
3 23 -1
3 24 -1
3 25 -1
3 26 -1
3 27 -1
3 28 -1
3 29 -1
3 30 -1
3 31 -1
3 32 -1
3 33 -1
3 34 -1
3 35 -1
3 36 -1
3 37 -1
3 38 -1
3 39 -1
3 40 -1
3 41 -1
3 42 -1

4 0 -0
4 1 -1
4 2 -1
4 3 -1
4 4 -1
4 5 -1
4 6 -1
4 7 -1
4 8 -1
4 9 -1
4 10 -1
4 11 -1
4 12 -1
4 13 -1
4 14 -1
4 15 -1
4 16 -1
4 17 -1
4 18 -1
4 19 -1
4 20 -1
4 21 -1
4 22 -1
4 23 -1
4 24 -1
4 25 -1
4 26 -1
4 27 -1
4 28 -1
4 29 -1
4 30 -1
4 31 -1
4 32 -1
4 33 -1
4 34 -1
4 35 -1
4 36 -1
4 37 -1
4 38 -1
4 39 -1
4 40 -1
4 41 -1
4 42 -1

5 0 -0
5 1 -1
5 2 -1
5 3 -1
5 4 -1
5 5 -1
5 6 -1
5 7 -1
5 8 -1
5 9 -1
5 10 -1
5 11 -1
5 12 -1
5 13 -1
5 14 -1
5 15 -1
5 16 -1
5 17 -1
5 18 -1
5 19 -1
5 20 -1
5 21 -1
5 22 -1
5 23 -1
5 24 -1
5 25 -1
5 26 -1
5 27 -1
5 28 -1
5 29 -1
5 30 -1
5 31 -1
5 32 -1
5 33 -1
5 34 -1
5 35 -1
5 36 -1
5 37 -1
5 38 -1
5 39 -1
5 40 -1
5 41 -1
5 42 -1

6 0 -0
6 1 5.49306
6 2 -1
6 3 -1
6 4 -1
6 5 -1
6 6 -1
6 7 -1
6 8 -1
6 9 -1
6 10 -1
6 11 -1
6 12 -1
6 13 -1
6 14 -1
6 15 -1
6 16 -1
6 17 -1
6 18 -1
6 19 -1
6 20 -1
6 21 -1
6 22 -1
6 23 -1
6 24 -1
6 25 -1
6 26 -1
6 27 -1
6 28 -1
6 29 -1
6 30 -1
6 31 -1
6 32 -1
6 33 -1
6 34 -1
6 35 -1
6 36 -1
6 37 -1
6 38 -1
6 39 -1
6 40 -1
6 41 -1
6 42 -1

7 0 -0
7 1 5.49306
7 2 -1
7 3 -1
7 4 -1
7 5 -1
7 6 -1
7 7 -1
7 8 -1
7 9 -1
7 10 -1
7 11 -1
7 12 -1
7 13 -1
7 14 -1
7 15 -1
7 16 -1
7 17 -1
7 18 -1
7 19 -1
7 20 -1
7 21 -1
7 22 -1
7 23 -1
7 24 -1
7 25 -1
7 26 -1
7 27 -1
7 28 -1
7 29 -1
7 30 -1
7 31 -1
7 32 -1
7 33 -1
7 34 -1
7 35 -1
7 36 -1
7 37 -1
7 38 -1
7 39 -1
7 40 -1
7 41 -1
7 42 -1

8 0 -0
8 1 5.51139
8 2 -1
8 3 -1
8 4 -1
8 5 -1
8 6 -1
8 7 -1
8 8 -1
8 9 -1
8 10 -1
8 11 -1
8 12 -1
8 13 -1
8 14 -1
8 15 -1
8 16 -1
8 17 -1
8 18 -1
8 19 -1
8 20 -1
8 21 -1
8 22 -1
8 23 -1
8 24 -1
8 25 -1
8 26 -1
8 27 -1
8 28 -1
8 29 -1
8 30 -1
8 31 -1
8 32 -1
8 33 -1
8 34 -1
8 35 -1
8 36 -1
8 37 -1
8 38 -1
8 39 -1
8 40 -1
8 41 -1
8 42 -1

9 0 -0
9 1 5.53074
9 2 -1
9 3 -1
9 4 -1
9 5 -1
9 6 -1
9 7 -1
9 8 -1
9 9 -1
9 10 -1
9 11 -1
9 12 -1
9 13 -1
9 14 -1
9 15 -1
9 16 -1
9 17 -1
9 18 -1
9 19 -1
9 20 -1
9 21 -1
9 22 -1
9 23 -1
9 24 -1
9 25 -1
9 26 -1
9 27 -1
9 28 -1
9 29 -1
9 30 -1
9 31 -1
9 32 -1
9 33 -1
9 34 -1
9 35 -1
9 36 -1
9 37 -1
9 38 -1
9 39 -1
9 40 -1
9 41 -1
9 42 -1

10 0 -0
10 1 5.5445
10 2 8.7889
10 3 -1
10 4 -1
10 5 -1
10 6 -1
10 7 -1
10 8 -1
10 9 -1
10 10 -1
10 11 -1
10 12 -1
10 13 -1
10 14 -1
10 15 -1
10 16 -1
10 17 -1
10 18 -1
10 19 -1
10 20 -1
10 21 -1
10 22 -1
10 23 -1
10 24 -1
10 25 -1
10 26 -1
10 27 -1
10 28 -1
10 29 -1
10 30 -1
10 31 -1
10 32 -1
10 33 -1
10 34 -1
10 35 -1
10 36 -1
10 37 -1
10 38 -1
10 39 -1
10 40 -1
10 41 -1
10 42 -1

11 0 -0
11 1 5.56363
11 2 8.87931
11 3 -1
11 4 -1
11 5 -1
11 6 -1
11 7 -1
11 8 -1
11 9 -1
11 10 -1
11 11 -1
11 12 -1
11 13 -1
11 14 -1
11 15 -1
11 16 -1
11 17 -1
11 18 -1
11 19 -1
11 20 -1
11 21 -1
11 22 -1
11 23 -1
11 24 -1
11 25 -1
11 26 -1
11 27 -1
11 28 -1
11 29 -1
11 30 -1
11 31 -1
11 32 -1
11 33 -1
11 34 -1
11 35 -1
11 36 -1
11 37 -1
11 38 -1
11 39 -1
11 40 -1
11 41 -1
11 42 -1

12 0 -0
12 1 5.58917
12 2 8.95549
12 3 9.88751
12 4 -1
12 5 -1
12 6 -1
12 7 -1
12 8 -1
12 9 -1
12 10 -1
12 11 -1
12 12 -1
12 13 -1
12 14 -1
12 15 -1
12 16 -1
12 17 -1
12 18 -1
12 19 -1
12 20 -1
12 21 -1
12 22 -1
12 23 -1
12 24 -1
12 25 -1
12 26 -1
12 27 -1
12 28 -1
12 29 -1
12 30 -1
12 31 -1
12 32 -1
12 33 -1
12 34 -1
12 35 -1
12 36 -1
12 37 -1
12 38 -1
12 39 -1
12 40 -1
12 41 -1
12 42 -1

13 0 -0
13 1 5.59818
13 2 9.03241
13 3 9.88751
13 4 -1
13 5 -1
13 6 -1
13 7 -1
13 8 -1
13 9 -1
13 10 -1
13 11 -1
13 12 -1
13 13 -1
13 14 -1
13 15 -1
13 16 -1
13 17 -1
13 18 -1
13 19 -1
13 20 -1
13 21 -1
13 22 -1
13 23 -1
13 24 -1
13 25 -1
13 26 -1
13 27 -1
13 28 -1
13 29 -1
13 30 -1
13 31 -1
13 32 -1
13 33 -1
13 34 -1
13 35 -1
13 36 -1
13 37 -1
13 38 -1
13 39 -1
13 40 -1
13 41 -1
13 42 -1

14 0 -0
14 1 5.60571
14 2 9.11226
14 3 10.0557
14 4 -1
14 5 -1
14 6 -1
14 7 -1
14 8 -1
14 9 -1
14 10 -1
14 11 -1
14 12 -1
14 13 -1
14 14 -1
14 15 -1
14 16 -1
14 17 -1
14 18 -1
14 19 -1
14 20 -1
14 21 -1
14 22 -1
14 23 -1
14 24 -1
14 25 -1
14 26 -1
14 27 -1
14 28 -1
14 29 -1
14 30 -1
14 31 -1
14 32 -1
14 33 -1
14 34 -1
14 35 -1
14 36 -1
14 37 -1
14 38 -1
14 39 -1
14 40 -1
14 41 -1
14 42 -1

15 0 -0
15 1 5.62014
15 2 9.18435
15 3 10.315
15 4 -1
15 5 -1
15 6 -1
15 7 -1
15 8 -1
15 9 -1
15 10 -1
15 11 -1
15 12 -1
15 13 -1
15 14 -1
15 15 -1
15 16 -1
15 17 -1
15 18 -1
15 19 -1
15 20 -1
15 21 -1
15 22 -1
15 23 -1
15 24 -1
15 25 -1
15 26 -1
15 27 -1
15 28 -1
15 29 -1
15 30 -1
15 31 -1
15 32 -1
15 33 -1
15 34 -1
15 35 -1
15 36 -1
15 37 -1
15 38 -1
15 39 -1
15 40 -1
15 41 -1
15 42 -1

16 0 -0
16 1 5.63691
16 2 9.24211
16 3 10.5244
16 4 13.1833
16 5 -1
16 6 -1
16 7 -1
16 8 -1
16 9 -1
16 10 -1
16 11 -1
16 12 -1
16 13 -1
16 14 -1
16 15 -1
16 16 -1
16 17 -1
16 18 -1
16 19 -1
16 20 -1
16 21 -1
16 22 -1
16 23 -1
16 24 -1
16 25 -1
16 26 -1
16 27 -1
16 28 -1
16 29 -1
16 30 -1
16 31 -1
16 32 -1
16 33 -1
16 34 -1
16 35 -1
16 36 -1
16 37 -1
16 38 -1
16 39 -1
16 40 -1
16 41 -1
16 42 -1

17 0 -0
17 1 5.65991
17 2 9.30358
17 3 10.7585
17 4 13.2571
17 5 -1
17 6 -1
17 7 -1
17 8 -1
17 9 -1
17 10 -1
17 11 -1
17 12 -1
17 13 -1
17 14 -1
17 15 -1
17 16 -1
17 17 -1
17 18 -1
17 19 -1
17 20 -1
17 21 -1
17 22 -1
17 23 -1
17 24 -1
17 25 -1
17 26 -1
17 27 -1
17 28 -1
17 29 -1
17 30 -1
17 31 -1
17 32 -1
17 33 -1
17 34 -1
17 35 -1
17 36 -1
17 37 -1
17 38 -1
17 39 -1
17 40 -1
17 41 -1
17 42 -1

18 0 -0
18 1 5.66433
18 2 9.37378
18 3 10.9906
18 4 13.3871
18 5 14.282
18 6 -1
18 7 -1
18 8 -1
18 9 -1
18 10 -1
18 11 -1
18 12 -1
18 13 -1
18 14 -1
18 15 -1
18 16 -1
18 17 -1
18 18 -1
18 19 -1
18 20 -1
18 21 -1
18 22 -1
18 23 -1
18 24 -1
18 25 -1
18 26 -1
18 27 -1
18 28 -1
18 29 -1
18 30 -1
18 31 -1
18 32 -1
18 33 -1
18 34 -1
18 35 -1
18 36 -1
18 37 -1
18 38 -1
18 39 -1
18 40 -1
18 41 -1
18 42 -1

19 0 -0
19 1 5.68793
19 2 9.45054
19 3 11.2053
19 4 13.5425
19 5 14.282
19 6 -1
19 7 -1
19 8 -1
19 9 -1
19 10 -1
19 11 -1
19 12 -1
19 13 -1
19 14 -1
19 15 -1
19 16 -1
19 17 -1
19 18 -1
19 19 -1
19 20 -1
19 21 -1
19 22 -1
19 23 -1
19 24 -1
19 25 -1
19 26 -1
19 27 -1
19 28 -1
19 29 -1
19 30 -1
19 31 -1
19 32 -1
19 33 -1
19 34 -1
19 35 -1
19 36 -1
19 37 -1
19 38 -1
19 39 -1
19 40 -1
19 41 -1
19 42 -1

20 0 -0
20 1 5.69379
20 2 9.49931
20 3 11.3893
20 4 13.7051
20 5 14.5206
20 6 -1
20 7 -1
20 8 -1
20 9 -1
20 10 -1
20 11 -1
20 12 -1
20 13 -1
20 14 -1
20 15 -1
20 16 -1
20 17 -1
20 18 -1
20 19 -1
20 20 -1
20 21 -1
20 22 -1
20 23 -1
20 24 -1
20 25 -1
20 26 -1
20 27 -1
20 28 -1
20 29 -1
20 30 -1
20 31 -1
20 32 -1
20 33 -1
20 34 -1
20 35 -1
20 36 -1
20 37 -1
20 38 -1
20 39 -1
20 40 -1
20 41 -1
20 42 -1

21 0 -0
21 1 5.71108
21 2 9.54081
21 3 11.5328
21 4 13.9206
21 5 14.8286
21 6 -1
21 7 -1
21 8 -1
21 9 -1
21 10 -1
21 11 -1
21 12 -1
21 13 -1
21 14 -1
21 15 -1
21 16 -1
21 17 -1
21 18 -1
21 19 -1
21 20 -1
21 21 -1
21 22 -1
21 23 -1
21 24 -1
21 25 -1
21 26 -1
21 27 -1
21 28 -1
21 29 -1
21 30 -1
21 31 -1
21 32 -1
21 33 -1
21 34 -1
21 35 -1
21 36 -1
21 37 -1
21 38 -1
21 39 -1
21 40 -1
21 41 -1
21 42 -1

22 0 -0
22 1 5.7188
22 2 9.63461
22 3 11.7226
22 4 14.0473
22 5 15.1649
22 6 17.5778
22 7 -1
22 8 -1
22 9 -1
22 10 -1
22 11 -1
22 12 -1
22 13 -1
22 14 -1
22 15 -1
22 16 -1
22 17 -1
22 18 -1
22 19 -1
22 20 -1
22 21 -1
22 22 -1
22 23 -1
22 24 -1
22 25 -1
22 26 -1
22 27 -1
22 28 -1
22 29 -1
22 30 -1
22 31 -1
22 32 -1
22 33 -1
22 34 -1
22 35 -1
22 36 -1
22 37 -1
22 38 -1
22 39 -1
22 40 -1
22 41 -1
22 42 -1

23 0 -0
23 1 5.72501
23 2 9.66665
23 3 11.838
23 4 14.2558
23 5 15.4564
23 6 17.6453
23 7 -1
23 8 -1
23 9 -1
23 10 -1
23 11 -1
23 12 -1
23 13 -1
23 14 -1
23 15 -1
23 16 -1
23 17 -1
23 18 -1
23 19 -1
23 20 -1
23 21 -1
23 22 -1
23 23 -1
23 24 -1
23 25 -1
23 26 -1
23 27 -1
23 28 -1
23 29 -1
23 30 -1
23 31 -1
23 32 -1
23 33 -1
23 34 -1
23 35 -1
23 36 -1
23 37 -1
23 38 -1
23 39 -1
23 40 -1
23 41 -1
23 42 -1

24 0 -0
24 1 5.73886
24 2 9.7033
24 3 11.9579
24 4 14.3749
24 5 15.7241
24 6 17.7984
24 7 18.6764
24 8 -1
24 9 -1
24 10 -1
24 11 -1
24 12 -1
24 13 -1
24 14 -1
24 15 -1
24 16 -1
24 17 -1
24 18 -1
24 19 -1
24 20 -1
24 21 -1
24 22 -1
24 23 -1
24 24 -1
24 25 -1
24 26 -1
24 27 -1
24 28 -1
24 29 -1
24 30 -1
24 31 -1
24 32 -1
24 33 -1
24 34 -1
24 35 -1
24 36 -1
24 37 -1
24 38 -1
24 39 -1
24 40 -1
24 41 -1
24 42 -1

25 0 -0
25 1 5.74651
25 2 9.7387
25 3 12.0603
25 4 14.5545
25 5 15.9932
25 6 17.9659
25 7 18.6764
25 8 -1
25 9 -1
25 10 -1
25 11 -1
25 12 -1
25 13 -1
25 14 -1
25 15 -1
25 16 -1
25 17 -1
25 18 -1
25 19 -1
25 20 -1
25 21 -1
25 22 -1
25 23 -1
25 24 -1
25 25 -1
25 26 -1
25 27 -1
25 28 -1
25 29 -1
25 30 -1
25 31 -1
25 32 -1
25 33 -1
25 34 -1
25 35 -1
25 36 -1
25 37 -1
25 38 -1
25 39 -1
25 40 -1
25 41 -1
25 42 -1

26 0 -0
26 1 5.77692
26 2 9.79747
26 3 12.1588
26 4 14.7124
26 5 16.262
26 6 18.2164
26 7 19.0049
26 8 -1
26 9 -1
26 10 -1
26 11 -1
26 12 -1
26 13 -1
26 14 -1
26 15 -1
26 16 -1
26 17 -1
26 18 -1
26 19 -1
26 20 -1
26 21 -1
26 22 -1
26 23 -1
26 24 -1
26 25 -1
26 26 -1
26 27 -1
26 28 -1
26 29 -1
26 30 -1
26 31 -1
26 32 -1
26 33 -1
26 34 -1
26 35 -1
26 36 -1
26 37 -1
26 38 -1
26 39 -1
26 40 -1
26 41 -1
26 42 -1

27 0 -0
27 1 5.77703
27 2 9.84875
27 3 12.3205
27 4 14.8509
27 5 16.4489
27 6 18.448
27 7 19.4052
27 8 -1
27 9 -1
27 10 -1
27 11 -1
27 12 -1
27 13 -1
27 14 -1
27 15 -1
27 16 -1
27 17 -1
27 18 -1
27 19 -1
27 20 -1
27 21 -1
27 22 -1
27 23 -1
27 24 -1
27 25 -1
27 26 -1
27 27 -1
27 28 -1
27 29 -1
27 30 -1
27 31 -1
27 32 -1
27 33 -1
27 34 -1
27 35 -1
27 36 -1
27 37 -1
27 38 -1
27 39 -1
27 40 -1
27 41 -1
27 42 -1

28 0 -0
28 1 5.78871
28 2 9.92398
28 3 12.45
28 4 15.0018
28 5 16.7373
28 6 18.6493
28 7 19.8127
28 8 21.9722
28 9 -1
28 10 -1
28 11 -1
28 12 -1
28 13 -1
28 14 -1
28 15 -1
28 16 -1
28 17 -1
28 18 -1
28 19 -1
28 20 -1
28 21 -1
28 22 -1
28 23 -1
28 24 -1
28 25 -1
28 26 -1
28 27 -1
28 28 -1
28 29 -1
28 30 -1
28 31 -1
28 32 -1
28 33 -1
28 34 -1
28 35 -1
28 36 -1
28 37 -1
28 38 -1
28 39 -1
28 40 -1
28 41 -1
28 42 -1

29 0 -0
29 1 5.79419
29 2 9.98824
29 3 12.563
29 4 15.1267
29 5 16.8954
29 6 18.9515
29 7 20.1583
29 8 22.0883
29 9 -1
29 10 -1
29 11 -1
29 12 -1
29 13 -1
29 14 -1
29 15 -1
29 16 -1
29 17 -1
29 18 -1
29 19 -1
29 20 -1
29 21 -1
29 22 -1
29 23 -1
29 24 -1
29 25 -1
29 26 -1
29 27 -1
29 28 -1
29 29 -1
29 30 -1
29 31 -1
29 32 -1
29 33 -1
29 34 -1
29 35 -1
29 36 -1
29 37 -1
29 38 -1
29 39 -1
29 40 -1
29 41 -1
29 42 -1

30 0 -0
30 1 5.80461
30 2 9.98208
30 3 12.6656
30 4 15.2674
30 5 17.1633
30 6 19.1049
30 7 20.4624
30 8 22.2745
30 9 23.0709
30 10 -1
30 11 -1
30 12 -1
30 13 -1
30 14 -1
30 15 -1
30 16 -1
30 17 -1
30 18 -1
30 19 -1
30 20 -1
30 21 -1
30 22 -1
30 23 -1
30 24 -1
30 25 -1
30 26 -1
30 27 -1
30 28 -1
30 29 -1
30 30 -1
30 31 -1
30 32 -1
30 33 -1
30 34 -1
30 35 -1
30 36 -1
30 37 -1
30 38 -1
30 39 -1
30 40 -1
30 41 -1
30 42 -1

31 0 -0
31 1 5.81062
31 2 10.0245
31 3 12.7466
31 4 15.3853
31 5 17.322
31 6 19.3103
31 7 20.735
31 8 22.496
31 9 23.3093
31 10 -1
31 11 -1
31 12 -1
31 13 -1
31 14 -1
31 15 -1
31 16 -1
31 17 -1
31 18 -1
31 19 -1
31 20 -1
31 21 -1
31 22 -1
31 23 -1
31 24 -1
31 25 -1
31 26 -1
31 27 -1
31 28 -1
31 29 -1
31 30 -1
31 31 -1
31 32 -1
31 33 -1
31 34 -1
31 35 -1
31 36 -1
31 37 -1
31 38 -1
31 39 -1
31 40 -1
31 41 -1
31 42 -1

32 0 -0
32 1 5.81842
32 2 10.0964
32 3 12.8335
32 4 15.497
32 5 17.4048
32 6 19.5706
32 7 21.0609
32 8 22.7261
32 9 23.6655
32 10 -1
32 11 -1
32 12 -1
32 13 -1
32 14 -1
32 15 -1
32 16 -1
32 17 -1
32 18 -1
32 19 -1
32 20 -1
32 21 -1
32 22 -1
32 23 -1
32 24 -1
32 25 -1
32 26 -1
32 27 -1
32 28 -1
32 29 -1
32 30 -1
32 31 -1
32 32 -1
32 33 -1
32 34 -1
32 35 -1
32 36 -1
32 37 -1
32 38 -1
32 39 -1
32 40 -1
32 41 -1
32 42 -1

33 0 -0
33 1 5.84691
33 2 10.1522
33 3 12.9616
33 4 15.7111
33 5 17.6451
33 6 19.7071
33 7 21.307
33 8 22.9967
33 9 24.022
33 10 25.2681
33 11 -1
33 12 -1
33 13 -1
33 14 -1
33 15 -1
33 16 -1
33 17 -1
33 18 -1
33 19 -1
33 20 -1
33 21 -1
33 22 -1
33 23 -1
33 24 -1
33 25 -1
33 26 -1
33 27 -1
33 28 -1
33 29 -1
33 30 -1
33 31 -1
33 32 -1
33 33 -1
33 34 -1
33 35 -1
33 36 -1
33 37 -1
33 38 -1
33 39 -1
33 40 -1
33 41 -1
33 42 -1

34 0 -0
34 1 5.85021
34 2 10.1701
34 3 13.0343
34 4 15.7617
34 5 17.8344
34 6 19.967
34 7 21.5853
34 8 23.2658
34 9 24.3497
34 10 25.5418
34 11 -1
34 12 -1
34 13 -1
34 14 -1
34 15 -1
34 16 -1
34 17 -1
34 18 -1
34 19 -1
34 20 -1
34 21 -1
34 22 -1
34 23 -1
34 24 -1
34 25 -1
34 26 -1
34 27 -1
34 28 -1
34 29 -1
34 30 -1
34 31 -1
34 32 -1
34 33 -1
34 34 -1
34 35 -1
34 36 -1
34 37 -1
34 38 -1
34 39 -1
34 40 -1
34 41 -1
34 42 -1

35 0 -0
35 1 5.85427
35 2 10.1919
35 3 13.0383
35 4 15.844
35 5 17.9952
35 6 20.2031
35 7 21.7534
35 8 23.588
35 9 24.673
35 10 25.8055
35 11 26.3667
35 12 -1
35 13 -1
35 14 -1
35 15 -1
35 16 -1
35 17 -1
35 18 -1
35 19 -1
35 20 -1
35 21 -1
35 22 -1
35 23 -1
35 24 -1
35 25 -1
35 26 -1
35 27 -1
35 28 -1
35 29 -1
35 30 -1
35 31 -1
35 32 -1
35 33 -1
35 34 -1
35 35 -1
35 36 -1
35 37 -1
35 38 -1
35 39 -1
35 40 -1
35 41 -1
35 42 -1

36 0 -0
36 1 5.84573
36 2 10.2127
36 3 13.1962
36 4 15.8905
36 5 18.1038
36 6 20.3946
36 7 22.1044
36 8 23.8387
36 9 24.9733
36 10 26.1184
36 11 26.5284
36 12 -1
36 13 -1
36 14 -1
36 15 -1
36 16 -1
36 17 -1
36 18 -1
36 19 -1
36 20 -1
36 21 -1
36 22 -1
36 23 -1
36 24 -1
36 25 -1
36 26 -1
36 27 -1
36 28 -1
36 29 -1
36 30 -1
36 31 -1
36 32 -1
36 33 -1
36 34 -1
36 35 -1
36 36 -1
36 37 -1
36 38 -1
36 39 -1
36 40 -1
36 41 -1
36 42 -1

37 0 -0
37 1 5.87513
37 2 10.2697
37 3 13.21
37 4 16.078
37 5 18.4583
37 6 20.4717
37 7 22.1323
37 8 23.9512
37 9 25.2924
37 10 26.4373
37 11 26.8781
37 12 27.4653
37 13 -1
37 14 -1
37 15 -1
37 16 -1
37 17 -1
37 18 -1
37 19 -1
37 20 -1
37 21 -1
37 22 -1
37 23 -1
37 24 -1
37 25 -1
37 26 -1
37 27 -1
37 28 -1
37 29 -1
37 30 -1
37 31 -1
37 32 -1
37 33 -1
37 34 -1
37 35 -1
37 36 -1
37 37 -1
37 38 -1
37 39 -1
37 40 -1
37 41 -1
37 42 -1

38 0 -0
38 1 5.87178
38 2 10.2942
38 3 13.2225
38 4 16.1783
38 5 18.496
38 6 20.6778
38 7 22.4726
38 8 24.1941
38 9 25.5872
38 10 26.7947
38 11 27.3193
38 12 27.4653
38 13 -1
38 14 -1
38 15 -1
38 16 -1
38 17 -1
38 18 -1
38 19 -1
38 20 -1
38 21 -1
38 22 -1
38 23 -1
38 24 -1
38 25 -1
38 26 -1
38 27 -1
38 28 -1
38 29 -1
38 30 -1
38 31 -1
38 32 -1
38 33 -1
38 34 -1
38 35 -1
38 36 -1
38 37 -1
38 38 -1
38 39 -1
38 40 -1
38 41 -1
38 42 -1

39 0 -0
39 1 5.90297
39 2 10.3393
39 3 13.5159
39 4 16.3924
39 5 18.7589
39 6 20.8193
39 7 22.6759
39 8 24.4421
39 9 25.8744
39 10 27.1569
39 11 27.7762
39 12 28.0949
39 13 -1
39 14 -1
39 15 -1
39 16 -1
39 17 -1
39 18 -1
39 19 -1
39 20 -1
39 21 -1
39 22 -1
39 23 -1
39 24 -1
39 25 -1
39 26 -1
39 27 -1
39 28 -1
39 29 -1
39 30 -1
39 31 -1
39 32 -1
39 33 -1
39 34 -1
39 35 -1
39 36 -1
39 37 -1
39 38 -1
39 39 -1
39 40 -1
39 41 -1
39 42 -1

40 0 -0
40 1 5.90965
40 2 10.3199
40 3 13.4328
40 4 16.5207
40 5 18.9083
40 6 20.9593
40 7 22.8493
40 8 24.6989
40 9 26.1359
40 10 27.4055
40 11 28.2011
40 12 28.7437
40 13 -1
40 14 -1
40 15 -1
40 16 -1
40 17 -1
40 18 -1
40 19 -1
40 20 -1
40 21 -1
40 22 -1
40 23 -1
40 24 -1
40 25 -1
40 26 -1
40 27 -1
40 28 -1
40 29 -1
40 30 -1
40 31 -1
40 32 -1
40 33 -1
40 34 -1
40 35 -1
40 36 -1
40 37 -1
40 38 -1
40 39 -1
40 40 -1
40 41 -1
40 42 -1

41 0 -0
41 1 5.89617
41 2 10.443
41 3 13.5234
41 4 16.614
41 5 18.7817
41 6 21.2058
41 7 23.2649
41 8 24.9913
41 9 26.3945
41 10 27.7454
41 11 28.6167
41 12 29.3809
41 13 30.7611
41 14 -1
41 15 -1
41 16 -1
41 17 -1
41 18 -1
41 19 -1
41 20 -1
41 21 -1
41 22 -1
41 23 -1
41 24 -1
41 25 -1
41 26 -1
41 27 -1
41 28 -1
41 29 -1
41 30 -1
41 31 -1
41 32 -1
41 33 -1
41 34 -1
41 35 -1
41 36 -1
41 37 -1
41 38 -1
41 39 -1
41 40 -1
41 41 -1
41 42 -1

42 0 -0
42 1 5.90916
42 2 10.4343
42 3 13.657
42 4 16.6532
42 5 18.9932
42 6 21.4041
42 7 23.2753
42 8 25.0977
42 9 26.581
42 10 28.0039
42 11 29.0874
42 12 29.8502
42 13 30.9566
42 14 -1
42 15 -1
42 16 -1
42 17 -1
42 18 -1
42 19 -1
42 20 -1
42 21 -1
42 22 -1
42 23 -1
42 24 -1
42 25 -1
42 26 -1
42 27 -1
42 28 -1
42 29 -1
42 30 -1
42 31 -1
42 32 -1
42 33 -1
42 34 -1
42 35 -1
42 36 -1
42 37 -1
42 38 -1
42 39 -1
42 40 -1
42 41 -1
42 42 -1

43 0 -0
43 1 5.91669
43 2 10.5324
43 3 13.7099
43 4 16.7258
43 5 19.1557
43 6 21.6309
43 7 23.4842
43 8 25.373
43 9 27.0402
43 10 28.3854
43 11 29.4184
43 12 30.3012
43 13 31.3191
43 14 31.8598
43 15 -1
43 16 -1
43 17 -1
43 18 -1
43 19 -1
43 20 -1
43 21 -1
43 22 -1
43 23 -1
43 24 -1
43 25 -1
43 26 -1
43 27 -1
43 28 -1
43 29 -1
43 30 -1
43 31 -1
43 32 -1
43 33 -1
43 34 -1
43 35 -1
43 36 -1
43 37 -1
43 38 -1
43 39 -1
43 40 -1
43 41 -1
43 42 -1

44 0 -0
44 1 5.9397
44 2 10.5581
44 3 13.805
44 4 16.9095
44 5 19.1081
44 6 21.6974
44 7 23.6809
44 8 25.7187
44 9 27.2538
44 10 28.638
44 11 29.7445
44 12 30.7316
44 13 31.713
44 14 32.3165
44 15 -1
44 16 -1
44 17 -1
44 18 -1
44 19 -1
44 20 -1
44 21 -1
44 22 -1
44 23 -1
44 24 -1
44 25 -1
44 26 -1
44 27 -1
44 28 -1
44 29 -1
44 30 -1
44 31 -1
44 32 -1
44 33 -1
44 34 -1
44 35 -1
44 36 -1
44 37 -1
44 38 -1
44 39 -1
44 40 -1
44 41 -1
44 42 -1

45 0 -0
45 1 5.94513
45 2 10.5796
45 3 13.8146
45 4 16.8388
45 5 19.4797
45 6 21.7844
45 7 23.947
45 8 25.7019
45 9 27.4825
45 10 28.8181
45 11 30.1663
45 12 31.2034
45 13 32.1463
45 14 32.8332
45 15 -1
45 16 -1
45 17 -1
45 18 -1
45 19 -1
45 20 -1
45 21 -1
45 22 -1
45 23 -1
45 24 -1
45 25 -1
45 26 -1
45 27 -1
45 28 -1
45 29 -1
45 30 -1
45 31 -1
45 32 -1
45 33 -1
45 34 -1
45 35 -1
45 36 -1
45 37 -1
45 38 -1
45 39 -1
45 40 -1
45 41 -1
45 42 -1

46 0 -0
46 1 5.95102
46 2 10.6056
46 3 13.846
46 4 17.0043
46 5 19.4871
46 6 22.0075
46 7 23.705
46 8 26.008
46 9 27.6732
46 10 29.2022
46 11 30.3639
46 12 31.5744
46 13 32.5102
46 14 33.2775
46 15 34.057
46 16 -1
46 17 -1
46 18 -1
46 19 -1
46 20 -1
46 21 -1
46 22 -1
46 23 -1
46 24 -1
46 25 -1
46 26 -1
46 27 -1
46 28 -1
46 29 -1
46 30 -1
46 31 -1
46 32 -1
46 33 -1
46 34 -1
46 35 -1
46 36 -1
46 37 -1
46 38 -1
46 39 -1
46 40 -1
46 41 -1
46 42 -1

47 0 -0
47 1 5.96591
47 2 10.593
47 3 13.976
47 4 17.0186
47 5 19.5722
47 6 22.108
47 7 24.0793
47 8 26.0458
47 9 27.9663
47 10 29.4851
47 11 30.8655
47 12 31.9148
47 13 32.8801
47 14 33.6715
47 15 34.3154
47 16 -1
47 17 -1
47 18 -1
47 19 -1
47 20 -1
47 21 -1
47 22 -1
47 23 -1
47 24 -1
47 25 -1
47 26 -1
47 27 -1
47 28 -1
47 29 -1
47 30 -1
47 31 -1
47 32 -1
47 33 -1
47 34 -1
47 35 -1
47 36 -1
47 37 -1
47 38 -1
47 39 -1
47 40 -1
47 41 -1
47 42 -1

48 0 -0
48 1 5.96685
48 2 10.6183
48 3 13.9204
48 4 17.1421
48 5 19.8232
48 6 22.3703
48 7 24.3354
48 8 26.2869
48 9 28.2666
48 10 29.6948
48 11 31.0144
48 12 32.1982
48 13 33.3001
48 14 34.0958
48 15 34.6698
48 16 35.1556
48 17 -1
48 18 -1
48 19 -1
48 20 -1
48 21 -1
48 22 -1
48 23 -1
48 24 -1
48 25 -1
48 26 -1
48 27 -1
48 28 -1
48 29 -1
48 30 -1
48 31 -1
48 32 -1
48 33 -1
48 34 -1
48 35 -1
48 36 -1
48 37 -1
48 38 -1
48 39 -1
48 40 -1
48 41 -1
48 42 -1

49 0 -0
49 1 5.98274
49 2 10.6872
49 3 14.0223
49 4 17.1408
49 5 19.7862
49 6 22.4996
49 7 24.6112
49 8 26.6507
49 9 28.3916
49 10 29.8934
49 11 31.326
49 12 32.6089
49 13 33.6261
49 14 34.5376
49 15 35.1545
49 16 35.2392
49 17 -1
49 18 -1
49 19 -1
49 20 -1
49 21 -1
49 22 -1
49 23 -1
49 24 -1
49 25 -1
49 26 -1
49 27 -1
49 28 -1
49 29 -1
49 30 -1
49 31 -1
49 32 -1
49 33 -1
49 34 -1
49 35 -1
49 36 -1
49 37 -1
49 38 -1
49 39 -1
49 40 -1
49 41 -1
49 42 -1

50 0 -0
50 1 5.97635
50 2 10.6511
50 3 14.3003
50 4 17.3991
50 5 20.1961
50 6 22.5614
50 7 24.4461
50 8 26.9352
50 9 28.5711
50 10 30.1689
50 11 31.4228
50 12 32.868
50 13 34.0694
50 14 34.9979
50 15 35.6067
50 16 35.8608
50 17 -1
50 18 -1
50 19 -1
50 20 -1
50 21 -1
50 22 -1
50 23 -1
50 24 -1
50 25 -1
50 26 -1
50 27 -1
50 28 -1
50 29 -1
50 30 -1
50 31 -1
50 32 -1
50 33 -1
50 34 -1
50 35 -1
50 36 -1
50 37 -1
50 38 -1
50 39 -1
50 40 -1
50 41 -1
50 42 -1

51 0 -0
51 1 5.9828
51 2 10.7319
51 3 14.2212
51 4 17.3448
51 5 20.1645
51 6 22.7927
51 7 25.1378
51 8 26.7917
51 9 28.7806
51 10 30.1936
51 11 31.9837
51 12 33.2228
51 13 34.3797
51 14 35.3416
51 15 36.0988
51 16 36.5051
51 17 -1
51 18 -1
51 19 -1
51 20 -1
51 21 -1
51 22 -1
51 23 -1
51 24 -1
51 25 -1
51 26 -1
51 27 -1
51 28 -1
51 29 -1
51 30 -1
51 31 -1
51 32 -1
51 33 -1
51 34 -1
51 35 -1
51 36 -1
51 37 -1
51 38 -1
51 39 -1
51 40 -1
51 41 -1
51 42 -1

52 0 -0
52 1 6.006
52 2 10.7023
52 3 14.2373
52 4 17.4808
52 5 20.1533
52 6 22.6384
52 7 25.2158
52 8 27.0458
52 9 28.9185
52 10 30.7654
52 11 32.1244
52 12 33.4619
52 13 34.7432
52 14 35.7872
52 15 36.4875
52 16 37.1015
52 17 38.4514
52 18 -1
52 19 -1
52 20 -1
52 21 -1
52 22 -1
52 23 -1
52 24 -1
52 25 -1
52 26 -1
52 27 -1
52 28 -1
52 29 -1
52 30 -1
52 31 -1
52 32 -1
52 33 -1
52 34 -1
52 35 -1
52 36 -1
52 37 -1
52 38 -1
52 39 -1
52 40 -1
52 41 -1
52 42 -1

53 0 -0
53 1 6.0012
53 2 10.8042
53 3 14.4173
53 4 17.3869
53 5 20.2502
53 6 22.7013
53 7 25.4634
53 8 27.3086
53 9 29.2071
53 10 30.8183
53 11 32.4571
53 12 33.6087
53 13 35.0633
53 14 36.0876
53 15 37.0071
53 16 37.6283
53 17 38.6412
53 18 -1
53 19 -1
53 20 -1
53 21 -1
53 22 -1
53 23 -1
53 24 -1
53 25 -1
53 26 -1
53 27 -1
53 28 -1
53 29 -1
53 30 -1
53 31 -1
53 32 -1
53 33 -1
53 34 -1
53 35 -1
53 36 -1
53 37 -1
53 38 -1
53 39 -1
53 40 -1
53 41 -1
53 42 -1

54 0 -0
54 1 5.99868
54 2 10.7466
54 3 14.1523
54 4 17.7201
54 5 20.3261
54 6 22.9377
54 7 25.2967
54 8 27.5289
54 9 29.5275
54 10 31.2999
54 11 32.808
54 12 34.2127
54 13 35.427
54 14 36.5453
54 15 37.4166
54 16 38.2518
54 17 39.001
54 18 39.55
54 19 -1
54 20 -1
54 21 -1
54 22 -1
54 23 -1
54 24 -1
54 25 -1
54 26 -1
54 27 -1
54 28 -1
54 29 -1
54 30 -1
54 31 -1
54 32 -1
54 33 -1
54 34 -1
54 35 -1
54 36 -1
54 37 -1
54 38 -1
54 39 -1
54 40 -1
54 41 -1
54 42 -1

55 0 -0
55 1 6.01791
55 2 10.7835
55 3 14.3891
55 4 17.6069
55 5 20.7125
55 6 23.4881
55 7 25.5257
55 8 27.9339
55 9 29.5565
55 10 31.2515
55 11 32.7762
55 12 34.4946
55 13 35.8005
55 14 36.8187
55 15 37.7583
55 16 38.6447
55 17 39.4581
55 18 39.8125
55 19 -1
55 20 -1
55 21 -1
55 22 -1
55 23 -1
55 24 -1
55 25 -1
55 26 -1
55 27 -1
55 28 -1
55 29 -1
55 30 -1
55 31 -1
55 32 -1
55 33 -1
55 34 -1
55 35 -1
55 36 -1
55 37 -1
55 38 -1
55 39 -1
55 40 -1
55 41 -1
55 42 -1

56 0 -0
56 1 6.03006
56 2 10.8665
56 3 14.391
56 4 17.8025
56 5 20.6666
56 6 23.217
56 7 26.0866
56 8 27.771
56 9 29.9291
56 10 31.6483
56 11 33.1379
56 12 34.8234
56 13 36.3116
56 14 37.1842
56 15 38.2637
56 16 39.1486
56 17 39.9459
56 18 40.3874
56 19 -1
56 20 -1
56 21 -1
56 22 -1
56 23 -1
56 24 -1
56 25 -1
56 26 -1
56 27 -1
56 28 -1
56 29 -1
56 30 -1
56 31 -1
56 32 -1
56 33 -1
56 34 -1
56 35 -1
56 36 -1
56 37 -1
56 38 -1
56 39 -1
56 40 -1
56 41 -1
56 42 -1

57 0 -0
57 1 6.02594
57 2 10.8593
57 3 14.2988
57 4 17.8709
57 5 20.6333
57 6 23.6673
57 7 26.0407
57 8 27.9711
57 9 30.287
57 10 32.0983
57 11 33.5666
57 12 35.2076
57 13 36.3932
57 14 37.5427
57 15 38.6278
57 16 39.6094
57 17 40.4197
57 18 40.9688
57 19 41.7473
57 20 -1
57 21 -1
57 22 -1
57 23 -1
57 24 -1
57 25 -1
57 26 -1
57 27 -1
57 28 -1
57 29 -1
57 30 -1
57 31 -1
57 32 -1
57 33 -1
57 34 -1
57 35 -1
57 36 -1
57 37 -1
57 38 -1
57 39 -1
57 40 -1
57 41 -1
57 42 -1

58 0 -0
58 1 6.04654
58 2 10.9282
58 3 14.5163
58 4 17.8732
58 5 20.7337
58 6 23.9475
58 7 26.0444
58 8 28.0957
58 9 30.3709
58 10 31.8536
58 11 33.5252
58 12 35.0938
58 13 36.6232
58 14 38.0201
58 15 39.0718
58 16 40.0776
58 17 40.8547
58 18 41.5743
58 19 42.3342
58 20 -1
58 21 -1
58 22 -1
58 23 -1
58 24 -1
58 25 -1
58 26 -1
58 27 -1
58 28 -1
58 29 -1
58 30 -1
58 31 -1
58 32 -1
58 33 -1
58 34 -1
58 35 -1
58 36 -1
58 37 -1
58 38 -1
58 39 -1
58 40 -1
58 41 -1
58 42 -1

59 0 -0
59 1 6.0524
59 2 10.9154
59 3 14.7462
59 4 18.0339
59 5 21.4382
59 6 23.6512
59 7 26.5939
59 8 28.3907
59 9 30.4601
59 10 32.1981
59 11 34.2809
59 12 35.4981
59 13 36.8401
59 14 38.3152
59 15 39.4345
59 16 40.4478
59 17 41.3787
59 18 42.1302
59 19 42.8809
59 20 -1
59 21 -1
59 22 -1
59 23 -1
59 24 -1
59 25 -1
59 26 -1
59 27 -1
59 28 -1
59 29 -1
59 30 -1
59 31 -1
59 32 -1
59 33 -1
59 34 -1
59 35 -1
59 36 -1
59 37 -1
59 38 -1
59 39 -1
59 40 -1
59 41 -1
59 42 -1

60 0 -0
60 1 6.0721
60 2 10.9474
60 3 14.612
60 4 17.9021
60 5 21.0519
60 6 23.8451
60 7 26.4491
60 8 28.6993
60 9 30.8301
60 10 32.4322
60 11 34.3246
60 12 35.7619
60 13 37.3891
60 14 38.6459
60 15 39.5476
60 16 40.8058
60 17 41.8139
60 18 42.5294
60 19 43.352
60 20 43.9445
60 21 -1
60 22 -1
60 23 -1
60 24 -1
60 25 -1
60 26 -1
60 27 -1
60 28 -1
60 29 -1
60 30 -1
60 31 -1
60 32 -1
60 33 -1
60 34 -1
60 35 -1
60 36 -1
60 37 -1
60 38 -1
60 39 -1
60 40 -1
60 41 -1
60 42 -1

61 0 -0
61 1 6.06396
61 2 10.9789
61 3 14.7078
61 4 18.4866
61 5 21.2925
61 6 23.556
61 7 26.6472
61 8 28.6716
61 9 30.5526
61 10 32.8895
61 11 33.7217
61 12 35.8348
61 13 37.5988
61 14 38.8691
61 15 40.1532
61 16 41.0193
61 17 42.1811
61 18 42.9893
61 19 43.8003
61 20 44.5055
61 21 -1
61 22 -1
61 23 -1
61 24 -1
61 25 -1
61 26 -1
61 27 -1
61 28 -1
61 29 -1
61 30 -1
61 31 -1
61 32 -1
61 33 -1
61 34 -1
61 35 -1
61 36 -1
61 37 -1
61 38 -1
61 39 -1
61 40 -1
61 41 -1
61 42 -1

62 0 -0
62 1 6.04967
62 2 10.921
62 3 14.7836
62 4 18.0161
62 5 21.5225
62 6 24.2706
62 7 26.1874
62 8 28.6858
62 9 31.0541
62 10 33.2567
62 11 34.6386
62 12 36.2144
62 13 37.9453
62 14 39.1157
62 15 40.397
62 16 41.6265
62 17 42.6346
62 18 43.4693
62 19 44.2715
62 20 44.9432
62 21 -1
62 22 -1
62 23 -1
62 24 -1
62 25 -1
62 26 -1
62 27 -1
62 28 -1
62 29 -1
62 30 -1
62 31 -1
62 32 -1
62 33 -1
62 34 -1
62 35 -1
62 36 -1
62 37 -1
62 38 -1
62 39 -1
62 40 -1
62 41 -1
62 42 -1

63 0 -0
63 1 6.07606
63 2 11.0062
63 3 14.7526
63 4 18.0172
63 5 21.4937
63 6 23.9249
63 7 27.0762
63 8 28.7254
63 9 31.3712
63 10 32.87
63 11 35.1841
63 12 36.4687
63 13 37.6631
63 14 39.4522
63 15 40.837
63 16 41.9776
63 17 42.9719
63 18 43.9584
63 19 44.7264
63 20 45.4535
63 21 46.1417
63 22 -1
63 23 -1
63 24 -1
63 25 -1
63 26 -1
63 27 -1
63 28 -1
63 29 -1
63 30 -1
63 31 -1
63 32 -1
63 33 -1
63 34 -1
63 35 -1
63 36 -1
63 37 -1
63 38 -1
63 39 -1
63 40 -1
63 41 -1
63 42 -1

64 0 -0
64 1 6.07598
64 2 11.0415
64 3 14.8993
64 4 18.0846
64 5 20.9835
64 6 24.561
64 7 26.9944
64 8 28.7001
64 9 31.3603
64 10 33.5565
64 11 34.8763
64 12 37.1082
64 13 38.4148
64 14 39.6908
64 15 40.9221
64 16 42.3297
64 17 43.4187
64 18 44.2708
64 19 45.1778
64 20 45.8927
64 21 46.4477
64 22 -1
64 23 -1
64 24 -1
64 25 -1
64 26 -1
64 27 -1
64 28 -1
64 29 -1
64 30 -1
64 31 -1
64 32 -1
64 33 -1
64 34 -1
64 35 -1
64 36 -1
64 37 -1
64 38 -1
64 39 -1
64 40 -1
64 41 -1
64 42 -1

65 0 -0
65 1 6.08543
65 2 11.0196
65 3 14.7666
65 4 18.4421
65 5 20.8652
65 6 24.6005
65 7 27.0131
65 8 28.8114
65 9 31.5649
65 10 33.5251
65 11 35.486
65 12 36.7812
65 13 38.6588
65 14 40.2738
65 15 41.1511
65 16 42.7349
65 17 43.6393
65 18 44.7667
65 19 45.6405
65 20 46.3561
65 21 46.914
65 22 47.2403
65 23 -1
65 24 -1
65 25 -1
65 26 -1
65 27 -1
65 28 -1
65 29 -1
65 30 -1
65 31 -1
65 32 -1
65 33 -1
65 34 -1
65 35 -1
65 36 -1
65 37 -1
65 38 -1
65 39 -1
65 40 -1
65 41 -1
65 42 -1

66 0 -0
66 1 6.09414
66 2 11.0642
66 3 14.9711
66 4 18.3066
66 5 21.4556
66 6 24.907
66 7 27.5664
66 8 29.066
66 9 32.0311
66 10 33.9552
66 11 36.1497
66 12 37.5631
66 13 38.9892
66 14 40.369
66 15 41.77
66 16 42.9427
66 17 43.9889
66 18 45.1099
66 19 46.0834
66 20 46.8724
66 21 47.4282
66 22 47.6385
66 23 -1
66 24 -1
66 25 -1
66 26 -1
66 27 -1
66 28 -1
66 29 -1
66 30 -1
66 31 -1
66 32 -1
66 33 -1
66 34 -1
66 35 -1
66 36 -1
66 37 -1
66 38 -1
66 39 -1
66 40 -1
66 41 -1
66 42 -1

67 0 -0
67 1 6.0783
67 2 11.0563
67 3 14.8354
67 4 18.5761
67 5 21.6898
67 6 24.7427
67 7 26.3531
67 8 29.4826
67 9 32.207
67 10 33.0222
67 11 35.9224
67 12 37.3851
67 13 38.3723
67 14 40.5432
67 15 42.2034
67 16 43.3257
67 17 44.3814
67 18 45.5468
67 19 46.4588
67 20 47.2983
67 21 47.9761
67 22 48.3636
67 23 -1
67 24 -1
67 25 -1
67 26 -1
67 27 -1
67 28 -1
67 29 -1
67 30 -1
67 31 -1
67 32 -1
67 33 -1
67 34 -1
67 35 -1
67 36 -1
67 37 -1
67 38 -1
67 39 -1
67 40 -1
67 41 -1
67 42 -1

68 0 -0
68 1 6.09903
68 2 11.1704
68 3 14.9774
68 4 18.5943
68 5 22.2631
68 6 25.0064
68 7 27.6054
68 8 29.401
68 9 32.1659
68 10 34.3716
68 11 35.5551
68 12 37.4832
68 13 39.3617
68 14 40.9329
68 15 42.1152
68 16 43.3478
68 17 44.7325
68 18 45.9344
68 19 46.8521
68 20 47.6965
68 21 48.4258
68 22 49.0319
68 23 49.4376
68 24 -1
68 25 -1
68 26 -1
68 27 -1
68 28 -1
68 29 -1
68 30 -1
68 31 -1
68 32 -1
68 33 -1
68 34 -1
68 35 -1
68 36 -1
68 37 -1
68 38 -1
68 39 -1
68 40 -1
68 41 -1
68 42 -1

69 0 -0
69 1 6.08506
69 2 11.1087
69 3 15.1871
69 4 18.2473
69 5 22.0773
69 6 24.6926
69 7 27.1433
69 8 30.0291
69 9 32.2574
69 10 34.76
69 11 36.3727
69 12 37.6028
69 13 39.3867
69 14 41.3519
69 15 42.6864
69 16 43.7808
69 17 45.0079
69 18 46.1204
69 19 47.1841
69 20 48.0904
69 21 48.8937
69 22 49.5337
69 23 50.1625
69 24 -1
69 25 -1
69 26 -1
69 27 -1
69 28 -1
69 29 -1
69 30 -1
69 31 -1
69 32 -1
69 33 -1
69 34 -1
69 35 -1
69 36 -1
69 37 -1
69 38 -1
69 39 -1
69 40 -1
69 41 -1
69 42 -1

70 0 -0
70 1 6.10649
70 2 11.1265
70 3 15.1294
70 4 18.7278
70 5 21.9542
70 6 25.0191
70 7 26.5233
70 8 30.1145
70 9 32.6596
70 10 34.5958
70 11 36.1931
70 12 38.2853
70 13 39.806
70 14 41.3742
70 15 42.6478
70 16 44.1038
70 17 45.5311
70 18 46.5439
70 19 47.4972
70 20 48.4153
70 21 49.2873
70 22 50.0417
70 23 50.7018
70 24 -1
70 25 -1
70 26 -1
70 27 -1
70 28 -1
70 29 -1
70 30 -1
70 31 -1
70 32 -1
70 33 -1
70 34 -1
70 35 -1
70 36 -1
70 37 -1
70 38 -1
70 39 -1
70 40 -1
70 41 -1
70 42 -1

71 0 -0
71 1 6.12783
71 2 11.2174
71 3 15.0104
71 4 18.6672
71 5 21.6682
71 6 24.734
71 7 27.5006
71 8 29.7785
71 9 32.8701
71 10 34.4013
71 11 36.7154
71 12 38.5725
71 13 40.4347
71 14 41.788
71 15 43.329
71 16 44.2793
71 17 45.7972
71 18 46.5699
71 19 47.8574
71 20 48.9342
71 21 49.767
71 22 50.4107
71 23 51.1348
71 24 51.6348
71 25 -1
71 26 -1
71 27 -1
71 28 -1
71 29 -1
71 30 -1
71 31 -1
71 32 -1
71 33 -1
71 34 -1
71 35 -1
71 36 -1
71 37 -1
71 38 -1
71 39 -1
71 40 -1
71 41 -1
71 42 -1

72 0 -0
72 1 6.10127
72 2 11.2564
72 3 15.2026
72 4 18.6876
72 5 21.0752
72 6 24.8821
72 7 27.9723
72 8 30.8598
72 9 31.9217
72 10 34.9855
72 11 36.7101
72 12 37.8566
72 13 40.389
72 14 41.6242
72 15 43.4067
72 16 44.9798
72 17 46.151
72 18 47.2549
72 19 48.3566
72 20 49.1791
72 21 50.1734
72 22 50.8154
72 23 51.5533
72 24 52.1415
72 25 -1
72 26 -1
72 27 -1
72 28 -1
72 29 -1
72 30 -1
72 31 -1
72 32 -1
72 33 -1
72 34 -1
72 35 -1
72 36 -1
72 37 -1
72 38 -1
72 39 -1
72 40 -1
72 41 -1
72 42 -1

73 0 -0
73 1 6.10075
73 2 11.1988
73 3 15.1126
73 4 18.7095
73 5 22.9201
73 6 24.807
73 7 27.7001
73 8 30.7764
73 9 32.6545
73 10 34.4992
73 11 36.9535
73 12 38.9707
73 13 40.7837
73 14 42.1425
73 15 43.3251
73 16 44.6223
73 17 46.1174
73 18 47.5565
73 19 48.5346
73 20 49.6505
73 21 50.4814
73 22 51.315
73 23 51.9266
73 24 52.5581
73 25 52.7334
73 26 -1
73 27 -1
73 28 -1
73 29 -1
73 30 -1
73 31 -1
73 32 -1
73 33 -1
73 34 -1
73 35 -1
73 36 -1
73 37 -1
73 38 -1
73 39 -1
73 40 -1
73 41 -1
73 42 -1

74 0 -0
74 1 6.13205
74 2 11.1938
74 3 15.1688
74 4 19.0364
74 5 22.4328
74 6 24.6092
74 7 28.1509
74 8 30.7855
74 9 33.1195
74 10 34.9173
74 11 37.5537
74 12 38.6017
74 13 40.3263
74 14 42.6724
74 15 43.8619
74 16 45.4833
74 17 46.7522
74 18 47.6363
74 19 48.7827
74 20 49.9407
74 21 50.782
74 22 51.7521
74 23 52.3673
74 24 52.9603
74 25 53.4491
74 26 -1
74 27 -1
74 28 -1
74 29 -1
74 30 -1
74 31 -1
74 32 -1
74 33 -1
74 34 -1
74 35 -1
74 36 -1
74 37 -1
74 38 -1
74 39 -1
74 40 -1
74 41 -1
74 42 -1

75 0 -0
75 1 6.13627
75 2 11.2467
75 3 15.5635
75 4 18.902
75 5 21.8317
75 6 25.1008
75 7 28.0711
75 8 30.9298
75 9 33.5161
75 10 35.285
75 11 37.2732
75 12 39.4239
75 13 41.1521
75 14 42.5318
75 15 44.2669
75 16 45.7538
75 17 46.8325
75 18 48.2395
75 19 49.2652
75 20 50.3449
75 21 51.157
75 22 52.0118
75 23 52.7897
75 24 53.3983
75 25 53.8949
75 26 -1
75 27 -1
75 28 -1
75 29 -1
75 30 -1
75 31 -1
75 32 -1
75 33 -1
75 34 -1
75 35 -1
75 36 -1
75 37 -1
75 38 -1
75 39 -1
75 40 -1
75 41 -1
75 42 -1

76 0 -0
76 1 6.14758
76 2 11.2441
76 3 15.3449
76 4 19.1212
76 5 22.4382
76 6 25.8053
76 7 26.7931
76 8 30.5294
76 9 33.0921
76 10 35.4645
76 11 37.553
76 12 39.3663
76 13 41.2613
76 14 43.1914
76 15 44.0761
76 16 45.9409
76 17 47.1741
76 18 48.3834
76 19 49.326
76 20 50.7864
76 21 51.6395
76 22 52.4635
76 23 53.1737
76 24 53.783
76 25 54.3381
76 26 54.9306
76 27 -1
76 28 -1
76 29 -1
76 30 -1
76 31 -1
76 32 -1
76 33 -1
76 34 -1
76 35 -1
76 36 -1
76 37 -1
76 38 -1
76 39 -1
76 40 -1
76 41 -1
76 42 -1

77 0 -0
77 1 6.13554
77 2 11.3463
77 3 15.4288
77 4 19.1613
77 5 22.5921
77 6 24.6203
77 7 28.109
77 8 31.4662
77 9 33.4115
77 10 35.4378
77 11 37.6713
77 12 39.4507
77 13 41.1099
77 14 43.232
77 15 44.3729
77 16 46.4585
77 17 47.4589
77 18 48.8741
77 19 49.95
77 20 50.9951
77 21 51.9647
77 22 52.8067
77 23 53.5845
77 24 54.2094
77 25 54.7004
77 26 55.2562
77 27 -1
77 28 -1
77 29 -1
77 30 -1
77 31 -1
77 32 -1
77 33 -1
77 34 -1
77 35 -1
77 36 -1
77 37 -1
77 38 -1
77 39 -1
77 40 -1
77 41 -1
77 42 -1

78 0 -0
78 1 6.14525
78 2 11.269
78 3 15.2092
78 4 19.0506
78 5 23.0727
78 6 25.7556
78 7 28.4129
78 8 29.9284
78 9 33.5082
78 10 35.943
78 11 37.5357
78 12 39.0746
78 13 41.9522
78 14 43.3893
78 15 44.906
78 16 45.6019
78 17 47.5953
78 18 48.8186
78 19 50.4519
78 20 51.2808
78 21 52.1433
78 22 53.2528
78 23 53.9268
78 24 54.5618
78 25 55.252
78 26 55.6445
78 27 56.0292
78 28 -1
78 29 -1
78 30 -1
78 31 -1
78 32 -1
78 33 -1
78 34 -1
78 35 -1
78 36 -1
78 37 -1
78 38 -1
78 39 -1
78 40 -1
78 41 -1
78 42 -1

79 0 -0
79 1 6.13157
79 2 11.3932
79 3 15.3451
79 4 19.0645
79 5 22.4465
79 6 25.8914
79 7 28.4162
79 8 31.3506
79 9 32.2294
79 10 36.4416
79 11 38.0914
79 12 40.1427
79 13 41.3069
79 14 44.0352
79 15 45.7841
79 16 46.9634
79 17 47.9812
79 18 48.9296
79 19 50.7576
79 20 51.5911
79 21 52.4975
79 22 53.5608
79 23 54.4002
79 24 55.1413
79 25 55.6679
79 26 56.1362
79 27 56.5093
79 28 -1
79 29 -1
79 30 -1
79 31 -1
79 32 -1
79 33 -1
79 34 -1
79 35 -1
79 36 -1
79 37 -1
79 38 -1
79 39 -1
79 40 -1
79 41 -1
79 42 -1

80 0 -0
80 1 6.12995
80 2 11.246
80 3 15.5436
80 4 19.4983
80 5 22.7656
80 6 25.2363
80 7 29.0214
80 8 31.4988
80 9 33.6483
80 10 36.0702
80 11 38.0346
80 12 40.2759
80 13 40.8373
80 14 43.924
80 15 44.9344
80 16 46.84
80 17 48.2357
80 18 49.6686
80 19 50.171
80 20 51.9087
80 21 52.7028
80 22 53.8914
80 23 54.6911
80 24 55.4555
80 25 56.148
80 26 56.64
80 27 56.9701
80 28 -1
80 29 -1
80 30 -1
80 31 -1
80 32 -1
80 33 -1
80 34 -1
80 35 -1
80 36 -1
80 37 -1
80 38 -1
80 39 -1
80 40 -1
80 41 -1
80 42 -1

81 0 -0
81 1 6.14456
81 2 11.4103
81 3 15.462
81 4 19.5003
81 5 22.855
81 6 26.1407
81 7 28.4423
81 8 31.7563
81 9 34.2789
81 10 36.1834
81 11 39.136
81 12 41.0278
81 13 42.5448
81 14 44.5076
81 15 45.3413
81 16 46.9162
81 17 48.6156
81 18 49.5164
81 19 51.2615
81 20 52.3144
81 21 53.2574
81 22 54.415
81 23 55.0488
81 24 55.9021
81 25 56.6301
81 26 57.1423
81 27 57.5095
81 28 58.2265
81 29 -1
81 30 -1
81 31 -1
81 32 -1
81 33 -1
81 34 -1
81 35 -1
81 36 -1
81 37 -1
81 38 -1
81 39 -1
81 40 -1
81 41 -1
81 42 -1

82 0 -0
82 1 6.16492
82 2 11.4223
82 3 15.8158
82 4 19.5385
82 5 23.0819
82 6 27.0102
82 7 29.2787
82 8 31.9853
82 9 34.0929
82 10 36.5817
82 11 38.9031
82 12 40.4092
82 13 42.7804
82 14 44.5431
82 15 45.8504
82 16 46.5323
82 17 48.8997
82 18 49.7001
82 19 51.4487
82 20 52.2544
82 21 53.6359
82 22 54.5022
82 23 55.4434
82 24 56.3448
82 25 57.0634
82 26 57.6258
82 27 58.1143
82 28 58.5813
82 29 -1
82 30 -1
82 31 -1
82 32 -1
82 33 -1
82 34 -1
82 35 -1
82 36 -1
82 37 -1
82 38 -1
82 39 -1
82 40 -1
82 41 -1
82 42 -1

83 0 -0
83 1 6.13931
83 2 11.3856
83 3 15.5133
83 4 19.235
83 5 23.0743
83 6 26.5858
83 7 28.8471
83 8 29.9847
83 9 33.8225
83 10 36.0693
83 11 38.7063
83 12 41.3663
83 13 42.336
83 14 43.6748
83 15 45.7902
83 16 48.0156
83 17 48.9413
83 18 49.9655
83 19 51.6763
83 20 53.0021
83 21 53.8279
83 22 54.9648
83 23 55.9592
83 24 56.8748
83 25 57.4163
83 26 58.0975
83 27 58.6957
83 28 59.2227
83 29 -1
83 30 -1
83 31 -1
83 32 -1
83 33 -1
83 34 -1
83 35 -1
83 36 -1
83 37 -1
83 38 -1
83 39 -1
83 40 -1
83 41 -1
83 42 -1

84 0 -0
84 1 6.16937
84 2 11.3762
84 3 15.5096
84 4 19.5193
84 5 22.9248
84 6 26.4624
84 7 29.153
84 8 30.0973
84 9 33.8983
84 10 36.5314
84 11 36.64
84 12 41.2844
84 13 43.0541
84 14 44.8378
84 15 46.3831
84 16 48.1324
84 17 49.0542
84 18 50.6687
84 19 51.9439
84 20 53.4514
84 21 54.3293
84 22 55.3978
84 23 56.3059
84 24 57.0837
84 25 57.8858
84 26 58.6183
84 27 59.2526
84 28 59.7667
84 29 60.4237
84 30 -1
84 31 -1
84 32 -1
84 33 -1
84 34 -1
84 35 -1
84 36 -1
84 37 -1
84 38 -1
84 39 -1
84 40 -1
84 41 -1
84 42 -1

85 0 -0
85 1 6.16758
85 2 11.4675
85 3 15.6007
85 4 19.5747
85 5 23.3183
85 6 26.0757
85 7 28.8341
85 8 31.8857
85 9 34.59
85 10 36.4971
85 11 38.4982
85 12 41.4595
85 13 43.5919
85 14 45.2751
85 15 46.6132
85 16 47.7614
85 17 50.1654
85 18 51.4447
85 19 52.0754
85 20 53.3196
85 21 54.125
85 22 55.6041
85 23 56.8464
85 24 57.4899
85 25 58.4001
85 26 58.9954
85 27 59.7055
85 28 60.378
85 29 61.1422
85 30 -1
85 31 -1
85 32 -1
85 33 -1
85 34 -1
85 35 -1
85 36 -1
85 37 -1
85 38 -1
85 39 -1
85 40 -1
85 41 -1
85 42 -1

86 0 -1
86 1 6.16552
86 2 11.39
86 3 15.9799
86 4 19.8672
86 5 23.2557
86 6 26.6983
86 7 30.2949
86 8 32.536
86 9 34.2219
86 10 36.0218
86 11 38.0602
86 12 41.7846
86 13 43.7896
86 14 44.7152
86 15 47.4147
86 16 47.9191
86 17 49.5449
86 18 51.594
86 19 52.4908
86 20 53.6264
86 21 55.0747
86 22 56.0137
86 23 57.0212
86 24 57.9577
86 25 58.7581
86 26 59.4503
86 27 60.1985
86 28 60.9091
86 29 61.656
86 30 -1
86 31 -1
86 32 -1
86 33 -1
86 34 -1
86 35 -1
86 36 -1
86 37 -1
86 38 -1
86 39 -1
86 40 -1
86 41 -1
86 42 -1

87 0 -1
87 1 -1
87 2 11.4361
87 3 16.0982
87 4 19.7836
87 5 23.2943
87 6 26.4294
87 7 29.9196
87 8 33.5531
87 9 34.4569
87 10 36.5182
87 11 38.5145
87 12 42.319
87 13 44.0221
87 14 43.3101
87 15 47.5565
87 16 47.5273
87 17 50.5342
87 18 51.2583
87 19 53.1553
87 20 54.412
87 21 55.0512
87 22 56.0696
87 23 57.3756
87 24 58.4721
87 25 59.2331
87 26 59.9679
87 27 60.704
87 28 61.4153
87 29 62.1261
87 30 62.6209
87 31 -1
87 32 -1
87 33 -1
87 34 -1
87 35 -1
87 36 -1
87 37 -1
87 38 -1
87 39 -1
87 40 -1
87 41 -1
87 42 -1

88 0 -1
88 1 -1
88 2 -1
88 3 15.8113
88 4 19.8477
88 5 22.7312
88 6 26.4161
88 7 28.9598
88 8 32.3681
88 9 35.0757
88 10 37.6488
88 11 39.6569
88 12 42.4255
88 13 40.0873
88 14 45.2573
88 15 47.203
88 16 48.8147
88 17 50.0114
88 18 51.9159
88 19 53.4323
88 20 54.7088
88 21 55.5482
88 22 56.9545
88 23 57.7956
88 24 58.8668
88 25 59.3586
88 26 60.2136
88 27 61.0649
88 28 61.8398
88 29 62.6341
88 30 63.261
88 31 -1
88 32 -1
88 33 -1
88 34 -1
88 35 -1
88 36 -1
88 37 -1
88 38 -1
88 39 -1
88 40 -1
88 41 -1
88 42 -1

89 0 -1
89 1 -1
89 2 -1
89 3 -1
89 4 19.481
89 5 23.0875
89 6 26.0953
89 7 29.9237
89 8 30.7171
89 9 35.2369
89 10 37.8128
89 11 40.1132
89 12 42.9221
89 13 44.3635
89 14 45.003
89 15 47.9699
89 16 49.1806
89 17 50.7715
89 18 51.6439
89 19 53.397
89 20 54.7828
89 21 55.6874
89 22 56.3902
89 23 58.0952
89 24 58.9446
89 25 60.0303
89 26 60.8791
89 27 61.5538
89 28 62.367
89 29 63.0928
89 30 63.7244
89 31 -1
89 32 -1
89 33 -1
89 34 -1
89 35 -1
89 36 -1
89 37 -1
89 38 -1
89 39 -1
89 40 -1
89 41 -1
89 42 -1

90 0 -1
90 1 -1
90 2 -1
90 3 -1
90 4 -1
90 5 23.216
90 6 26.3727
90 7 29.5974
90 8 31.8659
90 9 35.0472
90 10 38.1141
90 11 38.7144
90 12 42.4536
90 13 42.3849
90 14 45.8595
90 15 46.7042
90 16 49.2296
90 17 51.2021
90 18 51.9528
90 19 53.2089
90 20 54.5034
90 21 56.2747
90 22 57.6587
90 23 58.5204
90 24 59.3811
90 25 60.2584
90 26 61.0488
90 27 62.0057
90 28 62.8076
90 29 63.5407
90 30 64.1794
90 31 64.8181
90 32 -1
90 33 -1
90 34 -1
90 35 -1
90 36 -1
90 37 -1
90 38 -1
90 39 -1
90 40 -1
90 41 -1
90 42 -1

91 0 -1
91 1 -1
91 2 -1
91 3 -1
91 4 -1
91 5 -1
91 6 26.748
91 7 29.6739
91 8 33.0774
91 9 35.1878
91 10 38.5666
91 11 37.8601
91 12 42.7378
91 13 44.2214
91 14 46.4213
91 15 48.8167
91 16 49.7597
91 17 49.777
91 18 52.4414
91 19 53.8908
91 20 55.2611
91 21 56.7384
91 22 57.871
91 23 58.7175
91 24 59.8438
91 25 60.6101
91 26 61.5231
91 27 62.3877
91 28 63.2901
91 29 64.0024
91 30 64.6628
91 31 65.1732
91 32 -1
91 33 -1
91 34 -1
91 35 -1
91 36 -1
91 37 -1
91 38 -1
91 39 -1
91 40 -1
91 41 -1
91 42 -1

92 0 -1
92 1 -1
92 2 -1
92 3 -1
92 4 -1
92 5 -1
92 6 -1
92 7 30.1939
92 8 33.5616
92 9 36.2421
92 10 36.7231
92 11 41.3733
92 12 41.9833
92 13 45.2617
92 14 47.4228
92 15 48.0795
92 16 50.2379
92 17 50.3331
92 18 53.0134
92 19 54.6747
92 20 55.8121
92 21 56.9272
92 22 57.9423
92 23 59.3284
92 24 60.2316
92 25 61.0546
92 26 61.9774
92 27 62.7739
92 28 63.7973
92 29 64.5788
92 30 65.2214
92 31 65.7281
92 32 -1
92 33 -1
92 34 -1
92 35 -1
92 36 -1
92 37 -1
92 38 -1
92 39 -1
92 40 -1
92 41 -1
92 42 -1

93 0 -1
93 1 -1
93 2 -1
93 3 -1
93 4 -1
93 5 -1
93 6 -1
93 7 -1
93 8 33.205
93 9 35.5796
93 10 38.86
93 11 41.5515
93 12 42.571
93 13 45.2869
93 14 45.9215
93 15 48.0857
93 16 49.9914
93 17 51.3945
93 18 53.0378
93 19 55.0495
93 20 55.5452
93 21 57.0932
93 22 57.6038
93 23 58.9961
93 24 60.5695
93 25 61.3752
93 26 62.3515
93 27 63.4009
93 28 64.1659
93 29 64.8453
93 30 65.717
93 31 66.3008
93 32 67.0153
93 33 -1
93 34 -1
93 35 -1
93 36 -1
93 37 -1
93 38 -1
93 39 -1
93 40 -1
93 41 -1
93 42 -1

94 0 -1
94 1 -1
94 2 -1
94 3 -1
94 4 -1
94 5 -1
94 6 -1
94 7 -1
94 8 -1
94 9 35.7597
94 10 37.7611
94 11 41.3378
94 12 43.4105
94 13 44.8477
94 14 46.1282
94 15 49.0196
94 16 50.0726
94 17 52.4815
94 18 53.3768
94 19 54.773
94 20 55.955
94 21 57.0099
94 22 58.6091
94 23 60.1024
94 24 60.7433
94 25 61.9907
94 26 62.1471
94 27 63.537
94 28 64.586
94 29 65.3516
94 30 66.1432
94 31 66.853
94 32 67.6133
94 33 -1
94 34 -1
94 35 -1
94 36 -1
94 37 -1
94 38 -1
94 39 -1
94 40 -1
94 41 -1
94 42 -1

95 0 -1
95 1 -1
95 2 -1
95 3 -1
95 4 -1
95 5 -1
95 6 -1
95 7 -1
95 8 -1
95 9 -1
95 10 38.9699
95 11 41.5387
95 12 43.4417
95 13 42.3339
95 14 47.5263
95 15 48.3128
95 16 51.4781
95 17 52.963
95 18 54.1433
95 19 54.958
95 20 56.2047
95 21 57.8202
95 22 59.3716
95 23 60.1869
95 24 61.2783
95 25 61.9052
95 26 63.2139
95 27 64.2604
95 28 65.1244
95 29 65.8535
95 30 66.5791
95 31 67.4164
95 32 68.1367
95 33 -1
95 34 -1
95 35 -1
95 36 -1
95 37 -1
95 38 -1
95 39 -1
95 40 -1
95 41 -1
95 42 -1

96 0 -1
96 1 -1
96 2 -1
96 3 -1
96 4 -1
96 5 -1
96 6 -1
96 7 -1
96 8 -1
96 9 -1
96 10 -1
96 11 42.0206
96 12 43.5672
96 13 45.6765
96 14 47.5995
96 15 49.8783
96 16 50.853
96 17 52.593
96 18 54.4596
96 19 55.5033
96 20 56.7996
96 21 57.595
96 22 59.8157
96 23 60.2496
96 24 61.447
96 25 62.7255
96 26 63.304
96 27 64.2793
96 28 65.3844
96 29 66.3461
96 30 67.0752
96 31 67.8407
96 32 68.6773
96 33 69.2126
96 34 -1
96 35 -1
96 36 -1
96 37 -1
96 38 -1
96 39 -1
96 40 -1
96 41 -1
96 42 -1

97 0 -1
97 1 -1
97 2 -1
97 3 -1
97 4 -1
97 5 -1
97 6 -1
97 7 -1
97 8 -1
97 9 -1
97 10 -1
97 11 -1
97 12 42.2523
97 13 46.3174
97 14 47.18
97 15 48.9838
97 16 50.4449
97 17 52.5119
97 18 54.3849
97 19 56.3278
97 20 55.4081
97 21 58.593
97 22 59.4655
97 23 60.5554
97 24 61.7529
97 25 62.9333
97 26 64.1637
97 27 64.8661
97 28 65.6088
97 29 66.6253
97 30 67.5467
97 31 68.348
97 32 69.1451
97 33 69.95
97 34 -1
97 35 -1
97 36 -1
97 37 -1
97 38 -1
97 39 -1
97 40 -1
97 41 -1
97 42 -1

98 0 -1
98 1 -1
98 2 -1
98 3 -1
98 4 -1
98 5 -1
98 6 -1
98 7 -1
98 8 -1
98 9 -1
98 10 -1
98 11 -1
98 12 -1
98 13 46.0274
98 14 47.3694
98 15 48.6402
98 16 51.4917
98 17 52.2562
98 18 55.2338
98 19 55.5626
98 20 57.4152
98 21 59.0318
98 22 58.4564
98 23 60.9471
98 24 62.0733
98 25 63.3208
98 26 64.3719
98 27 65.2462
98 28 66.2629
98 29 67.2636
98 30 67.8766
98 31 68.8605
98 32 69.5944
98 33 70.3894
98 34 -1
98 35 -1
98 36 -1
98 37 -1
98 38 -1
98 39 -1
98 40 -1
98 41 -1
98 42 -1

99 0 -1
99 1 -1
99 2 -1
99 3 -1
99 4 -1
99 5 -1
99 6 -1
99 7 -1
99 8 -1
99 9 -1
99 10 -1
99 11 -1
99 12 -1
99 13 -1
99 14 46.5746
99 15 48.4291
99 16 52.4649
99 17 53.7092
99 18 55.3971
99 19 56.7507
99 20 57.7079
99 21 58.9277
99 22 60.7568
99 23 61.8443
99 24 62.3182
99 25 62.6282
99 26 64.7487
99 27 65.7653
99 28 66.6636
99 29 67.575
99 30 68.2437
99 31 69.2714
99 32 70.0919
99 33 70.8312
99 34 71.4098
99 35 -1
99 36 -1
99 37 -1
99 38 -1
99 39 -1
99 40 -1
99 41 -1
99 42 -1

100 0 -1
100 1 -1
100 2 -1
100 3 -1
100 4 -1
100 5 -1
100 6 -1
100 7 -1
100 8 -1
100 9 -1
100 10 -1
100 11 -1
100 12 -1
100 13 -1
100 14 -1
100 15 50.2489
100 16 52.9549
100 17 53.1286
100 18 55.7028
100 19 56.1834
100 20 58.4335
100 21 59.5606
100 22 59.459
100 23 59.7978
100 24 63.2674
100 25 63.629
100 26 65.2838
100 27 65.6927
100 28 67.1723
100 29 67.6481
100 30 68.8822
100 31 69.6321
100 32 70.4626
100 33 71.2903
100 34 71.8042
100 35 -1
100 36 -1
100 37 -1
100 38 -1
100 39 -1
100 40 -1
100 41 -1
100 42 -1

101 0 -1
101 1 -1
101 2 -1
101 3 -1
101 4 -1
101 5 -1
101 6 -1
101 7 -1
101 8 -1
101 9 -1
101 10 -1
101 11 -1
101 12 -1
101 13 -1
101 14 -1
101 15 -1
101 16 52.6741
101 17 52.9626
101 18 55.4693
101 19 57.3698
101 20 57.8339
101 21 59.2671
101 22 61.3149
101 23 62.4926
101 24 63.4318
101 25 64.3032
101 26 65.6706
101 27 66.034
101 28 67.4255
101 29 68.3807
101 30 68.8229
101 31 70.2399
101 32 71.0388
101 33 71.7597
101 34 72.3582
101 35 -1
101 36 -1
101 37 -1
101 38 -1
101 39 -1
101 40 -1
101 41 -1
101 42 -1

102 0 -1
102 1 -1
102 2 -1
102 3 -1
102 4 -1
102 5 -1
102 6 -1
102 7 -1
102 8 -1
102 9 -1
102 10 -1
102 11 -1
102 12 -1
102 13 -1
102 14 -1
102 15 -1
102 16 -1
102 17 55.0115
102 18 56.5787
102 19 55.8291
102 20 58.6515
102 21 59.2442
102 22 61.4708
102 23 62.6131
102 24 63.53
102 25 64.8952
102 26 65.9335
102 27 67.1522
102 28 67.7767
102 29 68.702
102 30 69.6716
102 31 70.6806
102 32 71.4342
102 33 72.2197
102 34 72.8696
102 35 73.607
102 36 -1
102 37 -1
102 38 -1
102 39 -1
102 40 -1
102 41 -1
102 42 -1

103 0 -1
103 1 -1
103 2 -1
103 3 -1
103 4 -1
103 5 -1
103 6 -1
103 7 -1
103 8 -1
103 9 -1
103 10 -1
103 11 -1
103 12 -1
103 13 -1
103 14 -1
103 15 -1
103 16 -1
103 17 -1
103 18 57.4638
103 19 57.1394
103 20 59.5912
103 21 59.7922
103 22 60.5285
103 23 62.9022
103 24 64.4122
103 25 64.3927
103 26 66.0924
103 27 67.5157
103 28 67.8736
103 29 69.2683
103 30 70.0313
103 31 71.0357
103 32 71.8042
103 33 72.6789
103 34 73.3687
103 35 73.9938
103 36 -1
103 37 -1
103 38 -1
103 39 -1
103 40 -1
103 41 -1
103 42 -1

104 0 -1
104 1 -1
104 2 -1
104 3 -1
104 4 -1
104 5 -1
104 6 -1
104 7 -1
104 8 -1
104 9 -1
104 10 -1
104 11 -1
104 12 -1
104 13 -1
104 14 -1
104 15 -1
104 16 -1
104 17 -1
104 18 -1
104 19 57.9529
104 20 58.2638
104 21 61.36
104 22 62.0211
104 23 63.2912
104 24 64.7227
104 25 65.4141
104 26 66.6739
104 27 67.8285
104 28 68.5545
104 29 69.3556
104 30 70.4865
104 31 71.5965
104 32 72.3361
104 33 73.0378
104 34 73.8632
104 35 74.5121
104 36 -1
104 37 -1
104 38 -1
104 39 -1
104 40 -1
104 41 -1
104 42 -1

105 0 -1
105 1 -1
105 2 -1
105 3 -1
105 4 -1
105 5 -1
105 6 -1
105 7 -1
105 8 -1
105 9 -1
105 10 -1
105 11 -1
105 12 -1
105 13 -1
105 14 -1
105 15 -1
105 16 -1
105 17 -1
105 18 -1
105 19 -1
105 20 59.5875
105 21 61.6871
105 22 62.8304
105 23 63.7062
105 24 64.8253
105 25 66.2725
105 26 67.1554
105 27 67.9309
105 28 68.1987
105 29 70.1118
105 30 70.835
105 31 71.7676
105 32 72.7257
105 33 73.5543
105 34 74.4057
105 35 75.0927
105 36 -1
105 37 -1
105 38 -1
105 39 -1
105 40 -1
105 41 -1
105 42 -1

106 0 -1
106 1 -1
106 2 -1
106 3 -1
106 4 -1
106 5 -1
106 6 -1
106 7 -1
106 8 -1
106 9 -1
106 10 -1
106 11 -1
106 12 -1
106 13 -1
106 14 -1
106 15 -1
106 16 -1
106 17 -1
106 18 -1
106 19 -1
106 20 -1
106 21 62.3463
106 22 62.7498
106 23 63.705
106 24 64.2604
106 25 65.6529
106 26 66.9732
106 27 68.5104
106 28 69.3746
106 29 70.4729
106 30 71.4558
106 31 72.2485
106 32 73.0785
106 33 73.9492
106 34 74.7838
106 35 75.612
106 36 76.9029
106 37 -1
106 38 -1
106 39 -1
106 40 -1
106 41 -1
106 42 -1

107 0 -1
107 1 -1
107 2 -1
107 3 -1
107 4 -1
107 5 -1
107 6 -1
107 7 -1
107 8 -1
107 9 -1
107 10 -1
107 11 -1
107 12 -1
107 13 -1
107 14 -1
107 15 -1
107 16 -1
107 17 -1
107 18 -1
107 19 -1
107 20 -1
107 21 -1
107 22 63.1483
107 23 64.6469
107 24 65.6186
107 25 67.0015
107 26 67.3642
107 27 68.92
107 28 69.8989
107 29 70.78
107 30 71.7844
107 31 72.7187
107 32 73.5369
107 33 74.4201
107 34 75.3752
107 35 76.1608
107 36 77.1582
107 37 -1
107 38 -1
107 39 -1
107 40 -1
107 41 -1
107 42 -1

108 0 -1
108 1 -1
108 2 -1
108 3 -1
108 4 -1
108 5 -1
108 6 -1
108 7 -1
108 8 -1
108 9 -1
108 10 -1
108 11 -1
108 12 -1
108 13 -1
108 14 -1
108 15 -1
108 16 -1
108 17 -1
108 18 -1
108 19 -1
108 20 -1
108 21 -1
108 22 -1
108 23 63.0134
108 24 66.4601
108 25 67.3145
108 26 68.5956
108 27 69.437
108 28 70.1986
108 29 71.2746
108 30 72.3394
108 31 73.1811
108 32 73.9435
108 33 74.8981
108 34 75.912
108 35 76.6786
108 36 77.6166
108 37 -1
108 38 -1
108 39 -1
108 40 -1
108 41 -1
108 42 -1

109 0 -1
109 1 -1
109 2 -1
109 3 -1
109 4 -1
109 5 -1
109 6 -1
109 7 -1
109 8 -1
109 9 -1
109 10 -1
109 11 -1
109 12 -1
109 13 -1
109 14 -1
109 15 -1
109 16 -1
109 17 -1
109 18 -1
109 19 -1
109 20 -1
109 21 -1
109 22 -1
109 23 -1
109 24 65.726
109 25 67.925
109 26 68.0615
109 27 69.6137
109 28 70.2647
109 29 71.6332
109 30 73.0324
109 31 73.5285
109 32 74.4795
109 33 75.4978
109 34 76.2981
109 35 77.1934
109 36 78.112
109 37 -1
109 38 -1
109 39 -1
109 40 -1
109 41 -1
109 42 -1

110 0 -1
110 1 -1
110 2 -1
110 3 -1
110 4 -1
110 5 -1
110 6 -1
110 7 -1
110 8 -1
110 9 -1
110 10 -1
110 11 -1
110 12 -1
110 13 -1
110 14 -1
110 15 -1
110 16 -1
110 17 -1
110 18 -1
110 19 -1
110 20 -1
110 21 -1
110 22 -1
110 23 -1
110 24 -1
110 25 67.9076
110 26 68.4915
110 27 69.7547
110 28 71.1436
110 29 71.9893
110 30 72.9884
110 31 74.0865
110 32 74.7212
110 33 75.7829
110 34 76.7394
110 35 77.5979
110 36 78.6386
110 37 80.1987
110 38 -1
110 39 -1
110 40 -1
110 41 -1
110 42 -1

111 0 -1
111 1 -1
111 2 -1
111 3 -1
111 4 -1
111 5 -1
111 6 -1
111 7 -1
111 8 -1
111 9 -1
111 10 -1
111 11 -1
111 12 -1
111 13 -1
111 14 -1
111 15 -1
111 16 -1
111 17 -1
111 18 -1
111 19 -1
111 20 -1
111 21 -1
111 22 -1
111 23 -1
111 24 -1
111 25 -1
111 26 70.3224
111 27 70.1283
111 28 71.5823
111 29 72.6014
111 30 73.4441
111 31 74.6847
111 32 75.8185
111 33 76.2514
111 34 77.2475
111 35 78.0418
111 36 79.1872
111 37 80.3714
111 38 -1
111 39 -1
111 40 -1
111 41 -1
111 42 -1

112 0 -1
112 1 -1
112 2 -1
112 3 -1
112 4 -1
112 5 -1
112 6 -1
112 7 -1
112 8 -1
112 9 -1
112 10 -1
112 11 -1
112 12 -1
112 13 -1
112 14 -1
112 15 -1
112 16 -1
112 17 -1
112 18 -1
112 19 -1
112 20 -1
112 21 -1
112 22 -1
112 23 -1
112 24 -1
112 25 -1
112 26 -1
112 27 71.2516
112 28 72.2088
112 29 73.3157
112 30 73.8408
112 31 74.9282
112 32 75.7905
112 33 76.8181
112 34 77.7564
112 35 78.5471
112 36 79.725
112 37 80.8136
112 38 -1
112 39 -1
112 40 -1
112 41 -1
112 42 -1

113 0 -1
113 1 -1
113 2 -1
113 3 -1
113 4 -1
113 5 -1
113 6 -1
113 7 -1
113 8 -1
113 9 -1
113 10 -1
113 11 -1
113 12 -1
113 13 -1
113 14 -1
113 15 -1
113 16 -1
113 17 -1
113 18 -1
113 19 -1
113 20 -1
113 21 -1
113 22 -1
113 23 -1
113 24 -1
113 25 -1
113 26 -1
113 27 -1
113 28 72.5042
113 29 73.8482
113 30 74.4302
113 31 75.1881
113 32 76.3944
113 33 77.2829
113 34 78.1615
113 35 79.1194
113 36 80.1853
113 37 81.3291
113 38 -1
113 39 -1
113 40 -1
113 41 -1
113 42 -1

114 0 -1
114 1 -1
114 2 -1
114 3 -1
114 4 -1
114 5 -1
114 6 -1
114 7 -1
114 8 -1
114 9 -1
114 10 -1
114 11 -1
114 12 -1
114 13 -1
114 14 -1
114 15 -1
114 16 -1
114 17 -1
114 18 -1
114 19 -1
114 20 -1
114 21 -1
114 22 -1
114 23 -1
114 24 -1
114 25 -1
114 26 -1
114 27 -1
114 28 -1
114 29 73.3471
114 30 74.826
114 31 76.0198
114 32 76.4948
114 33 77.8378
114 34 78.5992
114 35 79.708
114 36 80.6707
114 37 81.8065
114 38 83.4945
114 39 -1
114 40 -1
114 41 -1
114 42 -1

115 0 -1
115 1 -1
115 2 -1
115 3 -1
115 4 -1
115 5 -1
115 6 -1
115 7 -1
115 8 -1
115 9 -1
115 10 -1
115 11 -1
115 12 -1
115 13 -1
115 14 -1
115 15 -1
115 16 -1
115 17 -1
115 18 -1
115 19 -1
115 20 -1
115 21 -1
115 22 -1
115 23 -1
115 24 -1
115 25 -1
115 26 -1
115 27 -1
115 28 -1
115 29 -1
115 30 75.8053
115 31 75.0257
115 32 76.7916
115 33 78.4252
115 34 79.1595
115 35 80.2548
115 36 81.1082
115 37 82.238
115 38 83.6464
115 39 -1
115 40 -1
115 41 -1
115 42 -1

116 0 -1
116 1 -1
116 2 -1
116 3 -1
116 4 -1
116 5 -1
116 6 -1
116 7 -1
116 8 -1
116 9 -1
116 10 -1
116 11 -1
116 12 -1
116 13 -1
116 14 -1
116 15 -1
116 16 -1
116 17 -1
116 18 -1
116 19 -1
116 20 -1
116 21 -1
116 22 -1
116 23 -1
116 24 -1
116 25 -1
116 26 -1
116 27 -1
116 28 -1
116 29 -1
116 30 -1
116 31 76.7976
116 32 77.0495
116 33 78.5838
116 34 79.6973
116 35 80.5857
116 36 81.6225
116 37 82.7547
116 38 84.0689
116 39 -1
116 40 -1
116 41 -1
116 42 -1

117 0 -1
117 1 -1
117 2 -1
117 3 -1
117 4 -1
117 5 -1
117 6 -1
117 7 -1
117 8 -1
117 9 -1
117 10 -1
117 11 -1
117 12 -1
117 13 -1
117 14 -1
117 15 -1
117 16 -1
117 17 -1
117 18 -1
117 19 -1
117 20 -1
117 21 -1
117 22 -1
117 23 -1
117 24 -1
117 25 -1
117 26 -1
117 27 -1
117 28 -1
117 29 -1
117 30 -1
117 31 -1
117 32 77.7206
117 33 79.0838
117 34 80.028
117 35 81.1985
117 36 82.4504
117 37 83.2779
117 38 84.6007
117 39 -1
117 40 -1
117 41 -1
117 42 -1

118 0 -1
118 1 -1
118 2 -1
118 3 -1
118 4 -1
118 5 -1
118 6 -1
118 7 -1
118 8 -1
118 9 -1
118 10 -1
118 11 -1
118 12 -1
118 13 -1
118 14 -1
118 15 -1
118 16 -1
118 17 -1
118 18 -1
118 19 -1
118 20 -1
118 21 -1
118 22 -1
118 23 -1
118 24 -1
118 25 -1
118 26 -1
118 27 -1
118 28 -1
118 29 -1
118 30 -1
118 31 -1
118 32 -1
118 33 80.1617
118 34 80.8787
118 35 81.0062
118 36 82.6944
118 37 83.7625
118 38 85.0053
118 39 86.7904
118 40 -1
118 41 -1
118 42 -1

119 0 -1
119 1 -1
119 2 -1
119 3 -1
119 4 -1
119 5 -1
119 6 -1
119 7 -1
119 8 -1
119 9 -1
119 10 -1
119 11 -1
119 12 -1
119 13 -1
119 14 -1
119 15 -1
119 16 -1
119 17 -1
119 18 -1
119 19 -1
119 20 -1
119 21 -1
119 22 -1
119 23 -1
119 24 -1
119 25 -1
119 26 -1
119 27 -1
119 28 -1
119 29 -1
119 30 -1
119 31 -1
119 32 -1
119 33 -1
119 34 81.4237
119 35 82.3897
119 36 83.3721
119 37 84.3826
119 38 85.4649
119 39 86.9107
119 40 -1
119 41 -1
119 42 -1

120 0 -1
120 1 -1
120 2 -1
120 3 -1
120 4 -1
120 5 -1
120 6 -1
120 7 -1
120 8 -1
120 9 -1
120 10 -1
120 11 -1
120 12 -1
120 13 -1
120 14 -1
120 15 -1
120 16 -1
120 17 -1
120 18 -1
120 19 -1
120 20 -1
120 21 -1
120 22 -1
120 23 -1
120 24 -1
120 25 -1
120 26 -1
120 27 -1
120 28 -1
120 29 -1
120 30 -1
120 31 -1
120 32 -1
120 33 -1
120 34 -1
120 35 83.0268
120 36 84.001
120 37 84.8294
120 38 86.0532
120 39 87.3667
120 40 -1
120 41 -1
120 42 -1

121 0 -1
121 1 -1
121 2 -1
121 3 -1
121 4 -1
121 5 -1
121 6 -1
121 7 -1
121 8 -1
121 9 -1
121 10 -1
121 11 -1
121 12 -1
121 13 -1
121 14 -1
121 15 -1
121 16 -1
121 17 -1
121 18 -1
121 19 -1
121 20 -1
121 21 -1
121 22 -1
121 23 -1
121 24 -1
121 25 -1
121 26 -1
121 27 -1
121 28 -1
121 29 -1
121 30 -1
121 31 -1
121 32 -1
121 33 -1
121 34 -1
121 35 -1
121 36 84.3539
121 37 85.4915
121 38 86.5097
121 39 87.9592
121 40 -1
121 41 -1
121 42 -1

122 0 -1
122 1 -1
122 2 -1
122 3 -1
122 4 -1
122 5 -1
122 6 -1
122 7 -1
122 8 -1
122 9 -1
122 10 -1
122 11 -1
122 12 -1
122 13 -1
122 14 -1
122 15 -1
122 16 -1
122 17 -1
122 18 -1
122 19 -1
122 20 -1
122 21 -1
122 22 -1
122 23 -1
122 24 -1
122 25 -1
122 26 -1
122 27 -1
122 28 -1
122 29 -1
122 30 -1
122 31 -1
122 32 -1
122 33 -1
122 34 -1
122 35 -1
122 36 -1
122 37 86.2191
122 38 87.1769
122 39 88.3444
122 40 90.0862
122 41 -1
122 42 -1

123 0 -1
123 1 -1
123 2 -1
123 3 -1
123 4 -1
123 5 -1
123 6 -1
123 7 -1
123 8 -1
123 9 -1
123 10 -1
123 11 -1
123 12 -1
123 13 -1
123 14 -1
123 15 -1
123 16 -1
123 17 -1
123 18 -1
123 19 -1
123 20 -1
123 21 -1
123 22 -1
123 23 -1
123 24 -1
123 25 -1
123 26 -1
123 27 -1
123 28 -1
123 29 -1
123 30 -1
123 31 -1
123 32 -1
123 33 -1
123 34 -1
123 35 -1
123 36 -1
123 37 -1
123 38 87.9472
123 39 88.8923
123 40 90.185
123 41 -1
123 42 -1

124 0 -1
124 1 -1
124 2 -1
124 3 -1
124 4 -1
124 5 -1
124 6 -1
124 7 -1
124 8 -1
124 9 -1
124 10 -1
124 11 -1
124 12 -1
124 13 -1
124 14 -1
124 15 -1
124 16 -1
124 17 -1
124 18 -1
124 19 -1
124 20 -1
124 21 -1
124 22 -1
124 23 -1
124 24 -1
124 25 -1
124 26 -1
124 27 -1
124 28 -1
124 29 -1
124 30 -1
124 31 -1
124 32 -1
124 33 -1
124 34 -1
124 35 -1
124 36 -1
124 37 -1
124 38 -1
124 39 89.6385
124 40 90.7332
124 41 -1
124 42 -1

125 0 -1
125 1 -1
125 2 -1
125 3 -1
125 4 -1
125 5 -1
125 6 -1
125 7 -1
125 8 -1
125 9 -1
125 10 -1
125 11 -1
125 12 -1
125 13 -1
125 14 -1
125 15 -1
125 16 -1
125 17 -1
125 18 -1
125 19 -1
125 20 -1
125 21 -1
125 22 -1
125 23 -1
125 24 -1
125 25 -1
125 26 -1
125 27 -1
125 28 -1
125 29 -1
125 30 -1
125 31 -1
125 32 -1
125 33 -1
125 34 -1
125 35 -1
125 36 -1
125 37 -1
125 38 -1
125 39 -1
125 40 91.4574
125 41 -1
125 42 -1

126 0 -1
126 1 -1
126 2 -1
126 3 -1
126 4 -1
126 5 -1
126 6 -1
126 7 -1
126 8 -1
126 9 -1
126 10 -1
126 11 -1
126 12 -1
126 13 -1
126 14 -1
126 15 -1
126 16 -1
126 17 -1
126 18 -1
126 19 -1
126 20 -1
126 21 -1
126 22 -1
126 23 -1
126 24 -1
126 25 -1
126 26 -1
126 27 -1
126 28 -1
126 29 -1
126 30 -1
126 31 -1
126 32 -1
126 33 -1
126 34 -1
126 35 -1
126 36 -1
126 37 -1
126 38 -1
126 39 -1
126 40 -1
126 41 93.382
126 42 -1

