# f = 6.10352e-05

0 0 -1
0 1 -1
0 2 -1
0 3 -1
0 4 -1
0 5 -1
0 6 -1
0 7 -1
0 8 -1
0 9 -1
0 10 -1
0 11 -1
0 12 -1
0 13 -1
0 14 -1
0 15 -1
0 16 -1
0 17 -1
0 18 -1
0 19 -1
0 20 -1
0 21 -1
0 22 -1
0 23 -1
0 24 -1
0 25 -1
0 26 -1
0 27 -1
0 28 -1
0 29 -1
0 30 -1
0 31 -1
0 32 -1
0 33 -1
0 34 -1
0 35 -1
0 36 -1
0 37 -1
0 38 -1
0 39 -1
0 40 -1
0 41 -1
0 42 -1

1 0 4.92896
1 1 -1
1 2 -1
1 3 -1
1 4 -1
1 5 -1
1 6 -1
1 7 -1
1 8 -1
1 9 -1
1 10 -1
1 11 -1
1 12 -1
1 13 -1
1 14 -1
1 15 -1
1 16 -1
1 17 -1
1 18 -1
1 19 -1
1 20 -1
1 21 -1
1 22 -1
1 23 -1
1 24 -1
1 25 -1
1 26 -1
1 27 -1
1 28 -1
1 29 -1
1 30 -1
1 31 -1
1 32 -1
1 33 -1
1 34 -1
1 35 -1
1 36 -1
1 37 -1
1 38 -1
1 39 -1
1 40 -1
1 41 -1
1 42 -1

2 0 5.7334
2 1 -1
2 2 -1
2 3 -1
2 4 -1
2 5 -1
2 6 -1
2 7 -1
2 8 -1
2 9 -1
2 10 -1
2 11 -1
2 12 -1
2 13 -1
2 14 -1
2 15 -1
2 16 -1
2 17 -1
2 18 -1
2 19 -1
2 20 -1
2 21 -1
2 22 -1
2 23 -1
2 24 -1
2 25 -1
2 26 -1
2 27 -1
2 28 -1
2 29 -1
2 30 -1
2 31 -1
2 32 -1
2 33 -1
2 34 -1
2 35 -1
2 36 -1
2 37 -1
2 38 -1
2 39 -1
2 40 -1
2 41 -1
2 42 -1

3 0 6.77625
3 1 -1
3 2 -1
3 3 -1
3 4 -1
3 5 -1
3 6 -1
3 7 -1
3 8 -1
3 9 -1
3 10 -1
3 11 -1
3 12 -1
3 13 -1
3 14 -1
3 15 -1
3 16 -1
3 17 -1
3 18 -1
3 19 -1
3 20 -1
3 21 -1
3 22 -1
3 23 -1
3 24 -1
3 25 -1
3 26 -1
3 27 -1
3 28 -1
3 29 -1
3 30 -1
3 31 -1
3 32 -1
3 33 -1
3 34 -1
3 35 -1
3 36 -1
3 37 -1
3 38 -1
3 39 -1
3 40 -1
3 41 -1
3 42 -1

4 0 7.96289
4 1 -1
4 2 -1
4 3 -1
4 4 -1
4 5 -1
4 6 -1
4 7 -1
4 8 -1
4 9 -1
4 10 -1
4 11 -1
4 12 -1
4 13 -1
4 14 -1
4 15 -1
4 16 -1
4 17 -1
4 18 -1
4 19 -1
4 20 -1
4 21 -1
4 22 -1
4 23 -1
4 24 -1
4 25 -1
4 26 -1
4 27 -1
4 28 -1
4 29 -1
4 30 -1
4 31 -1
4 32 -1
4 33 -1
4 34 -1
4 35 -1
4 36 -1
4 37 -1
4 38 -1
4 39 -1
4 40 -1
4 41 -1
4 42 -1

5 0 9.22986
5 1 -1
5 2 -1
5 3 -1
5 4 -1
5 5 -1
5 6 -1
5 7 -1
5 8 -1
5 9 -1
5 10 -1
5 11 -1
5 12 -1
5 13 -1
5 14 -1
5 15 -1
5 16 -1
5 17 -1
5 18 -1
5 19 -1
5 20 -1
5 21 -1
5 22 -1
5 23 -1
5 24 -1
5 25 -1
5 26 -1
5 27 -1
5 28 -1
5 29 -1
5 30 -1
5 31 -1
5 32 -1
5 33 -1
5 34 -1
5 35 -1
5 36 -1
5 37 -1
5 38 -1
5 39 -1
5 40 -1
5 41 -1
5 42 -1

6 0 10.5349
6 1 4.1026
6 2 -1
6 3 -1
6 4 -1
6 5 -1
6 6 -1
6 7 -1
6 8 -1
6 9 -1
6 10 -1
6 11 -1
6 12 -1
6 13 -1
6 14 -1
6 15 -1
6 16 -1
6 17 -1
6 18 -1
6 19 -1
6 20 -1
6 21 -1
6 22 -1
6 23 -1
6 24 -1
6 25 -1
6 26 -1
6 27 -1
6 28 -1
6 29 -1
6 30 -1
6 31 -1
6 32 -1
6 33 -1
6 34 -1
6 35 -1
6 36 -1
6 37 -1
6 38 -1
6 39 -1
6 40 -1
6 41 -1
6 42 -1

7 0 11.8734
7 1 6.41675
7 2 -1
7 3 -1
7 4 -1
7 5 -1
7 6 -1
7 7 -1
7 8 -1
7 9 -1
7 10 -1
7 11 -1
7 12 -1
7 13 -1
7 14 -1
7 15 -1
7 16 -1
7 17 -1
7 18 -1
7 19 -1
7 20 -1
7 21 -1
7 22 -1
7 23 -1
7 24 -1
7 25 -1
7 26 -1
7 27 -1
7 28 -1
7 29 -1
7 30 -1
7 31 -1
7 32 -1
7 33 -1
7 34 -1
7 35 -1
7 36 -1
7 37 -1
7 38 -1
7 39 -1
7 40 -1
7 41 -1
7 42 -1

8 0 13.2353
8 1 8.38666
8 2 -1
8 3 -1
8 4 -1
8 5 -1
8 6 -1
8 7 -1
8 8 -1
8 9 -1
8 10 -1
8 11 -1
8 12 -1
8 13 -1
8 14 -1
8 15 -1
8 16 -1
8 17 -1
8 18 -1
8 19 -1
8 20 -1
8 21 -1
8 22 -1
8 23 -1
8 24 -1
8 25 -1
8 26 -1
8 27 -1
8 28 -1
8 29 -1
8 30 -1
8 31 -1
8 32 -1
8 33 -1
8 34 -1
8 35 -1
8 36 -1
8 37 -1
8 38 -1
8 39 -1
8 40 -1
8 41 -1
8 42 -1

9 0 14.6102
9 1 10.1561
9 2 -1
9 3 -1
9 4 -1
9 5 -1
9 6 -1
9 7 -1
9 8 -1
9 9 -1
9 10 -1
9 11 -1
9 12 -1
9 13 -1
9 14 -1
9 15 -1
9 16 -1
9 17 -1
9 18 -1
9 19 -1
9 20 -1
9 21 -1
9 22 -1
9 23 -1
9 24 -1
9 25 -1
9 26 -1
9 27 -1
9 28 -1
9 29 -1
9 30 -1
9 31 -1
9 32 -1
9 33 -1
9 34 -1
9 35 -1
9 36 -1
9 37 -1
9 38 -1
9 39 -1
9 40 -1
9 41 -1
9 42 -1

10 0 16.0007
10 1 11.8463
10 2 4.95959
10 3 -1
10 4 -1
10 5 -1
10 6 -1
10 7 -1
10 8 -1
10 9 -1
10 10 -1
10 11 -1
10 12 -1
10 13 -1
10 14 -1
10 15 -1
10 16 -1
10 17 -1
10 18 -1
10 19 -1
10 20 -1
10 21 -1
10 22 -1
10 23 -1
10 24 -1
10 25 -1
10 26 -1
10 27 -1
10 28 -1
10 29 -1
10 30 -1
10 31 -1
10 32 -1
10 33 -1
10 34 -1
10 35 -1
10 36 -1
10 37 -1
10 38 -1
10 39 -1
10 40 -1
10 41 -1
10 42 -1

11 0 17.3984
11 1 13.4894
11 2 7.64514
11 3 -1
11 4 -1
11 5 -1
11 6 -1
11 7 -1
11 8 -1
11 9 -1
11 10 -1
11 11 -1
11 12 -1
11 13 -1
11 14 -1
11 15 -1
11 16 -1
11 17 -1
11 18 -1
11 19 -1
11 20 -1
11 21 -1
11 22 -1
11 23 -1
11 24 -1
11 25 -1
11 26 -1
11 27 -1
11 28 -1
11 29 -1
11 30 -1
11 31 -1
11 32 -1
11 33 -1
11 34 -1
11 35 -1
11 36 -1
11 37 -1
11 38 -1
11 39 -1
11 40 -1
11 41 -1
11 42 -1

12 0 18.7781
12 1 15.1277
12 2 9.82489
12 3 2.85309
12 4 -1
12 5 -1
12 6 -1
12 7 -1
12 8 -1
12 9 -1
12 10 -1
12 11 -1
12 12 -1
12 13 -1
12 14 -1
12 15 -1
12 16 -1
12 17 -1
12 18 -1
12 19 -1
12 20 -1
12 21 -1
12 22 -1
12 23 -1
12 24 -1
12 25 -1
12 26 -1
12 27 -1
12 28 -1
12 29 -1
12 30 -1
12 31 -1
12 32 -1
12 33 -1
12 34 -1
12 35 -1
12 36 -1
12 37 -1
12 38 -1
12 39 -1
12 40 -1
12 41 -1
12 42 -1

13 0 20.1636
13 1 16.7222
13 2 11.8404
13 3 5.45471
13 4 -1
13 5 -1
13 6 -1
13 7 -1
13 8 -1
13 9 -1
13 10 -1
13 11 -1
13 12 -1
13 13 -1
13 14 -1
13 15 -1
13 16 -1
13 17 -1
13 18 -1
13 19 -1
13 20 -1
13 21 -1
13 22 -1
13 23 -1
13 24 -1
13 25 -1
13 26 -1
13 27 -1
13 28 -1
13 29 -1
13 30 -1
13 31 -1
13 32 -1
13 33 -1
13 34 -1
13 35 -1
13 36 -1
13 37 -1
13 38 -1
13 39 -1
13 40 -1
13 41 -1
13 42 -1

14 0 21.5477
14 1 18.262
14 2 13.6968
14 3 7.7724
14 4 -1
14 5 -1
14 6 -1
14 7 -1
14 8 -1
14 9 -1
14 10 -1
14 11 -1
14 12 -1
14 13 -1
14 14 -1
14 15 -1
14 16 -1
14 17 -1
14 18 -1
14 19 -1
14 20 -1
14 21 -1
14 22 -1
14 23 -1
14 24 -1
14 25 -1
14 26 -1
14 27 -1
14 28 -1
14 29 -1
14 30 -1
14 31 -1
14 32 -1
14 33 -1
14 34 -1
14 35 -1
14 36 -1
14 37 -1
14 38 -1
14 39 -1
14 40 -1
14 41 -1
14 42 -1

15 0 22.9241
15 1 19.8087
15 2 15.513
15 3 10.0673
15 4 -1
15 5 -1
15 6 -1
15 7 -1
15 8 -1
15 9 -1
15 10 -1
15 11 -1
15 12 -1
15 13 -1
15 14 -1
15 15 -1
15 16 -1
15 17 -1
15 18 -1
15 19 -1
15 20 -1
15 21 -1
15 22 -1
15 23 -1
15 24 -1
15 25 -1
15 26 -1
15 27 -1
15 28 -1
15 29 -1
15 30 -1
15 31 -1
15 32 -1
15 33 -1
15 34 -1
15 35 -1
15 36 -1
15 37 -1
15 38 -1
15 39 -1
15 40 -1
15 41 -1
15 42 -1

16 0 24.2897
16 1 21.3434
16 2 17.2507
16 3 12.1603
16 4 4.94366
16 5 -1
16 6 -1
16 7 -1
16 8 -1
16 9 -1
16 10 -1
16 11 -1
16 12 -1
16 13 -1
16 14 -1
16 15 -1
16 16 -1
16 17 -1
16 18 -1
16 19 -1
16 20 -1
16 21 -1
16 22 -1
16 23 -1
16 24 -1
16 25 -1
16 26 -1
16 27 -1
16 28 -1
16 29 -1
16 30 -1
16 31 -1
16 32 -1
16 33 -1
16 34 -1
16 35 -1
16 36 -1
16 37 -1
16 38 -1
16 39 -1
16 40 -1
16 41 -1
16 42 -1

17 0 25.6564
17 1 22.8392
17 2 18.9572
17 3 14.1523
17 4 7.84619
17 5 -1
17 6 -1
17 7 -1
17 8 -1
17 9 -1
17 10 -1
17 11 -1
17 12 -1
17 13 -1
17 14 -1
17 15 -1
17 16 -1
17 17 -1
17 18 -1
17 19 -1
17 20 -1
17 21 -1
17 22 -1
17 23 -1
17 24 -1
17 25 -1
17 26 -1
17 27 -1
17 28 -1
17 29 -1
17 30 -1
17 31 -1
17 32 -1
17 33 -1
17 34 -1
17 35 -1
17 36 -1
17 37 -1
17 38 -1
17 39 -1
17 40 -1
17 41 -1
17 42 -1

18 0 27.0199
18 1 24.3217
18 2 20.6113
18 3 16.11
18 4 10.2786
18 5 2.92975
18 6 -1
18 7 -1
18 8 -1
18 9 -1
18 10 -1
18 11 -1
18 12 -1
18 13 -1
18 14 -1
18 15 -1
18 16 -1
18 17 -1
18 18 -1
18 19 -1
18 20 -1
18 21 -1
18 22 -1
18 23 -1
18 24 -1
18 25 -1
18 26 -1
18 27 -1
18 28 -1
18 29 -1
18 30 -1
18 31 -1
18 32 -1
18 33 -1
18 34 -1
18 35 -1
18 36 -1
18 37 -1
18 38 -1
18 39 -1
18 40 -1
18 41 -1
18 42 -1

19 0 28.3837
19 1 25.7971
19 2 22.2434
19 3 17.9362
19 4 12.5151
19 5 5.70593
19 6 -1
19 7 -1
19 8 -1
19 9 -1
19 10 -1
19 11 -1
19 12 -1
19 13 -1
19 14 -1
19 15 -1
19 16 -1
19 17 -1
19 18 -1
19 19 -1
19 20 -1
19 21 -1
19 22 -1
19 23 -1
19 24 -1
19 25 -1
19 26 -1
19 27 -1
19 28 -1
19 29 -1
19 30 -1
19 31 -1
19 32 -1
19 33 -1
19 34 -1
19 35 -1
19 36 -1
19 37 -1
19 38 -1
19 39 -1
19 40 -1
19 41 -1
19 42 -1

20 0 29.7288
20 1 27.2599
20 2 23.8183
20 3 19.7262
20 4 14.6191
20 5 8.22131
20 6 -1
20 7 -1
20 8 -1
20 9 -1
20 10 -1
20 11 -1
20 12 -1
20 13 -1
20 14 -1
20 15 -1
20 16 -1
20 17 -1
20 18 -1
20 19 -1
20 20 -1
20 21 -1
20 22 -1
20 23 -1
20 24 -1
20 25 -1
20 26 -1
20 27 -1
20 28 -1
20 29 -1
20 30 -1
20 31 -1
20 32 -1
20 33 -1
20 34 -1
20 35 -1
20 36 -1
20 37 -1
20 38 -1
20 39 -1
20 40 -1
20 41 -1
20 42 -1

21 0 31.0533
21 1 28.7015
21 2 25.4101
21 3 21.4217
21 4 16.6218
21 5 10.7317
21 6 -1
21 7 -1
21 8 -1
21 9 -1
21 10 -1
21 11 -1
21 12 -1
21 13 -1
21 14 -1
21 15 -1
21 16 -1
21 17 -1
21 18 -1
21 19 -1
21 20 -1
21 21 -1
21 22 -1
21 23 -1
21 24 -1
21 25 -1
21 26 -1
21 27 -1
21 28 -1
21 29 -1
21 30 -1
21 31 -1
21 32 -1
21 33 -1
21 34 -1
21 35 -1
21 36 -1
21 37 -1
21 38 -1
21 39 -1
21 40 -1
21 41 -1
21 42 -1

22 0 32.3799
22 1 30.1133
22 2 26.9831
22 3 23.1208
22 4 18.5776
22 5 13.0058
22 6 5.55939
22 7 -1
22 8 -1
22 9 -1
22 10 -1
22 11 -1
22 12 -1
22 13 -1
22 14 -1
22 15 -1
22 16 -1
22 17 -1
22 18 -1
22 19 -1
22 20 -1
22 21 -1
22 22 -1
22 23 -1
22 24 -1
22 25 -1
22 26 -1
22 27 -1
22 28 -1
22 29 -1
22 30 -1
22 31 -1
22 32 -1
22 33 -1
22 34 -1
22 35 -1
22 36 -1
22 37 -1
22 38 -1
22 39 -1
22 40 -1
22 41 -1
22 42 -1

23 0 33.6917
23 1 31.5283
23 2 28.4828
23 3 24.8062
23 4 20.4643
23 5 15.1613
23 6 8.55359
23 7 -1
23 8 -1
23 9 -1
23 10 -1
23 11 -1
23 12 -1
23 13 -1
23 14 -1
23 15 -1
23 16 -1
23 17 -1
23 18 -1
23 19 -1
23 20 -1
23 21 -1
23 22 -1
23 23 -1
23 24 -1
23 25 -1
23 26 -1
23 27 -1
23 28 -1
23 29 -1
23 30 -1
23 31 -1
23 32 -1
23 33 -1
23 34 -1
23 35 -1
23 36 -1
23 37 -1
23 38 -1
23 39 -1
23 40 -1
23 41 -1
23 42 -1

24 0 34.9836
24 1 32.8976
24 2 29.9753
24 3 26.4158
24 4 22.234
24 5 17.2786
24 6 11.1329
24 7 3.41742
24 8 -1
24 9 -1
24 10 -1
24 11 -1
24 12 -1
24 13 -1
24 14 -1
24 15 -1
24 16 -1
24 17 -1
24 18 -1
24 19 -1
24 20 -1
24 21 -1
24 22 -1
24 23 -1
24 24 -1
24 25 -1
24 26 -1
24 27 -1
24 28 -1
24 29 -1
24 30 -1
24 31 -1
24 32 -1
24 33 -1
24 34 -1
24 35 -1
24 36 -1
24 37 -1
24 38 -1
24 39 -1
24 40 -1
24 41 -1
24 42 -1

25 0 36.2701
25 1 34.2752
25 2 31.4402
25 3 27.9991
25 4 23.9713
25 5 19.263
25 6 13.474
25 7 6.32245
25 8 -1
25 9 -1
25 10 -1
25 11 -1
25 12 -1
25 13 -1
25 14 -1
25 15 -1
25 16 -1
25 17 -1
25 18 -1
25 19 -1
25 20 -1
25 21 -1
25 22 -1
25 23 -1
25 24 -1
25 25 -1
25 26 -1
25 27 -1
25 28 -1
25 29 -1
25 30 -1
25 31 -1
25 32 -1
25 33 -1
25 34 -1
25 35 -1
25 36 -1
25 37 -1
25 38 -1
25 39 -1
25 40 -1
25 41 -1
25 42 -1

26 0 37.5303
26 1 35.6241
26 2 32.877
26 3 29.5769
26 4 25.6954
26 5 21.1564
26 6 15.7219
26 7 9.06433
26 8 -1
26 9 -1
26 10 -1
26 11 -1
26 12 -1
26 13 -1
26 14 -1
26 15 -1
26 16 -1
26 17 -1
26 18 -1
26 19 -1
26 20 -1
26 21 -1
26 22 -1
26 23 -1
26 24 -1
26 25 -1
26 26 -1
26 27 -1
26 28 -1
26 29 -1
26 30 -1
26 31 -1
26 32 -1
26 33 -1
26 34 -1
26 35 -1
26 36 -1
26 37 -1
26 38 -1
26 39 -1
26 40 -1
26 41 -1
26 42 -1

27 0 38.7789
27 1 36.962
27 2 34.3061
27 3 31.1061
27 4 27.3626
27 5 23.0295
27 6 17.8476
27 7 11.6457
27 8 -1
27 9 -1
27 10 -1
27 11 -1
27 12 -1
27 13 -1
27 14 -1
27 15 -1
27 16 -1
27 17 -1
27 18 -1
27 19 -1
27 20 -1
27 21 -1
27 22 -1
27 23 -1
27 24 -1
27 25 -1
27 26 -1
27 27 -1
27 28 -1
27 29 -1
27 30 -1
27 31 -1
27 32 -1
27 33 -1
27 34 -1
27 35 -1
27 36 -1
27 37 -1
27 38 -1
27 39 -1
27 40 -1
27 41 -1
27 42 -1

28 0 40.0157
28 1 38.2847
28 2 35.744
28 3 32.6105
28 4 28.9827
28 5 24.7827
28 6 19.8412
28 7 14.0698
28 8 6.16199
28 9 -1
28 10 -1
28 11 -1
28 12 -1
28 13 -1
28 14 -1
28 15 -1
28 16 -1
28 17 -1
28 18 -1
28 19 -1
28 20 -1
28 21 -1
28 22 -1
28 23 -1
28 24 -1
28 25 -1
28 26 -1
28 27 -1
28 28 -1
28 29 -1
28 30 -1
28 31 -1
28 32 -1
28 33 -1
28 34 -1
28 35 -1
28 36 -1
28 37 -1
28 38 -1
28 39 -1
28 40 -1
28 41 -1
28 42 -1

29 0 41.2504
29 1 39.5882
29 2 37.1244
29 3 34.1082
29 4 30.5725
29 5 26.5234
29 6 21.8376
29 7 16.3342
29 8 9.39136
29 9 -1
29 10 -1
29 11 -1
29 12 -1
29 13 -1
29 14 -1
29 15 -1
29 16 -1
29 17 -1
29 18 -1
29 19 -1
29 20 -1
29 21 -1
29 22 -1
29 23 -1
29 24 -1
29 25 -1
29 26 -1
29 27 -1
29 28 -1
29 29 -1
29 30 -1
29 31 -1
29 32 -1
29 33 -1
29 34 -1
29 35 -1
29 36 -1
29 37 -1
29 38 -1
29 39 -1
29 40 -1
29 41 -1
29 42 -1

30 0 42.457
30 1 40.886
30 2 38.5012
30 3 35.5801
30 4 32.1801
30 5 28.211
30 6 23.7434
30 7 18.5057
30 8 12.1012
30 9 3.45959
30 10 -1
30 11 -1
30 12 -1
30 13 -1
30 14 -1
30 15 -1
30 16 -1
30 17 -1
30 18 -1
30 19 -1
30 20 -1
30 21 -1
30 22 -1
30 23 -1
30 24 -1
30 25 -1
30 26 -1
30 27 -1
30 28 -1
30 29 -1
30 30 -1
30 31 -1
30 32 -1
30 33 -1
30 34 -1
30 35 -1
30 36 -1
30 37 -1
30 38 -1
30 39 -1
30 40 -1
30 41 -1
30 42 -1

31 0 43.6492
31 1 42.1588
31 2 39.8491
31 3 36.9991
31 4 33.711
31 5 29.9035
31 6 25.5807
31 7 20.5659
31 8 14.6168
31 9 6.99426
31 10 -1
31 11 -1
31 12 -1
31 13 -1
31 14 -1
31 15 -1
31 16 -1
31 17 -1
31 18 -1
31 19 -1
31 20 -1
31 21 -1
31 22 -1
31 23 -1
31 24 -1
31 25 -1
31 26 -1
31 27 -1
31 28 -1
31 29 -1
31 30 -1
31 31 -1
31 32 -1
31 33 -1
31 34 -1
31 35 -1
31 36 -1
31 37 -1
31 38 -1
31 39 -1
31 40 -1
31 41 -1
31 42 -1

32 0 44.8327
32 1 43.4099
32 2 41.1763
32 3 38.4184
32 4 35.2461
32 5 31.5715
32 6 27.4053
32 7 22.5656
32 8 16.9705
32 9 10.0953
32 10 -1
32 11 -1
32 12 -1
32 13 -1
32 14 -1
32 15 -1
32 16 -1
32 17 -1
32 18 -1
32 19 -1
32 20 -1
32 21 -1
32 22 -1
32 23 -1
32 24 -1
32 25 -1
32 26 -1
32 27 -1
32 28 -1
32 29 -1
32 30 -1
32 31 -1
32 32 -1
32 33 -1
32 34 -1
32 35 -1
32 36 -1
32 37 -1
32 38 -1
32 39 -1
32 40 -1
32 41 -1
32 42 -1

33 0 45.996
33 1 44.6564
33 2 42.4802
33 3 39.8286
33 4 36.7195
33 5 33.1908
33 6 29.1534
33 7 24.5129
33 8 19.2361
33 9 12.8627
33 10 4.56525
33 11 -1
33 12 -1
33 13 -1
33 14 -1
33 15 -1
33 16 -1
33 17 -1
33 18 -1
33 19 -1
33 20 -1
33 21 -1
33 22 -1
33 23 -1
33 24 -1
33 25 -1
33 26 -1
33 27 -1
33 28 -1
33 29 -1
33 30 -1
33 31 -1
33 32 -1
33 33 -1
33 34 -1
33 35 -1
33 36 -1
33 37 -1
33 38 -1
33 39 -1
33 40 -1
33 41 -1
33 42 -1

34 0 47.1533
34 1 45.8605
34 2 43.7968
34 3 41.2081
34 4 38.1675
34 5 34.7564
34 6 30.8481
34 7 26.418
34 8 21.3036
34 9 15.3958
34 10 8.03864
34 11 -1
34 12 -1
34 13 -1
34 14 -1
34 15 -1
34 16 -1
34 17 -1
34 18 -1
34 19 -1
34 20 -1
34 21 -1
34 22 -1
34 23 -1
34 24 -1
34 25 -1
34 26 -1
34 27 -1
34 28 -1
34 29 -1
34 30 -1
34 31 -1
34 32 -1
34 33 -1
34 34 -1
34 35 -1
34 36 -1
34 37 -1
34 38 -1
34 39 -1
34 40 -1
34 41 -1
34 42 -1

35 0 48.2967
35 1 47.055
35 2 45.0789
35 3 42.5521
35 4 39.6337
35 5 36.2986
35 6 32.4974
35 7 28.2169
35 8 23.391
35 9 17.6949
35 10 11.0243
35 11 2.80176
35 12 -1
35 13 -1
35 14 -1
35 15 -1
35 16 -1
35 17 -1
35 18 -1
35 19 -1
35 20 -1
35 21 -1
35 22 -1
35 23 -1
35 24 -1
35 25 -1
35 26 -1
35 27 -1
35 28 -1
35 29 -1
35 30 -1
35 31 -1
35 32 -1
35 33 -1
35 34 -1
35 35 -1
35 36 -1
35 37 -1
35 38 -1
35 39 -1
35 40 -1
35 41 -1
35 42 -1

36 0 49.4158
36 1 48.2565
36 2 46.3345
36 3 43.8804
36 4 41.0463
36 5 37.7649
36 6 34.1114
36 7 29.9891
36 8 25.3521
36 9 19.9619
36 10 13.7065
36 11 6.12964
36 12 -1
36 13 -1
36 14 -1
36 15 -1
36 16 -1
36 17 -1
36 18 -1
36 19 -1
36 20 -1
36 21 -1
36 22 -1
36 23 -1
36 24 -1
36 25 -1
36 26 -1
36 27 -1
36 28 -1
36 29 -1
36 30 -1
36 31 -1
36 32 -1
36 33 -1
36 34 -1
36 35 -1
36 36 -1
36 37 -1
36 38 -1
36 39 -1
36 40 -1
36 41 -1
36 42 -1

37 0 50.5227
37 1 49.4258
37 2 47.5646
37 3 45.2004
37 4 42.4189
37 5 39.2669
37 6 35.7117
37 7 31.7144
37 8 27.27
37 9 22.1103
37 10 16.1927
37 11 9.06873
37 12 0.784729
37 13 -1
37 14 -1
37 15 -1
37 16 -1
37 17 -1
37 18 -1
37 19 -1
37 20 -1
37 21 -1
37 22 -1
37 23 -1
37 24 -1
37 25 -1
37 26 -1
37 27 -1
37 28 -1
37 29 -1
37 30 -1
37 31 -1
37 32 -1
37 33 -1
37 34 -1
37 35 -1
37 36 -1
37 37 -1
37 38 -1
37 39 -1
37 40 -1
37 41 -1
37 42 -1

38 0 51.5995
38 1 50.568
38 2 48.768
38 3 46.5073
38 4 43.7978
38 5 40.7084
38 6 37.2289
38 7 33.3856
38 8 29.0627
38 9 24.1457
38 10 18.5371
38 11 11.8721
38 12 3.77557
38 13 -1
38 14 -1
38 15 -1
38 16 -1
38 17 -1
38 18 -1
38 19 -1
38 20 -1
38 21 -1
38 22 -1
38 23 -1
38 24 -1
38 25 -1
38 26 -1
38 27 -1
38 28 -1
38 29 -1
38 30 -1
38 31 -1
38 32 -1
38 33 -1
38 34 -1
38 35 -1
38 36 -1
38 37 -1
38 38 -1
38 39 -1
38 40 -1
38 41 -1
38 42 -1

39 0 52.6553
39 1 51.6987
39 2 49.9573
39 3 47.7695
39 4 45.1349
39 5 42.1455
39 6 38.7603
39 7 34.9961
39 8 30.8389
39 9 26.1058
39 10 20.7904
39 11 14.4763
39 12 6.91162
39 13 -1
39 14 -1
39 15 -1
39 16 -1
39 17 -1
39 18 -1
39 19 -1
39 20 -1
39 21 -1
39 22 -1
39 23 -1
39 24 -1
39 25 -1
39 26 -1
39 27 -1
39 28 -1
39 29 -1
39 30 -1
39 31 -1
39 32 -1
39 33 -1
39 34 -1
39 35 -1
39 36 -1
39 37 -1
39 38 -1
39 39 -1
39 40 -1
39 41 -1
39 42 -1

40 0 53.704
40 1 52.805
40 2 51.1319
40 3 48.9728
40 4 46.452
40 5 43.5505
40 6 40.2791
40 7 36.6226
40 8 32.5565
40 9 28.0183
40 10 22.8799
40 11 17.0297
40 12 9.89099
40 13 -1
40 14 -1
40 15 -1
40 16 -1
40 17 -1
40 18 -1
40 19 -1
40 20 -1
40 21 -1
40 22 -1
40 23 -1
40 24 -1
40 25 -1
40 26 -1
40 27 -1
40 28 -1
40 29 -1
40 30 -1
40 31 -1
40 32 -1
40 33 -1
40 34 -1
40 35 -1
40 36 -1
40 37 -1
40 38 -1
40 39 -1
40 40 -1
40 41 -1
40 42 -1

41 0 54.7313
41 1 53.9017
41 2 52.2957
41 3 50.1968
41 4 47.7242
41 5 44.9392
41 6 41.7374
41 7 38.1992
41 8 34.2407
41 9 29.8359
41 10 24.9577
41 11 19.3692
41 12 12.6807
41 13 4.36444
41 14 -1
41 15 -1
41 16 -1
41 17 -1
41 18 -1
41 19 -1
41 20 -1
41 21 -1
41 22 -1
41 23 -1
41 24 -1
41 25 -1
41 26 -1
41 27 -1
41 28 -1
41 29 -1
41 30 -1
41 31 -1
41 32 -1
41 33 -1
41 34 -1
41 35 -1
41 36 -1
41 37 -1
41 38 -1
41 39 -1
41 40 -1
41 41 -1
41 42 -1

42 0 55.7316
42 1 54.9582
42 2 53.4172
42 3 51.4028
42 4 49.0026
42 5 46.2709
42 6 43.19
42 7 39.7353
42 8 35.9103
42 9 31.644
42 10 26.9106
42 11 21.5656
42 12 15.2774
42 13 7.81635
42 14 -1
42 15 -1
42 16 -1
42 17 -1
42 18 -1
42 19 -1
42 20 -1
42 21 -1
42 22 -1
42 23 -1
42 24 -1
42 25 -1
42 26 -1
42 27 -1
42 28 -1
42 29 -1
42 30 -1
42 31 -1
42 32 -1
42 33 -1
42 34 -1
42 35 -1
42 36 -1
42 37 -1
42 38 -1
42 39 -1
42 40 -1
42 41 -1
42 42 -1

43 0 56.7095
43 1 55.9921
43 2 54.5173
43 3 52.5795
43 4 50.2504
43 5 47.5714
43 6 44.6002
43 7 41.2654
43 8 37.506
43 9 33.4
43 10 28.8057
43 11 23.6498
43 12 17.7838
43 13 10.798
43 14 1.40222
43 15 -1
43 16 -1
43 17 -1
43 18 -1
43 19 -1
43 20 -1
43 21 -1
43 22 -1
43 23 -1
43 24 -1
43 25 -1
43 26 -1
43 27 -1
43 28 -1
43 29 -1
43 30 -1
43 31 -1
43 32 -1
43 33 -1
43 34 -1
43 35 -1
43 36 -1
43 37 -1
43 38 -1
43 39 -1
43 40 -1
43 41 -1
43 42 -1

44 0 57.6686
44 1 57.0109
44 2 55.6067
44 3 53.7083
44 4 51.4552
44 5 48.86
44 6 45.9581
44 7 42.738
44 8 39.0849
44 9 35.0862
44 10 30.7053
44 11 25.6851
44 12 20.0389
44 13 13.5309
44 14 5.19879
44 15 -1
44 16 -1
44 17 -1
44 18 -1
44 19 -1
44 20 -1
44 21 -1
44 22 -1
44 23 -1
44 24 -1
44 25 -1
44 26 -1
44 27 -1
44 28 -1
44 29 -1
44 30 -1
44 31 -1
44 32 -1
44 33 -1
44 34 -1
44 35 -1
44 36 -1
44 37 -1
44 38 -1
44 39 -1
44 40 -1
44 41 -1
44 42 -1

45 0 58.5969
45 1 58.0109
45 2 56.6559
45 3 54.8323
45 4 52.6628
45 5 50.1334
45 6 47.2959
45 7 44.1785
45 8 40.6298
45 9 36.7762
45 10 32.4797
45 11 27.701
45 12 22.2429
45 13 16.0484
45 14 8.66272
45 15 -1
45 16 -1
45 17 -1
45 18 -1
45 19 -1
45 20 -1
45 21 -1
45 22 -1
45 23 -1
45 24 -1
45 25 -1
45 26 -1
45 27 -1
45 28 -1
45 29 -1
45 30 -1
45 31 -1
45 32 -1
45 33 -1
45 34 -1
45 35 -1
45 36 -1
45 37 -1
45 38 -1
45 39 -1
45 40 -1
45 41 -1
45 42 -1

46 0 59.5084
46 1 58.9926
46 2 57.6929
46 3 55.9612
46 4 53.8292
46 5 51.3823
46 6 48.6331
46 7 45.5616
46 8 42.184
46 9 38.4048
46 10 34.298
46 11 29.6257
46 12 24.4056
46 13 18.4913
46 14 11.6012
46 15 2.95508
46 16 -1
46 17 -1
46 18 -1
46 19 -1
46 20 -1
46 21 -1
46 22 -1
46 23 -1
46 24 -1
46 25 -1
46 26 -1
46 27 -1
46 28 -1
46 29 -1
46 30 -1
46 31 -1
46 32 -1
46 33 -1
46 34 -1
46 35 -1
46 36 -1
46 37 -1
46 38 -1
46 39 -1
46 40 -1
46 41 -1
46 42 -1

47 0 60.4033
47 1 59.9377
47 2 58.7075
47 3 57.0349
47 4 54.9852
47 5 52.6072
47 6 49.9058
47 7 46.9294
47 8 43.6446
47 9 40.002
47 10 35.9911
47 11 31.5026
47 12 26.4429
47 13 20.7928
47 14 14.2778
47 15 6.47882
47 16 -1
47 17 -1
47 18 -1
47 19 -1
47 20 -1
47 21 -1
47 22 -1
47 23 -1
47 24 -1
47 25 -1
47 26 -1
47 27 -1
47 28 -1
47 29 -1
47 30 -1
47 31 -1
47 32 -1
47 33 -1
47 34 -1
47 35 -1
47 36 -1
47 37 -1
47 38 -1
47 39 -1
47 40 -1
47 41 -1
47 42 -1

48 0 61.2736
48 1 60.8538
48 2 59.7248
48 3 58.0998
48 4 56.1063
48 5 53.7998
48 6 51.1829
48 7 48.2673
48 8 45.0444
48 9 41.5161
48 10 37.631
48 11 33.2931
48 12 28.4751
48 13 23.0212
48 14 16.8199
48 15 9.54742
48 16 0.693542
48 17 -1
48 18 -1
48 19 -1
48 20 -1
48 21 -1
48 22 -1
48 23 -1
48 24 -1
48 25 -1
48 26 -1
48 27 -1
48 28 -1
48 29 -1
48 30 -1
48 31 -1
48 32 -1
48 33 -1
48 34 -1
48 35 -1
48 36 -1
48 37 -1
48 38 -1
48 39 -1
48 40 -1
48 41 -1
48 42 -1

49 0 62.1286
49 1 61.7613
49 2 60.6869
49 3 59.1347
49 4 57.2039
49 5 54.9676
49 6 52.4426
49 7 49.5738
49 8 46.4883
49 9 43.0184
49 10 39.228
49 11 35.0698
49 12 30.3815
49 13 25.1399
49 14 19.2671
49 15 12.349
49 16 3.93256
49 17 -1
49 18 -1
49 19 -1
49 20 -1
49 21 -1
49 22 -1
49 23 -1
49 24 -1
49 25 -1
49 26 -1
49 27 -1
49 28 -1
49 29 -1
49 30 -1
49 31 -1
49 32 -1
49 33 -1
49 34 -1
49 35 -1
49 36 -1
49 37 -1
49 38 -1
49 39 -1
49 40 -1
49 41 -1
49 42 -1

50 0 62.9402
50 1 62.6409
50 2 61.6218
50 3 60.1281
50 4 58.269
50 5 56.1134
50 6 53.6475
50 7 50.8906
50 8 47.8377
50 9 44.4849
50 10 40.7932
50 11 36.7497
50 12 32.2252
50 13 27.2076
50 14 21.5988
50 15 15.0471
50 16 7.16986
50 17 -1
50 18 -1
50 19 -1
50 20 -1
50 21 -1
50 22 -1
50 23 -1
50 24 -1
50 25 -1
50 26 -1
50 27 -1
50 28 -1
50 29 -1
50 30 -1
50 31 -1
50 32 -1
50 33 -1
50 34 -1
50 35 -1
50 36 -1
50 37 -1
50 38 -1
50 39 -1
50 40 -1
50 41 -1
50 42 -1

51 0 63.7172
51 1 63.4915
51 2 62.5344
51 3 61.1078
51 4 59.3278
51 5 57.2123
51 6 54.848
51 7 52.1525
51 8 49.1938
51 9 45.9427
51 10 42.333
51 11 38.4081
51 12 34.0687
51 13 29.2054
51 14 23.7924
51 15 17.5826
51 16 10.3252
51 17 -1
51 18 -1
51 19 -1
51 20 -1
51 21 -1
51 22 -1
51 23 -1
51 24 -1
51 25 -1
51 26 -1
51 27 -1
51 28 -1
51 29 -1
51 30 -1
51 31 -1
51 32 -1
51 33 -1
51 34 -1
51 35 -1
51 36 -1
51 37 -1
51 38 -1
51 39 -1
51 40 -1
51 41 -1
51 42 -1

52 0 64.4642
52 1 64.3203
52 2 63.417
52 3 62.073
52 4 60.3377
52 5 58.312
52 6 55.9948
52 7 53.3907
52 8 50.519
52 9 47.3356
52 10 43.8547
52 11 40.0306
52 12 35.8
52 13 31.1343
52 14 25.9258
52 15 20.0464
52 16 13.1738
52 17 4.38251
52 18 -1
52 19 -1
52 20 -1
52 21 -1
52 22 -1
52 23 -1
52 24 -1
52 25 -1
52 26 -1
52 27 -1
52 28 -1
52 29 -1
52 30 -1
52 31 -1
52 32 -1
52 33 -1
52 34 -1
52 35 -1
52 36 -1
52 37 -1
52 38 -1
52 39 -1
52 40 -1
52 41 -1
52 42 -1

53 0 65.1889
53 1 65.1107
53 2 64.2636
53 3 62.986
53 4 61.3152
53 5 59.3629
53 6 57.1139
53 7 54.5842
53 8 51.8095
53 9 48.7057
53 10 45.3085
53 11 41.6068
53 12 37.4955
53 13 32.9857
53 14 27.9579
53 15 22.3386
53 16 15.925
53 17 7.91772
53 18 -1
53 19 -1
53 20 -1
53 21 -1
53 22 -1
53 23 -1
53 24 -1
53 25 -1
53 26 -1
53 27 -1
53 28 -1
53 29 -1
53 30 -1
53 31 -1
53 32 -1
53 33 -1
53 34 -1
53 35 -1
53 36 -1
53 37 -1
53 38 -1
53 39 -1
53 40 -1
53 41 -1
53 42 -1

54 0 65.8894
54 1 65.8749
54 2 65.0894
54 3 63.8511
54 4 62.2664
54 5 60.3872
54 6 58.2131
54 7 55.7581
54 8 53.0292
54 9 50.0576
54 10 46.7593
54 11 43.123
54 12 39.1298
54 13 34.7861
54 14 29.925
54 15 24.571
54 16 18.4448
54 17 11.1798
54 18 1.38629
54 19 -1
54 20 -1
54 21 -1
54 22 -1
54 23 -1
54 24 -1
54 25 -1
54 26 -1
54 27 -1
54 28 -1
54 29 -1
54 30 -1
54 31 -1
54 32 -1
54 33 -1
54 34 -1
54 35 -1
54 36 -1
54 37 -1
54 38 -1
54 39 -1
54 40 -1
54 41 -1
54 42 -1

55 0 66.5536
55 1 66.5956
55 2 65.8752
55 3 64.7114
55 4 63.2017
55 5 61.3611
55 6 59.2777
55 7 56.8743
55 8 54.2384
55 9 51.344
55 10 48.1479
55 11 44.6237
55 12 40.7689
55 13 36.5071
55 14 31.8423
55 15 26.675
55 16 20.7999
55 17 13.9798
55 18 5.36298
55 19 -1
55 20 -1
55 21 -1
55 22 -1
55 23 -1
55 24 -1
55 25 -1
55 26 -1
55 27 -1
55 28 -1
55 29 -1
55 30 -1
55 31 -1
55 32 -1
55 33 -1
55 34 -1
55 35 -1
55 36 -1
55 37 -1
55 38 -1
55 39 -1
55 40 -1
55 41 -1
55 42 -1

56 0 67.2054
56 1 67.2869
56 2 66.6449
56 3 65.5245
56 4 64.0908
56 5 62.3245
56 6 60.2831
56 7 57.9816
56 8 55.4236
56 9 52.6143
56 10 49.4931
56 11 46.0927
56 12 42.3319
56 13 38.2178
56 14 33.7442
56 15 28.6643
56 16 23.0639
56 17 16.5952
56 18 8.75183
56 19 -1
56 20 -1
56 21 -1
56 22 -1
56 23 -1
56 24 -1
56 25 -1
56 26 -1
56 27 -1
56 28 -1
56 29 -1
56 30 -1
56 31 -1
56 32 -1
56 33 -1
56 34 -1
56 35 -1
56 36 -1
56 37 -1
56 38 -1
56 39 -1
56 40 -1
56 41 -1
56 42 -1

57 0 67.8223
57 1 67.9604
57 2 67.3714
57 3 66.329
57 4 64.9442
57 5 63.2332
57 6 61.2789
57 7 59.0414
57 8 56.5498
57 9 53.8527
57 10 50.8514
57 11 47.5267
57 12 43.871
57 13 39.8928
57 14 35.5665
57 15 30.6929
57 16 25.2134
57 17 19.1301
57 18 11.7471
57 19 1.34052
57 20 -1
57 21 -1
57 22 -1
57 23 -1
57 24 -1
57 25 -1
57 26 -1
57 27 -1
57 28 -1
57 29 -1
57 30 -1
57 31 -1
57 32 -1
57 33 -1
57 34 -1
57 35 -1
57 36 -1
57 37 -1
57 38 -1
57 39 -1
57 40 -1
57 41 -1
57 42 -1

58 0 68.3986
58 1 68.5992
58 2 68.0823
58 3 67.0975
58 4 65.7665
58 5 64.1354
58 6 62.2329
58 7 60.0842
58 8 57.6745
58 9 55.0246
58 10 52.108
58 11 48.8761
58 12 45.3557
58 13 41.5128
58 14 37.2961
58 15 32.6005
58 16 27.3939
58 17 21.5121
58 18 14.6461
58 19 5.89398
58 20 -1
58 21 -1
58 22 -1
58 23 -1
58 24 -1
58 25 -1
58 26 -1
58 27 -1
58 28 -1
58 29 -1
58 30 -1
58 31 -1
58 32 -1
58 33 -1
58 34 -1
58 35 -1
58 36 -1
58 37 -1
58 38 -1
58 39 -1
58 40 -1
58 41 -1
58 42 -1

59 0 68.9316
59 1 69.2025
59 2 68.7467
59 3 67.822
59 4 66.5499
59 5 65.0054
59 6 63.1568
59 7 61.0917
59 8 58.7476
59 9 56.174
59 10 53.3251
59 11 50.2175
59 12 46.7761
59 13 43.0518
59 14 38.9797
59 15 34.4828
59 16 29.4706
59 17 23.8085
59 18 17.3232
59 19 9.32977
59 20 -1
59 21 -1
59 22 -1
59 23 -1
59 24 -1
59 25 -1
59 26 -1
59 27 -1
59 28 -1
59 29 -1
59 30 -1
59 31 -1
59 32 -1
59 33 -1
59 34 -1
59 35 -1
59 36 -1
59 37 -1
59 38 -1
59 39 -1
59 40 -1
59 41 -1
59 42 -1

60 0 69.4339
60 1 69.7653
60 2 69.3724
60 3 68.512
60 4 67.3035
60 5 65.8297
60 6 64.0731
60 7 62.0578
60 8 59.7779
60 9 57.2932
60 10 54.5274
60 11 51.505
60 12 48.1887
60 13 44.5485
60 14 40.5876
60 15 36.234
60 16 31.4497
60 17 25.9946
60 18 19.8546
60 19 12.523
60 20 2.58704
60 21 -1
60 22 -1
60 23 -1
60 24 -1
60 25 -1
60 26 -1
60 27 -1
60 28 -1
60 29 -1
60 30 -1
60 31 -1
60 32 -1
60 33 -1
60 34 -1
60 35 -1
60 36 -1
60 37 -1
60 38 -1
60 39 -1
60 40 -1
60 41 -1
60 42 -1

61 0 69.9164
61 1 70.3073
61 2 69.9786
61 3 69.179
61 4 68.0358
61 5 66.6114
61 6 64.9451
61 7 62.9897
61 8 60.7978
61 9 58.3865
61 10 55.7075
61 11 52.7285
61 12 49.5388
61 13 46.0197
61 14 42.1677
61 15 37.9504
61 16 33.3157
61 17 28.1221
61 18 22.2171
61 19 15.4444
61 20 6.92676
61 21 -1
61 22 -1
61 23 -1
61 24 -1
61 25 -1
61 26 -1
61 27 -1
61 28 -1
61 29 -1
61 30 -1
61 31 -1
61 32 -1
61 33 -1
61 34 -1
61 35 -1
61 36 -1
61 37 -1
61 38 -1
61 39 -1
61 40 -1
61 41 -1
61 42 -1

62 0 70.3655
62 1 70.8151
62 2 70.5444
62 3 69.8107
62 4 68.746
62 5 67.3645
62 6 65.7433
62 7 63.8954
62 8 61.7844
62 9 59.4288
62 10 56.8326
62 11 53.9548
62 12 50.8323
62 13 47.4339
62 14 43.6641
62 15 39.6197
62 16 35.1065
62 17 30.1384
62 18 24.5244
62 19 18.1565
62 20 10.3518
62 21 -1
62 22 -1
62 23 -1
62 24 -1
62 25 -1
62 26 -1
62 27 -1
62 28 -1
62 29 -1
62 30 -1
62 31 -1
62 32 -1
62 33 -1
62 34 -1
62 35 -1
62 36 -1
62 37 -1
62 38 -1
62 39 -1
62 40 -1
62 41 -1
62 42 -1

63 0 70.7621
63 1 71.2795
63 2 71.07
63 3 70.4128
63 4 69.392
63 5 68.0973
63 6 66.5445
63 7 64.7405
63 8 62.6948
63 9 60.4471
63 10 57.9468
63 11 55.1447
63 12 52.0907
63 13 48.8042
63 14 45.1943
63 15 41.2346
63 16 36.8522
63 17 32.0652
63 18 26.6752
63 19 20.5676
63 20 13.4873
63 21 4.36896
63 22 -1
63 23 -1
63 24 -1
63 25 -1
63 26 -1
63 27 -1
63 28 -1
63 29 -1
63 30 -1
63 31 -1
63 32 -1
63 33 -1
63 34 -1
63 35 -1
63 36 -1
63 37 -1
63 38 -1
63 39 -1
63 40 -1
63 41 -1
63 42 -1

64 0 71.1379
64 1 71.6981
64 2 71.556
64 3 70.9633
64 4 70.0073
64 5 68.7924
64 6 67.3116
64 7 65.5495
64 8 63.6048
64 9 61.4139
64 10 58.9795
64 11 56.2847
64 12 53.3533
64 13 50.1152
64 14 46.6132
64 15 42.7728
64 16 38.564
64 17 33.9484
64 18 28.7951
64 19 22.9396
64 20 16.2303
64 21 8.12604
64 22 -1
64 23 -1
64 24 -1
64 25 -1
64 26 -1
64 27 -1
64 28 -1
64 29 -1
64 30 -1
64 31 -1
64 32 -1
64 33 -1
64 34 -1
64 35 -1
64 36 -1
64 37 -1
64 38 -1
64 39 -1
64 40 -1
64 41 -1
64 42 -1

65 0 71.4612
65 1 72.0852
65 2 71.987
65 3 71.4518
65 4 70.598
65 5 69.4258
65 6 68.0132
65 7 66.3705
65 8 64.4432
65 9 62.3511
65 10 60.002
65 11 57.393
65 12 54.5208
65 13 51.4078
65 14 48.0007
65 15 44.2832
65 16 40.2239
65 17 35.7772
65 18 30.8051
65 19 25.3003
65 20 18.8591
65 21 11.3263
65 22 1.51746
65 23 -1
65 24 -1
65 25 -1
65 26 -1
65 27 -1
65 28 -1
65 29 -1
65 30 -1
65 31 -1
65 32 -1
65 33 -1
65 34 -1
65 35 -1
65 36 -1
65 37 -1
65 38 -1
65 39 -1
65 40 -1
65 41 -1
65 42 -1

66 0 71.7285
66 1 72.4329
66 2 72.4008
66 3 71.92
66 4 71.1194
66 5 70.0433
66 6 68.6906
66 7 67.1225
66 8 65.2762
66 9 63.2295
66 10 60.9653
66 11 58.4371
66 12 55.69
66 13 52.6411
66 14 49.3026
66 15 45.7383
66 16 41.7953
66 17 37.5066
66 18 32.7252
66 19 27.4083
66 20 21.3601
66 21 14.3167
66 22 5.29041
66 23 -1
66 24 -1
66 25 -1
66 26 -1
66 27 -1
66 28 -1
66 29 -1
66 30 -1
66 31 -1
66 32 -1
66 33 -1
66 34 -1
66 35 -1
66 36 -1
66 37 -1
66 38 -1
66 39 -1
66 40 -1
66 41 -1
66 42 -1

67 0 71.9609
67 1 72.736
67 2 72.7779
67 3 72.3629
67 4 71.6273
67 5 70.5919
67 6 69.3218
67 7 67.8162
67 8 66.0527
67 9 64.0787
67 10 61.8669
67 11 59.4469
67 12 56.7812
67 13 53.8502
67 14 50.6478
67 15 47.1282
67 16 43.3572
67 17 39.1476
67 18 34.5884
67 19 29.5025
67 20 23.7328
67 21 17.0712
67 22 9.1073
67 23 -1
67 24 -1
67 25 -1
67 26 -1
67 27 -1
67 28 -1
67 29 -1
67 30 -1
67 31 -1
67 32 -1
67 33 -1
67 34 -1
67 35 -1
67 36 -1
67 37 -1
67 38 -1
67 39 -1
67 40 -1
67 41 -1
67 42 -1

68 0 72.1132
68 1 72.988
68 2 73.1059
68 3 72.7602
68 4 72.0848
68 5 71.1456
68 6 69.9296
68 7 68.4555
68 8 66.7902
68 9 64.8815
68 10 62.7694
68 11 60.4029
68 12 57.8276
68 13 54.9733
68 14 51.9228
68 15 48.5117
68 16 44.8012
68 17 40.8271
68 18 36.3785
68 19 31.4922
68 20 26.0193
68 21 19.6882
68 22 12.2748
68 23 1.09937
68 24 -1
68 25 -1
68 26 -1
68 27 -1
68 28 -1
68 29 -1
68 30 -1
68 31 -1
68 32 -1
68 33 -1
68 34 -1
68 35 -1
68 36 -1
68 37 -1
68 38 -1
68 39 -1
68 40 -1
68 41 -1
68 42 -1

69 0 72.2488
69 1 73.1872
69 2 73.383
69 3 73.1198
69 4 72.5123
69 5 71.6198
69 6 70.4807
69 7 69.097
69 8 67.4603
69 9 65.6359
69 10 63.5939
69 11 61.3401
69 12 58.8406
69 13 56.0751
69 14 53.0815
69 15 49.8201
69 16 46.2245
69 17 42.3287
69 18 38.0931
69 19 33.3672
69 20 28.1373
69 21 22.1967
69 22 15.2506
69 23 6.31152
69 24 -1
69 25 -1
69 26 -1
69 27 -1
69 28 -1
69 29 -1
69 30 -1
69 31 -1
69 32 -1
69 33 -1
69 34 -1
69 35 -1
69 36 -1
69 37 -1
69 38 -1
69 39 -1
69 40 -1
69 41 -1
69 42 -1

70 0 72.3196
70 1 73.3463
70 2 73.6169
70 3 73.4244
70 4 72.8998
70 5 72.0569
70 6 70.983
70 7 69.6821
70 8 68.1298
70 9 66.3604
70 10 64.3943
70 11 62.2233
70 12 59.8278
70 13 57.1261
70 14 54.2208
70 15 51.0427
70 16 47.5886
70 17 43.8076
70 18 39.7032
70 19 35.1289
70 20 30.1644
70 21 24.4833
70 22 17.9518
70 23 10.2393
70 24 -1
70 25 -1
70 26 -1
70 27 -1
70 28 -1
70 29 -1
70 30 -1
70 31 -1
70 32 -1
70 33 -1
70 34 -1
70 35 -1
70 36 -1
70 37 -1
70 38 -1
70 39 -1
70 40 -1
70 41 -1
70 42 -1

71 0 72.3614
71 1 73.4511
71 2 73.8076
71 3 73.6805
71 4 73.2108
71 5 72.457
71 6 71.4531
71 7 70.2275
71 8 68.7417
71 9 67.0454
71 10 65.1494
71 11 63.0616
71 12 60.7214
71 13 58.1629
71 14 55.3231
71 15 52.2792
71 16 48.8965
71 17 45.2108
71 18 41.263
71 19 36.8714
71 20 32.0344
71 21 26.6744
71 22 20.493
71 23 13.3461
71 24 3.93518
71 25 -1
71 26 -1
71 27 -1
71 28 -1
71 29 -1
71 30 -1
71 31 -1
71 32 -1
71 33 -1
71 34 -1
71 35 -1
71 36 -1
71 37 -1
71 38 -1
71 39 -1
71 40 -1
71 41 -1
71 42 -1

72 0 72.3171
72 1 73.506
72 2 73.9405
72 3 73.9026
72 4 73.486
72 5 72.8168
72 6 71.884
72 7 70.713
72 8 69.3188
72 9 67.713
72 10 65.8661
72 11 63.8382
72 12 61.5878
72 13 59.1165
72 14 56.3701
72 15 53.4227
72 16 50.1869
72 17 46.6186
72 18 42.7606
72 19 38.5579
72 20 33.9039
72 21 28.7192
72 22 22.9352
72 23 16.1746
72 24 7.91571
72 25 -1
72 26 -1
72 27 -1
72 28 -1
72 29 -1
72 30 -1
72 31 -1
72 32 -1
72 33 -1
72 34 -1
72 35 -1
72 36 -1
72 37 -1
72 38 -1
72 39 -1
72 40 -1
72 41 -1
72 42 -1

73 0 72.1948
73 1 73.4933
73 2 73.9952
73 3 74.0505
73 4 73.7364
73 5 73.1286
73 6 72.2598
73 7 71.1605
73 8 69.8297
73 9 68.2913
73 10 66.551
73 11 64.5794
73 12 62.4268
73 13 60.0271
73 14 57.402
73 15 54.5075
73 16 51.3884
73 17 47.968
73 18 44.1961
73 19 40.1181
73 20 35.6802
73 21 30.6893
73 22 25.0982
73 23 18.8459
73 24 11.2731
73 25 1.12341
73 26 -1
73 27 -1
73 28 -1
73 29 -1
73 30 -1
73 31 -1
73 32 -1
73 33 -1
73 34 -1
73 35 -1
73 36 -1
73 37 -1
73 38 -1
73 39 -1
73 40 -1
73 41 -1
73 42 -1

74 0 72.0327
74 1 73.4047
74 2 74.0062
74 3 74.1265
74 4 73.9096
74 5 73.3792
74 6 72.5915
74 7 71.563
74 8 70.3182
74 9 68.8384
74 10 67.1743
74 11 65.2952
74 12 63.1927
74 13 60.886
74 14 58.3445
74 15 55.5667
74 16 52.5299
74 17 49.2546
74 18 45.6183
74 19 41.6404
74 20 37.3375
74 21 32.572
74 22 27.2485
74 23 21.2215
74 24 14.2283
74 25 5.53375
74 26 -1
74 27 -1
74 28 -1
74 29 -1
74 30 -1
74 31 -1
74 32 -1
74 33 -1
74 34 -1
74 35 -1
74 36 -1
74 37 -1
74 38 -1
74 39 -1
74 40 -1
74 41 -1
74 42 -1

75 0 71.7771
75 1 73.2526
75 2 73.9564
75 3 74.1633
75 4 74.015
75 5 73.5654
75 6 72.8602
75 7 71.9168
75 8 70.74
75 9 69.3466
75 10 67.7498
75 11 65.9529
75 12 63.9485
75 13 61.7051
75 14 59.2458
75 15 56.5552
75 16 53.6191
75 17 50.4471
75 18 46.9583
75 19 43.111
75 20 38.9251
75 21 34.3636
75 22 29.2227
75 23 23.5059
75 24 16.9318
75 25 9.10406
75 26 -1
75 27 -1
75 28 -1
75 29 -1
75 30 -1
75 31 -1
75 32 -1
75 33 -1
75 34 -1
75 35 -1
75 36 -1
75 37 -1
75 38 -1
75 39 -1
75 40 -1
75 41 -1
75 42 -1

76 0 71.4534
76 1 73.0186
76 2 73.8234
76 3 74.1302
76 4 74.0636
76 5 73.7007
76 6 73.0704
76 7 72.2073
76 8 71.1306
76 9 69.8051
76 10 68.2914
76 11 66.5527
76 12 64.6299
76 13 62.4827
76 14 60.1005
76 15 57.5095
76 16 54.6956
76 17 51.597
76 18 48.2414
76 19 44.5286
76 20 40.4739
76 21 36.024
76 22 31.1607
76 23 25.6774
76 24 19.3724
76 25 12.2152
76 26 2.92261
76 27 -1
76 28 -1
76 29 -1
76 30 -1
76 31 -1
76 32 -1
76 33 -1
76 34 -1
76 35 -1
76 36 -1
76 37 -1
76 38 -1
76 39 -1
76 40 -1
76 41 -1
76 42 -1

77 0 71.0222
77 1 72.6876
77 2 73.6103
77 3 74.0121
77 4 74.05
77 5 73.7667
77 6 73.2335
77 7 72.4558
77 8 71.4454
77 9 70.2136
77 10 68.7682
77 11 67.1248
77 12 65.2579
77 13 63.2025
77 14 60.9158
77 15 58.4304
77 16 55.6884
77 17 52.658
77 18 49.4341
77 19 45.8444
77 20 41.9462
77 21 37.6265
77 22 32.9405
77 23 27.6914
77 24 21.791
77 25 15.0113
77 26 6.84973
77 27 -1
77 28 -1
77 29 -1
77 30 -1
77 31 -1
77 32 -1
77 33 -1
77 34 -1
77 35 -1
77 36 -1
77 37 -1
77 38 -1
77 39 -1
77 40 -1
77 41 -1
77 42 -1

78 0 70.5204
78 1 72.3053
78 2 73.3158
78 3 73.8282
78 4 73.9607
78 5 73.7873
78 6 73.3212
78 7 72.621
78 8 71.718
78 9 70.5773
78 10 69.1937
78 11 67.6357
78 12 65.8585
78 13 63.8873
78 14 61.6791
78 15 59.2714
78 16 56.6362
78 17 53.7223
78 18 50.5618
78 19 47.1106
78 20 43.36
78 21 39.1961
78 22 34.6646
78 23 29.6544
78 24 23.9786
78 25 17.5859
78 26 10.0557
78 27 0.50116
78 28 -1
78 29 -1
78 30 -1
78 31 -1
78 32 -1
78 33 -1
78 34 -1
78 35 -1
78 36 -1
78 37 -1
78 38 -1
78 39 -1
78 40 -1
78 41 -1
78 42 -1

79 0 69.8817
79 1 71.803
79 2 72.9512
79 3 73.562
79 4 73.8163
79 5 73.7396
79 6 73.3796
79 7 72.7502
79 8 71.9136
79 9 70.8519
79 10 69.598
79 11 68.0889
79 12 66.4038
79 13 64.505
79 14 62.3879
79 15 60.055
79 16 57.5078
79 17 54.7059
79 18 51.662
79 19 48.3217
79 20 44.6778
79 21 40.6956
79 22 36.3197
79 23 31.428
79 24 26.0956
79 25 19.9446
79 26 13.002
79 27 4.25708
79 28 -1
79 29 -1
79 30 -1
79 31 -1
79 32 -1
79 33 -1
79 34 -1
79 35 -1
79 36 -1
79 37 -1
79 38 -1
79 39 -1
79 40 -1
79 41 -1
79 42 -1

80 0 69.0844
80 1 71.1898
80 2 72.4731
80 3 73.2139
80 4 73.5673
80 5 73.6028
80 6 73.3485
80 7 72.8235
80 8 72.0721
80 9 71.1153
80 10 69.906
80 11 68.5158
80 12 66.8959
80 13 65.0899
80 14 63.0638
80 15 60.8106
80 16 58.3619
80 17 55.6313
80 18 52.6909
80 19 49.4573
80 20 45.9329
80 21 42.0933
80 22 37.8786
80 23 33.1985
80 24 28.0054
80 25 22.2389
80 26 15.5873
80 27 7.67163
80 28 -1
80 29 -1
80 30 -1
80 31 -1
80 32 -1
80 33 -1
80 34 -1
80 35 -1
80 36 -1
80 37 -1
80 38 -1
80 39 -1
80 40 -1
80 41 -1
80 42 -1

81 0 68.1216
81 1 70.4382
81 2 71.881
81 3 72.7578
81 4 73.2341
81 5 73.3809
81 6 73.2394
81 7 72.8163
81 8 72.163
81 9 71.2932
81 10 70.1763
81 11 68.847
81 12 67.3365
81 13 65.6005
81 14 63.6696
81 15 61.5105
81 16 59.1387
81 17 56.5439
81 18 53.6702
81 19 50.5547
81 20 47.1606
81 21 43.4222
81 22 39.3428
81 23 34.8619
81 24 29.878
81 25 24.3246
81 26 18.0844
81 27 10.5587
81 28 1.2016
81 29 -1
81 30 -1
81 31 -1
81 32 -1
81 33 -1
81 34 -1
81 35 -1
81 36 -1
81 37 -1
81 38 -1
81 39 -1
81 40 -1
81 41 -1
81 42 -1

82 0 66.944
82 1 69.5067
82 2 71.1365
82 3 72.1741
82 4 72.8081
82 5 73.0781
82 6 73.0374
82 7 72.7326
82 8 72.1778
82 9 71.394
82 10 70.3911
82 11 69.1354
82 12 67.7018
82 13 66.0798
82 14 64.2177
82 15 62.1512
82 16 59.8958
82 17 57.3619
82 18 54.6176
82 19 51.5926
82 20 48.2703
82 21 44.6949
82 22 40.7731
82 23 36.4326
82 24 31.683
82 25 26.3266
82 26 20.3248
82 27 13.2894
82 28 4.63739
82 29 -1
82 30 -1
82 31 -1
82 32 -1
82 33 -1
82 34 -1
82 35 -1
82 36 -1
82 37 -1
82 38 -1
82 39 -1
82 40 -1
82 41 -1
82 42 -1

83 0 65.5499
83 1 68.3536
83 2 70.2369
83 3 71.4763
83 4 72.2355
83 5 72.6606
83 6 72.7533
83 7 72.5526
83 8 72.1053
83 9 71.4357
83 10 70.5302
83 11 69.3938
83 12 68.0215
83 13 66.4637
83 14 64.7255
83 15 62.7328
83 16 60.5614
83 17 58.1284
83 18 55.4882
83 19 52.5573
83 20 49.3835
83 21 45.8853
83 22 42.126
83 23 37.9564
83 24 33.3574
83 25 28.228
83 26 22.4717
83 27 15.8526
83 28 7.85791
83 29 -1
83 30 -1
83 31 -1
83 32 -1
83 33 -1
83 34 -1
83 35 -1
83 36 -1
83 37 -1
83 38 -1
83 39 -1
83 40 -1
83 41 -1
83 42 -1

84 0 63.7596
84 1 66.9643
84 2 69.1301
84 3 70.6034
84 4 71.5727
84 5 72.121
84 6 72.3612
84 7 72.2899
84 8 71.9466
84 9 71.3912
84 10 70.5937
84 11 69.5589
84 12 68.3007
84 13 66.8274
84 14 65.1467
84 15 63.2653
84 16 61.1807
84 17 58.835
84 18 56.2919
84 19 53.4799
84 20 50.3845
84 21 47.0143
84 22 43.3679
84 23 39.371
84 24 34.9387
84 25 30.0251
84 26 24.5088
84 27 18.3027
84 28 10.8348
84 29 0.202454
84 30 -1
84 31 -1
84 32 -1
84 33 -1
84 34 -1
84 35 -1
84 36 -1
84 37 -1
84 38 -1
84 39 -1
84 40 -1
84 41 -1
84 42 -1

85 0 61.3197
85 1 65.2115
85 2 67.7616
85 3 69.5286
85 4 70.7152
85 5 71.4839
85 6 71.8477
85 7 71.9193
85 8 71.705
85 9 71.2515
85 10 70.5787
85 11 69.6364
85 12 68.4814
85 13 67.1168
85 14 65.5424
85 15 63.7397
85 16 61.7351
85 17 59.5349
85 18 57.0253
85 19 54.3358
85 20 51.3553
85 21 48.1202
85 22 44.5811
85 23 40.7076
85 24 36.4502
85 25 31.7673
85 26 26.4423
85 27 20.507
85 28 13.7328
85 29 4.81647
85 30 -1
85 31 -1
85 32 -1
85 33 -1
85 34 -1
85 35 -1
85 36 -1
85 37 -1
85 38 -1
85 39 -1
85 40 -1
85 41 -1
85 42 -1

86 0 -1
86 1 62.7893
86 2 66.0233
86 3 68.1695
86 4 69.6634
86 5 70.636
86 6 71.2249
86 7 71.4345
86 8 71.371
86 9 71.0295
86 10 70.4634
86 11 69.6599
86 12 68.5922
86 13 67.3323
86 14 65.8517
86 15 64.1448
86 16 62.2343
86 17 60.1104
86 18 57.7643
86 19 55.1274
86 20 52.2673
86 21 49.1456
86 22 45.7292
86 23 41.9836
86 24 37.8823
86 25 33.3738
86 26 28.3197
86 27 22.5445
86 28 16.1799
86 29 8.39703
86 30 -1
86 31 -1
86 32 -1
86 33 -1
86 34 -1
86 35 -1
86 36 -1
86 37 -1
86 38 -1
86 39 -1
86 40 -1
86 41 -1
86 42 -1

87 0 -1
87 1 -1
87 2 63.6032
87 3 66.4462
87 4 68.3259
87 5 69.6097
87 6 70.4172
87 7 70.8362
87 8 70.9152
87 9 70.7204
87 10 70.2665
87 11 69.5776
87 12 68.6483
87 13 67.4713
87 14 66.1043
87 15 64.4946
87 16 62.6525
87 17 60.6521
87 18 58.396
87 19 55.8843
87 20 53.1131
87 21 50.1002
87 22 46.8406
87 23 43.1974
87 24 39.2269
87 25 34.8538
87 26 30.0654
87 27 24.6311
87 28 18.3406
87 29 11.1821
87 30 1.41144
87 31 -1
87 32 -1
87 33 -1
87 34 -1
87 35 -1
87 36 -1
87 37 -1
87 38 -1
87 39 -1
87 40 -1
87 41 -1
87 42 -1

88 0 -1
88 1 -1
88 2 -1
88 3 64.0768
88 4 66.6345
88 5 68.2972
88 6 69.4161
88 7 70.0568
88 8 70.332
88 9 70.2878
88 10 69.9798
88 11 69.4061
88 12 68.5898
88 13 67.5428
88 14 66.2722
88 15 64.775
88 16 63.0506
88 17 61.0895
88 18 58.9553
88 19 56.5733
88 20 53.9338
88 21 50.9821
88 22 47.8275
88 23 44.3607
88 24 40.5079
88 25 36.2955
88 26 31.6298
88 27 26.4888
88 28 20.5811
88 29 13.6937
88 30 5.34827
88 31 -1
88 32 -1
88 33 -1
88 34 -1
88 35 -1
88 36 -1
88 37 -1
88 38 -1
88 39 -1
88 40 -1
88 41 -1
88 42 -1

89 0 -1
89 1 -1
89 2 -1
89 3 -1
89 4 64.2888
89 5 66.6255
89 6 68.1192
89 7 69.0833
89 8 69.5739
89 9 69.726
89 10 69.5664
89 11 69.1434
89 12 68.461
89 13 67.5239
89 14 66.3641
89 15 64.9888
89 16 63.3723
89 17 61.5104
89 18 59.4523
89 19 57.1631
89 20 54.66
89 21 51.8549
89 22 48.7508
89 23 45.4089
89 24 41.7415
89 25 37.666
89 26 33.1481
89 27 28.2138
89 28 22.6276
89 29 16.0745
89 30 8.2146
89 31 -1
89 32 -1
89 33 -1
89 34 -1
89 35 -1
89 36 -1
89 37 -1
89 38 -1
89 39 -1
89 40 -1
89 41 -1
89 42 -1

90 0 -1
90 1 -1
90 2 -1
90 3 -1
90 4 -1
90 5 64.2988
90 6 66.4879
90 7 67.8298
90 8 68.6272
90 9 68.9984
90 10 69.0258
90 11 68.7635
90 12 68.2089
90 13 67.4214
90 14 66.3734
90 15 65.1124
90 16 63.5978
90 17 61.8453
90 18 59.8831
90 19 57.7132
90 20 55.3011
90 21 52.6299
90 22 49.6647
90 23 46.4076
90 24 42.8445
90 25 38.9599
90 26 34.6503
90 27 29.8621
90 28 24.4711
90 29 18.3248
90 30 11.0251
90 31 1.60974
90 32 -1
90 33 -1
90 34 -1
90 35 -1
90 36 -1
90 37 -1
90 38 -1
90 39 -1
90 40 -1
90 41 -1
90 42 -1

91 0 -1
91 1 -1
91 2 -1
91 3 -1
91 4 -1
91 5 -1
91 6 64.1786
91 7 66.2188
91 8 67.4147
91 9 68.0878
91 10 68.3245
91 11 68.2422
91 12 67.8745
91 13 67.1962
91 14 66.2985
91 15 65.1322
91 16 63.7468
91 17 62.1063
91 18 60.2611
91 19 58.1674
91 20 55.8771
91 21 53.2946
91 22 50.4666
91 23 47.3181
91 24 43.9242
91 25 40.1605
91 26 36.0015
91 27 31.4166
91 28 26.2779
91 29 20.3644
91 30 13.6299
91 31 4.94556
91 32 -1
91 33 -1
91 34 -1
91 35 -1
91 36 -1
91 37 -1
91 38 -1
91 39 -1
91 40 -1
91 41 -1
91 42 -1

92 0 -1
92 1 -1
92 2 -1
92 3 -1
92 4 -1
92 5 -1
92 6 -1
92 7 63.924
92 8 65.8249
92 9 66.9037
92 10 67.4406
92 11 67.5627
92 12 67.3699
92 13 66.872
92 14 66.1005
92 15 65.0845
92 16 63.8138
92 17 62.3042
92 18 60.5425
92 19 58.5789
92 20 56.3799
92 21 53.9305
92 22 51.1916
92 23 48.2216
92 24 44.8994
92 25 41.2865
92 26 37.2938
92 27 32.8717
92 28 27.9379
92 29 22.4163
92 30 15.896
92 31 7.94611
92 32 -1
92 33 -1
92 34 -1
92 35 -1
92 36 -1
92 37 -1
92 38 -1
92 39 -1
92 40 -1
92 41 -1
92 42 -1

93 0 -1
93 1 -1
93 2 -1
93 3 -1
93 4 -1
93 5 -1
93 6 -1
93 7 -1
93 8 63.5502
93 9 65.3293
93 10 66.2816
93 11 66.7122
93 12 66.7072
93 13 66.4096
93 14 65.8024
93 15 64.9131
93 16 63.7896
93 17 62.4186
93 18 60.7817
93 19 58.8985
93 20 56.8126
93 21 54.477
93 22 51.8621
93 23 48.9858
93 24 45.8474
93 25 42.3434
93 26 38.5301
93 27 34.2675
93 28 29.537
93 29 24.2002
93 30 18.0922
93 31 10.7713
93 32 0
93 33 -1
93 34 -1
93 35 -1
93 36 -1
93 37 -1
93 38 -1
93 39 -1
93 40 -1
93 41 -1
93 42 -1

94 0 -1
94 1 -1
94 2 -1
94 3 -1
94 4 -1
94 5 -1
94 6 -1
94 7 -1
94 8 -1
94 9 63.0712
94 10 64.7379
94 11 65.5651
94 12 65.8812
94 13 65.765
94 14 65.3739
94 15 64.655
94 16 63.6566
94 17 62.418
94 18 60.9285
94 19 59.174
94 20 57.1682
94 21 54.9661
94 22 52.441
94 23 49.701
94 24 46.655
94 25 43.3196
94 26 39.621
94 27 35.5698
94 28 31.0388
94 29 25.986
94 30 20.1667
94 31 13.3934
94 32 4.58032
94 33 -1
94 34 -1
94 35 -1
94 36 -1
94 37 -1
94 38 -1
94 39 -1
94 40 -1
94 41 -1
94 42 -1

95 0 -1
95 1 -1
95 2 -1
95 3 -1
95 4 -1
95 5 -1
95 6 -1
95 7 -1
95 8 -1
95 9 -1
95 10 62.5182
95 11 64.0617
95 12 64.766
95 13 64.9614
95 14 64.7643
95 15 64.2433
95 16 63.423
95 17 62.3259
95 18 60.944
95 19 59.349
95 20 57.4877
95 21 55.3652
95 22 52.9897
95 23 50.3157
95 24 47.4293
95 25 44.2037
95 26 40.662
95 27 36.7664
95 28 32.4056
95 29 27.5802
95 30 22.1379
95 31 15.7327
95 32 7.90643
95 33 -1
95 34 -1
95 35 -1
95 36 -1
95 37 -1
95 38 -1
95 39 -1
95 40 -1
95 41 -1
95 42 -1

96 0 -1
96 1 -1
96 2 -1
96 3 -1
96 4 -1
96 5 -1
96 6 -1
96 7 -1
96 8 -1
96 9 -1
96 10 -1
96 11 61.8804
96 12 63.2982
96 13 63.8904
96 14 63.9835
96 15 63.6727
96 16 63.049
96 17 62.1131
96 18 60.8944
96 19 59.3962
96 20 57.68
96 21 55.6931
96 22 53.4396
96 23 50.9194
96 24 48.1161
96 25 45.0183
96 26 41.6245
96 27 37.8677
96 28 33.7239
96 29 29.0883
96 30 23.875
96 31 17.8377
96 32 10.697
96 33 0.159058
96 34 -1
96 35 -1
96 36 -1
96 37 -1
96 38 -1
96 39 -1
96 40 -1
96 41 -1
96 42 -1

97 0 -1
97 1 -1
97 2 -1
97 3 -1
97 4 -1
97 5 -1
97 6 -1
97 7 -1
97 8 -1
97 9 -1
97 10 -1
97 11 -1
97 12 61.1514
97 13 62.4544
97 14 62.9401
97 15 62.9203
97 16 62.5031
97 17 61.7781
97 18 60.7222
97 19 59.3761
97 20 57.7694
97 21 55.928
97 22 53.8098
97 23 51.3854
97 24 48.7248
97 25 45.7834
97 26 42.4932
97 27 38.9037
97 28 34.9
97 29 30.4606
97 30 25.4708
97 31 19.7675
97 32 13.155
97 33 4.64807
97 34 -1
97 35 -1
97 36 -1
97 37 -1
97 38 -1
97 39 -1
97 40 -1
97 41 -1
97 42 -1

98 0 -1
98 1 -1
98 2 -1
98 3 -1
98 4 -1
98 5 -1
98 6 -1
98 7 -1
98 8 -1
98 9 -1
98 10 -1
98 11 -1
98 12 -1
98 13 60.3313
98 14 61.5324
98 15 61.9105
98 16 61.7831
98 17 61.272
98 18 60.4293
98 19 59.2538
98 20 57.7853
98 21 56.0636
98 22 54.0893
98 23 51.825
98 24 49.2646
98 25 46.4585
98 26 43.3212
98 27 39.863
98 28 36.019
98 29 31.7667
98 30 26.9625
98 31 21.5621
98 32 15.2958
98 33 7.64722
98 34 -1
98 35 -1
98 36 -1
98 37 -1
98 38 -1
98 39 -1
98 40 -1
98 41 -1
98 42 -1

99 0 -1
99 1 -1
99 2 -1
99 3 -1
99 4 -1
99 5 -1
99 6 -1
99 7 -1
99 8 -1
99 9 -1
99 10 -1
99 11 -1
99 12 -1
99 13 -1
99 14 59.4301
99 15 60.5399
99 16 60.8111
99 17 60.5758
99 18 59.9513
99 19 59.0073
99 20 57.6965
99 21 56.1172
99 22 54.2654
99 23 52.1487
99 24 49.7408
99 25 47.0372
99 26 44.0411
99 27 40.7303
99 28 37.0603
99 29 32.9627
99 30 28.4099
99 31 23.2061
99 32 17.2512
99 33 10.2401
99 34 0.75116
99 35 -1
99 36 -1
99 37 -1
99 38 -1
99 39 -1
99 40 -1
99 41 -1
99 42 -1

100 0 -1
100 1 -1
100 2 -1
100 3 -1
100 4 -1
100 5 -1
100 6 -1
100 7 -1
100 8 -1
100 9 -1
100 10 -1
100 11 -1
100 12 -1
100 13 -1
100 14 -1
100 15 58.4715
100 16 59.4718
100 17 59.6317
100 18 59.2828
100 19 58.5581
100 20 57.4883
100 21 56.0674
100 22 54.3536
100 23 52.3651
100 24 50.1049
100 25 47.5496
100 26 44.6825
100 27 41.5023
100 28 37.9706
100 29 34.0676
100 30 29.7336
100 31 24.8019
100 32 19.1445
100 33 12.499
100 34 3.97101
100 35 -1
100 36 -1
100 37 -1
100 38 -1
100 39 -1
100 40 -1
100 41 -1
100 42 -1

101 0 -1
101 1 -1
101 2 -1
101 3 -1
101 4 -1
101 5 -1
101 6 -1
101 7 -1
101 8 -1
101 9 -1
101 10 -1
101 11 -1
101 12 -1
101 13 -1
101 14 -1
101 15 -1
101 16 57.4523
101 17 58.317
101 18 58.3748
101 19 57.9135
101 20 57.0811
101 21 55.8654
101 22 54.3311
101 23 52.4835
101 24 50.3759
101 25 47.9575
101 26 45.2499
101 27 42.1949
101 28 38.7983
101 29 35.0347
101 30 30.8756
101 31 26.2076
101 32 20.8559
101 33 14.6445
101 34 6.98895
101 35 -1
101 36 -1
101 37 -1
101 38 -1
101 39 -1
101 40 -1
101 41 -1
101 42 -1

102 0 -1
102 1 -1
102 2 -1
102 3 -1
102 4 -1
102 5 -1
102 6 -1
102 7 -1
102 8 -1
102 9 -1
102 10 -1
102 11 -1
102 12 -1
102 13 -1
102 14 -1
102 15 -1
102 16 -1
102 17 56.3551
102 18 57.0898
102 19 57.0368
102 20 56.4822
102 21 55.496
102 22 54.1726
102 23 52.5243
102 24 50.5286
102 25 48.293
102 26 45.704
102 27 42.8212
102 28 39.5803
102 29 35.9662
102 30 31.9632
102 31 27.4767
102 32 22.4006
102 33 16.5406
102 34 9.54358
102 35 0.237
102 36 -1
102 37 -1
102 38 -1
102 39 -1
102 40 -1
102 41 -1
102 42 -1

103 0 -1
103 1 -1
103 2 -1
103 3 -1
103 4 -1
103 5 -1
103 6 -1
103 7 -1
103 8 -1
103 9 -1
103 10 -1
103 11 -1
103 12 -1
103 13 -1
103 14 -1
103 15 -1
103 16 -1
103 17 -1
103 18 55.1662
103 19 55.8018
103 20 55.6255
103 21 54.9635
103 22 53.8461
103 23 52.408
103 24 50.6102
103 25 48.4757
103 26 46.0928
103 27 43.3337
103 28 40.259
103 29 36.8038
103 30 32.9828
103 31 28.6873
103 32 23.8256
103 33 18.2524
103 34 11.777
103 35 3.47668
103 36 -1
103 37 -1
103 38 -1
103 39 -1
103 40 -1
103 41 -1
103 42 -1

104 0 -1
104 1 -1
104 2 -1
104 3 -1
104 4 -1
104 5 -1
104 6 -1
104 7 -1
104 8 -1
104 9 -1
104 10 -1
104 11 -1
104 12 -1
104 13 -1
104 14 -1
104 15 -1
104 16 -1
104 17 -1
104 18 -1
104 19 53.9067
104 20 54.4425
104 21 54.1494
104 22 53.3557
104 23 52.1153
104 24 50.5465
104 25 48.5903
104 26 46.3343
104 27 43.7733
104 28 40.8557
104 29 37.5628
104 30 33.9075
104 31 29.8282
104 32 25.1165
104 33 19.8454
104 34 13.6707
104 35 6.14905
104 36 -1
104 37 -1
104 38 -1
104 39 -1
104 40 -1
104 41 -1
104 42 -1

105 0 -1
105 1 -1
105 2 -1
105 3 -1
105 4 -1
105 5 -1
105 6 -1
105 7 -1
105 8 -1
105 9 -1
105 10 -1
105 11 -1
105 12 -1
105 13 -1
105 14 -1
105 15 -1
105 16 -1
105 17 -1
105 18 -1
105 19 -1
105 20 52.5822
105 21 53.0053
105 22 52.592
105 23 51.6708
105 24 50.2839
105 25 48.5814
105 26 46.4912
105 27 44.0839
105 28 41.3135
105 29 38.2199
105 30 34.7305
105 31 30.8212
105 32 26.3707
105 33 21.3223
105 34 15.4232
105 35 8.45789
105 36 -1
105 37 -1
105 38 -1
105 39 -1
105 40 -1
105 41 -1
105 42 -1

106 0 -1
106 1 -1
106 2 -1
106 3 -1
106 4 -1
106 5 -1
106 6 -1
106 7 -1
106 8 -1
106 9 -1
106 10 -1
106 11 -1
106 12 -1
106 13 -1
106 14 -1
106 15 -1
106 16 -1
106 17 -1
106 18 -1
106 19 -1
106 20 -1
106 21 51.1992
106 22 51.4869
106 23 50.9501
106 24 49.8911
106 25 48.3624
106 26 46.5151
106 27 44.2864
106 28 41.712
106 29 38.7595
106 30 35.4359
106 31 31.7122
106 32 27.4681
106 33 22.6639
106 34 17.1386
106 35 10.5449
106 36 2.12665
106 37 -1
106 38 -1
106 39 -1
106 40 -1
106 41 -1
106 42 -1

107 0 -1
107 1 -1
107 2 -1
107 3 -1
107 4 -1
107 5 -1
107 6 -1
107 7 -1
107 8 -1
107 9 -1
107 10 -1
107 11 -1
107 12 -1
107 13 -1
107 14 -1
107 15 -1
107 16 -1
107 17 -1
107 18 -1
107 19 -1
107 20 -1
107 21 -1
107 22 49.7339
107 23 49.8835
107 24 49.2299
107 25 48.0129
107 26 46.3579
107 27 44.3484
107 28 41.9548
107 29 39.1954
107 30 36.075
107 31 32.4799
107 32 28.4819
107 33 23.9012
107 34 18.6099
107 35 12.4368
107 36 4.74847
107 37 -1
107 38 -1
107 39 -1
107 40 -1
107 41 -1
107 42 -1

108 0 -1
108 1 -1
108 2 -1
108 3 -1
108 4 -1
108 5 -1
108 6 -1
108 7 -1
108 8 -1
108 9 -1
108 10 -1
108 11 -1
108 12 -1
108 13 -1
108 14 -1
108 15 -1
108 16 -1
108 17 -1
108 18 -1
108 19 -1
108 20 -1
108 21 -1
108 22 -1
108 23 48.1913
108 24 48.1996
108 25 47.4165
108 26 46.0451
108 27 44.2469
108 28 42.074
108 29 39.4926
108 30 36.5519
108 31 33.2107
108 32 29.3903
108 33 25.0353
108 34 19.9883
108 35 14.1987
108 36 7.0567
108 37 -1
108 38 -1
108 39 -1
108 40 -1
108 41 -1
108 42 -1

109 0 -1
109 1 -1
109 2 -1
109 3 -1
109 4 -1
109 5 -1
109 6 -1
109 7 -1
109 8 -1
109 9 -1
109 10 -1
109 11 -1
109 12 -1
109 13 -1
109 14 -1
109 15 -1
109 16 -1
109 17 -1
109 18 -1
109 19 -1
109 20 -1
109 21 -1
109 22 -1
109 23 -1
109 24 46.5547
109 25 46.4328
109 26 45.4869
109 27 43.9794
109 28 42.0261
109 29 39.6764
109 30 36.9301
109 31 33.7686
109 32 30.19
109 33 26.0252
109 34 21.2939
109 35 15.7366
109 36 9.16693
109 37 -1
109 38 -1
109 39 -1
109 40 -1
109 41 -1
109 42 -1

110 0 -1
110 1 -1
110 2 -1
110 3 -1
110 4 -1
110 5 -1
110 6 -1
110 7 -1
110 8 -1
110 9 -1
110 10 -1
110 11 -1
110 12 -1
110 13 -1
110 14 -1
110 15 -1
110 16 -1
110 17 -1
110 18 -1
110 19 -1
110 20 -1
110 21 -1
110 22 -1
110 23 -1
110 24 -1
110 25 44.8332
110 26 44.5732
110 27 43.471
110 28 41.8137
110 29 39.7018
110 30 37.1744
110 31 34.2188
110 32 30.8019
110 33 26.9103
110 34 22.4519
110 35 17.2552
110 36 10.9445
110 37 2.83807
110 38 -1
110 39 -1
110 40 -1
110 41 -1
110 42 -1

111 0 -1
111 1 -1
111 2 -1
111 3 -1
111 4 -1
111 5 -1
111 6 -1
111 7 -1
111 8 -1
111 9 -1
111 10 -1
111 11 -1
111 12 -1
111 13 -1
111 14 -1
111 15 -1
111 16 -1
111 17 -1
111 18 -1
111 19 -1
111 20 -1
111 21 -1
111 22 -1
111 23 -1
111 24 -1
111 25 -1
111 26 43.04
111 27 42.6208
111 28 41.3794
111 29 39.5397
111 30 37.2549
111 31 34.5096
111 32 31.3295
111 33 27.654
111 34 23.4244
111 35 18.5532
111 36 12.7227
111 37 5.19122
111 38 -1
111 39 -1
111 40 -1
111 41 -1
111 42 -1

112 0 -1
112 1 -1
112 2 -1
112 3 -1
112 4 -1
112 5 -1
112 6 -1
112 7 -1
112 8 -1
112 9 -1
112 10 -1
112 11 -1
112 12 -1
112 13 -1
112 14 -1
112 15 -1
112 16 -1
112 17 -1
112 18 -1
112 19 -1
112 20 -1
112 21 -1
112 22 -1
112 23 -1
112 24 -1
112 25 -1
112 26 -1
112 27 41.1561
112 28 40.5901
112 29 39.1776
112 30 37.1581
112 31 34.6598
112 32 31.6985
112 33 28.235
112 34 24.2552
112 35 19.6399
112 36 14.2123
112 37 7.34729
112 38 -1
112 39 -1
112 40 -1
112 41 -1
112 42 -1

113 0 -1
113 1 -1
113 2 -1
113 3 -1
113 4 -1
113 5 -1
113 6 -1
113 7 -1
113 8 -1
113 9 -1
113 10 -1
113 11 -1
113 12 -1
113 13 -1
113 14 -1
113 15 -1
113 16 -1
113 17 -1
113 18 -1
113 19 -1
113 20 -1
113 21 -1
113 22 -1
113 23 -1
113 24 -1
113 25 -1
113 26 -1
113 27 -1
113 28 39.189
113 29 38.4497
113 30 36.8615
113 31 34.6463
113 32 31.9233
113 33 28.7
113 34 24.9583
113 35 20.5964
113 36 15.5061
113 37 9.29791
113 38 -1
113 39 -1
113 40 -1
113 41 -1
113 42 -1

114 0 -1
114 1 -1
114 2 -1
114 3 -1
114 4 -1
114 5 -1
114 6 -1
114 7 -1
114 8 -1
114 9 -1
114 10 -1
114 11 -1
114 12 -1
114 13 -1
114 14 -1
114 15 -1
114 16 -1
114 17 -1
114 18 -1
114 19 -1
114 20 -1
114 21 -1
114 22 -1
114 23 -1
114 24 -1
114 25 -1
114 26 -1
114 27 -1
114 28 -1
114 29 37.1241
114 30 36.1996
114 31 34.4164
114 32 31.9846
114 33 29.0258
114 34 25.4998
114 35 21.4594
114 36 16.612
114 37 10.8635
114 38 3.34766
114 39 -1
114 40 -1
114 41 -1
114 42 -1

115 0 -1
115 1 -1
115 2 -1
115 3 -1
115 4 -1
115 5 -1
115 6 -1
115 7 -1
115 8 -1
115 9 -1
115 10 -1
115 11 -1
115 12 -1
115 13 -1
115 14 -1
115 15 -1
115 16 -1
115 17 -1
115 18 -1
115 19 -1
115 20 -1
115 21 -1
115 22 -1
115 23 -1
115 24 -1
115 25 -1
115 26 -1
115 27 -1
115 28 -1
115 29 -1
115 30 34.9663
115 31 33.8311
115 32 31.8239
115 33 29.1628
115 34 25.9354
115 35 22.0959
115 36 17.6323
115 37 12.1893
115 38 5.29797
115 39 -1
115 40 -1
115 41 -1
115 42 -1

116 0 -1
116 1 -1
116 2 -1
116 3 -1
116 4 -1
116 5 -1
116 6 -1
116 7 -1
116 8 -1
116 9 -1
116 10 -1
116 11 -1
116 12 -1
116 13 -1
116 14 -1
116 15 -1
116 16 -1
116 17 -1
116 18 -1
116 19 -1
116 20 -1
116 21 -1
116 22 -1
116 23 -1
116 24 -1
116 25 -1
116 26 -1
116 27 -1
116 28 -1
116 29 -1
116 30 -1
116 31 32.6983
116 32 31.3484
116 33 29.109
116 34 26.1721
116 35 22.651
116 36 18.427
116 37 13.4072
116 38 6.99152
116 39 -1
116 40 -1
116 41 -1
116 42 -1

117 0 -1
117 1 -1
117 2 -1
117 3 -1
117 4 -1
117 5 -1
117 6 -1
117 7 -1
117 8 -1
117 9 -1
117 10 -1
117 11 -1
117 12 -1
117 13 -1
117 14 -1
117 15 -1
117 16 -1
117 17 -1
117 18 -1
117 19 -1
117 20 -1
117 21 -1
117 22 -1
117 23 -1
117 24 -1
117 25 -1
117 26 -1
117 27 -1
117 28 -1
117 29 -1
117 30 -1
117 31 -1
117 32 30.3148
117 33 28.7318
117 34 26.2204
117 35 22.9846
117 36 19.1017
117 37 14.3713
117 38 8.65094
117 39 -1
117 40 -1
117 41 -1
117 42 -1

118 0 -1
118 1 -1
118 2 -1
118 3 -1
118 4 -1
118 5 -1
118 6 -1
118 7 -1
118 8 -1
118 9 -1
118 10 -1
118 11 -1
118 12 -1
118 13 -1
118 14 -1
118 15 -1
118 16 -1
118 17 -1
118 18 -1
118 19 -1
118 20 -1
118 21 -1
118 22 -1
118 23 -1
118 24 -1
118 25 -1
118 26 -1
118 27 -1
118 28 -1
118 29 -1
118 30 -1
118 31 -1
118 32 -1
118 33 27.807
118 34 25.9678
118 35 23.1414
118 36 19.5812
118 37 15.2529
118 38 9.83313
118 39 2.79425
118 40 -1
118 41 -1
118 42 -1

119 0 -1
119 1 -1
119 2 -1
119 3 -1
119 4 -1
119 5 -1
119 6 -1
119 7 -1
119 8 -1
119 9 -1
119 10 -1
119 11 -1
119 12 -1
119 13 -1
119 14 -1
119 15 -1
119 16 -1
119 17 -1
119 18 -1
119 19 -1
119 20 -1
119 21 -1
119 22 -1
119 23 -1
119 24 -1
119 25 -1
119 26 -1
119 27 -1
119 28 -1
119 29 -1
119 30 -1
119 31 -1
119 32 -1
119 33 -1
119 34 25.171
119 35 23.05
119 36 19.8209
119 37 15.9214
119 38 10.9722
119 39 4.44897
119 40 -1
119 41 -1
119 42 -1

120 0 -1
120 1 -1
120 2 -1
120 3 -1
120 4 -1
120 5 -1
120 6 -1
120 7 -1
120 8 -1
120 9 -1
120 10 -1
120 11 -1
120 12 -1
120 13 -1
120 14 -1
120 15 -1
120 16 -1
120 17 -1
120 18 -1
120 19 -1
120 20 -1
120 21 -1
120 22 -1
120 23 -1
120 24 -1
120 25 -1
120 26 -1
120 27 -1
120 28 -1
120 29 -1
120 30 -1
120 31 -1
120 32 -1
120 33 -1
120 34 -1
120 35 22.3837
120 36 19.9099
120 37 16.2646
120 38 11.8655
120 39 5.98273
120 40 -1
120 41 -1
120 42 -1

121 0 -1
121 1 -1
121 2 -1
121 3 -1
121 4 -1
121 5 -1
121 6 -1
121 7 -1
121 8 -1
121 9 -1
121 10 -1
121 11 -1
121 12 -1
121 13 -1
121 14 -1
121 15 -1
121 16 -1
121 17 -1
121 18 -1
121 19 -1
121 20 -1
121 21 -1
121 22 -1
121 23 -1
121 24 -1
121 25 -1
121 26 -1
121 27 -1
121 28 -1
121 29 -1
121 30 -1
121 31 -1
121 32 -1
121 33 -1
121 34 -1
121 35 -1
121 36 19.4245
121 37 16.5355
121 38 12.3549
121 39 7.3479
121 40 -1
121 41 -1
121 42 -1

122 0 -1
122 1 -1
122 2 -1
122 3 -1
122 4 -1
122 5 -1
122 6 -1
122 7 -1
122 8 -1
122 9 -1
122 10 -1
122 11 -1
122 12 -1
122 13 -1
122 14 -1
122 15 -1
122 16 -1
122 17 -1
122 18 -1
122 19 -1
122 20 -1
122 21 -1
122 22 -1
122 23 -1
122 24 -1
122 25 -1
122 26 -1
122 27 -1
122 28 -1
122 29 -1
122 30 -1
122 31 -1
122 32 -1
122 33 -1
122 34 -1
122 35 -1
122 36 -1
122 37 16.259
122 38 12.8461
122 39 7.95337
122 40 2.02203
122 41 -1
122 42 -1

123 0 -1
123 1 -1
123 2 -1
123 3 -1
123 4 -1
123 5 -1
123 6 -1
123 7 -1
123 8 -1
123 9 -1
123 10 -1
123 11 -1
123 12 -1
123 13 -1
123 14 -1
123 15 -1
123 16 -1
123 17 -1
123 18 -1
123 19 -1
123 20 -1
123 21 -1
123 22 -1
123 23 -1
123 24 -1
123 25 -1
123 26 -1
123 27 -1
123 28 -1
123 29 -1
123 30 -1
123 31 -1
123 32 -1
123 33 -1
123 34 -1
123 35 -1
123 36 -1
123 37 -1
123 38 12.853
123 39 8.72089
123 40 2.7627
123 41 -1
123 42 -1

124 0 -1
124 1 -1
124 2 -1
124 3 -1
124 4 -1
124 5 -1
124 6 -1
124 7 -1
124 8 -1
124 9 -1
124 10 -1
124 11 -1
124 12 -1
124 13 -1
124 14 -1
124 15 -1
124 16 -1
124 17 -1
124 18 -1
124 19 -1
124 20 -1
124 21 -1
124 22 -1
124 23 -1
124 24 -1
124 25 -1
124 26 -1
124 27 -1
124 28 -1
124 29 -1
124 30 -1
124 31 -1
124 32 -1
124 33 -1
124 34 -1
124 35 -1
124 36 -1
124 37 -1
124 38 -1
124 39 9.15839
124 40 3.89398
124 41 -1
124 42 -1

125 0 -1
125 1 -1
125 2 -1
125 3 -1
125 4 -1
125 5 -1
125 6 -1
125 7 -1
125 8 -1
125 9 -1
125 10 -1
125 11 -1
125 12 -1
125 13 -1
125 14 -1
125 15 -1
125 16 -1
125 17 -1
125 18 -1
125 19 -1
125 20 -1
125 21 -1
125 22 -1
125 23 -1
125 24 -1
125 25 -1
125 26 -1
125 27 -1
125 28 -1
125 29 -1
125 30 -1
125 31 -1
125 32 -1
125 33 -1
125 34 -1
125 35 -1
125 36 -1
125 37 -1
125 38 -1
125 39 -1
125 40 5.04071
125 41 -1
125 42 -1

126 0 -1
126 1 -1
126 2 -1
126 3 -1
126 4 -1
126 5 -1
126 6 -1
126 7 -1
126 8 -1
126 9 -1
126 10 -1
126 11 -1
126 12 -1
126 13 -1
126 14 -1
126 15 -1
126 16 -1
126 17 -1
126 18 -1
126 19 -1
126 20 -1
126 21 -1
126 22 -1
126 23 -1
126 24 -1
126 25 -1
126 26 -1
126 27 -1
126 28 -1
126 29 -1
126 30 -1
126 31 -1
126 32 -1
126 33 -1
126 34 -1
126 35 -1
126 36 -1
126 37 -1
126 38 -1
126 39 -1
126 40 -1
126 41 0.205139
126 42 -1

