0 0 0
0 1 0
0 2 0
0 3 0
0 4 0
0 5 0
0 6 0
0 7 0
0 8 0
0 9 0
0 10 0
0 11 0
0 12 0
0 13 0
0 14 0
0 15 0
0 16 0
0 17 0
0 18 0
0 19 0
0 20 0
0 21 0
0 22 0
0 23 0
0 24 0
0 25 0
0 26 0
0 27 0
0 28 0
0 29 0
0 30 0
0 31 0
0 32 0
0 33 0
0 34 0
0 35 0
0 36 0
0 37 0
0 38 0
0 39 0
0 40 0
0 41 0
0 42 -1

1 0 4418
1 1 0
1 2 0
1 3 0
1 4 0
1 5 0
1 6 0
1 7 0
1 8 0
1 9 0
1 10 0
1 11 0
1 12 0
1 13 0
1 14 0
1 15 0
1 16 0
1 17 0
1 18 0
1 19 0
1 20 0
1 21 0
1 22 0
1 23 0
1 24 0
1 25 0
1 26 0
1 27 0
1 28 0
1 29 0
1 30 0
1 31 0
1 32 0
1 33 0
1 34 0
1 35 0
1 36 0
1 37 0
1 38 0
1 39 0
1 40 0
1 41 0
1 42 -1

2 0 4266
2 1 0
2 2 0
2 3 0
2 4 0
2 5 0
2 6 0
2 7 0
2 8 0
2 9 0
2 10 0
2 11 0
2 12 0
2 13 0
2 14 0
2 15 0
2 16 0
2 17 0
2 18 0
2 19 0
2 20 0
2 21 0
2 22 0
2 23 0
2 24 0
2 25 0
2 26 0
2 27 0
2 28 0
2 29 0
2 30 0
2 31 0
2 32 0
2 33 0
2 34 0
2 35 0
2 36 0
2 37 0
2 38 0
2 39 0
2 40 0
2 41 0
2 42 -1

3 0 4318
3 1 0
3 2 0
3 3 0
3 4 0
3 5 0
3 6 0
3 7 0
3 8 0
3 9 0
3 10 0
3 11 0
3 12 0
3 13 0
3 14 0
3 15 0
3 16 0
3 17 0
3 18 0
3 19 0
3 20 0
3 21 0
3 22 0
3 23 0
3 24 0
3 25 0
3 26 0
3 27 0
3 28 0
3 29 0
3 30 0
3 31 0
3 32 0
3 33 0
3 34 0
3 35 0
3 36 0
3 37 0
3 38 0
3 39 0
3 40 0
3 41 0
3 42 -1

4 0 4239
4 1 0
4 2 0
4 3 0
4 4 0
4 5 0
4 6 0
4 7 0
4 8 0
4 9 0
4 10 0
4 11 0
4 12 0
4 13 0
4 14 0
4 15 0
4 16 0
4 17 0
4 18 0
4 19 0
4 20 0
4 21 0
4 22 0
4 23 0
4 24 0
4 25 0
4 26 0
4 27 0
4 28 0
4 29 0
4 30 0
4 31 0
4 32 0
4 33 0
4 34 0
4 35 0
4 36 0
4 37 0
4 38 0
4 39 0
4 40 0
4 41 0
4 42 -1

5 0 4211
5 1 0
5 2 0
5 3 0
5 4 0
5 5 0
5 6 0
5 7 0
5 8 0
5 9 0
5 10 0
5 11 0
5 12 0
5 13 0
5 14 0
5 15 0
5 16 0
5 17 0
5 18 0
5 19 0
5 20 0
5 21 0
5 22 0
5 23 0
5 24 0
5 25 0
5 26 0
5 27 0
5 28 0
5 29 0
5 30 0
5 31 0
5 32 0
5 33 0
5 34 0
5 35 0
5 36 0
5 37 0
5 38 0
5 39 0
5 40 0
5 41 0
5 42 -1

6 0 4314
6 1 4263
6 2 0
6 3 0
6 4 0
6 5 0
6 6 0
6 7 0
6 8 0
6 9 0
6 10 0
6 11 0
6 12 0
6 13 0
6 14 0
6 15 0
6 16 0
6 17 0
6 18 0
6 19 0
6 20 0
6 21 0
6 22 0
6 23 0
6 24 0
6 25 0
6 26 0
6 27 0
6 28 0
6 29 0
6 30 0
6 31 0
6 32 0
6 33 0
6 34 0
6 35 0
6 36 0
6 37 0
6 38 0
6 39 0
6 40 0
6 41 0
6 42 -1

7 0 4292
7 1 4134
7 2 0
7 3 0
7 4 0
7 5 0
7 6 0
7 7 0
7 8 0
7 9 0
7 10 0
7 11 0
7 12 0
7 13 0
7 14 0
7 15 0
7 16 0
7 17 0
7 18 0
7 19 0
7 20 0
7 21 0
7 22 0
7 23 0
7 24 0
7 25 0
7 26 0
7 27 0
7 28 0
7 29 0
7 30 0
7 31 0
7 32 0
7 33 0
7 34 0
7 35 0
7 36 0
7 37 0
7 38 0
7 39 0
7 40 0
7 41 0
7 42 -1

8 0 4325
8 1 3916
8 2 0
8 3 0
8 4 0
8 5 0
8 6 0
8 7 0
8 8 0
8 9 0
8 10 0
8 11 0
8 12 0
8 13 0
8 14 0
8 15 0
8 16 0
8 17 0
8 18 0
8 19 0
8 20 0
8 21 0
8 22 0
8 23 0
8 24 0
8 25 0
8 26 0
8 27 0
8 28 0
8 29 0
8 30 0
8 31 0
8 32 0
8 33 0
8 34 0
8 35 0
8 36 0
8 37 0
8 38 0
8 39 0
8 40 0
8 41 0
8 42 -1

9 0 4432
9 1 4159
9 2 0
9 3 0
9 4 0
9 5 0
9 6 0
9 7 0
9 8 0
9 9 0
9 10 0
9 11 0
9 12 0
9 13 0
9 14 0
9 15 0
9 16 0
9 17 0
9 18 0
9 19 0
9 20 0
9 21 0
9 22 0
9 23 0
9 24 0
9 25 0
9 26 0
9 27 0
9 28 0
9 29 0
9 30 0
9 31 0
9 32 0
9 33 0
9 34 0
9 35 0
9 36 0
9 37 0
9 38 0
9 39 0
9 40 0
9 41 0
9 42 -1

10 0 4374
10 1 4210
10 2 3743
10 3 0
10 4 0
10 5 0
10 6 0
10 7 0
10 8 0
10 9 0
10 10 0
10 11 0
10 12 0
10 13 0
10 14 0
10 15 0
10 16 0
10 17 0
10 18 0
10 19 0
10 20 0
10 21 0
10 22 0
10 23 0
10 24 0
10 25 0
10 26 0
10 27 0
10 28 0
10 29 0
10 30 0
10 31 0
10 32 0
10 33 0
10 34 0
10 35 0
10 36 0
10 37 0
10 38 0
10 39 0
10 40 0
10 41 0
10 42 -1

11 0 4341
11 1 4292
11 2 3779
11 3 0
11 4 0
11 5 0
11 6 0
11 7 0
11 8 0
11 9 0
11 10 0
11 11 0
11 12 0
11 13 0
11 14 0
11 15 0
11 16 0
11 17 0
11 18 0
11 19 0
11 20 0
11 21 0
11 22 0
11 23 0
11 24 0
11 25 0
11 26 0
11 27 0
11 28 0
11 29 0
11 30 0
11 31 0
11 32 0
11 33 0
11 34 0
11 35 0
11 36 0
11 37 0
11 38 0
11 39 0
11 40 0
11 41 0
11 42 -1

12 0 4199
12 1 4277
12 2 4033
12 3 4318
12 4 0
12 5 0
12 6 0
12 7 0
12 8 0
12 9 0
12 10 0
12 11 0
12 12 0
12 13 0
12 14 0
12 15 0
12 16 0
12 17 0
12 18 0
12 19 0
12 20 0
12 21 0
12 22 0
12 23 0
12 24 0
12 25 0
12 26 0
12 27 0
12 28 0
12 29 0
12 30 0
12 31 0
12 32 0
12 33 0
12 34 0
12 35 0
12 36 0
12 37 0
12 38 0
12 39 0
12 40 0
12 41 0
12 42 -1

13 0 4187
13 1 4234
13 2 4206
13 3 4182
13 4 0
13 5 0
13 6 0
13 7 0
13 8 0
13 9 0
13 10 0
13 11 0
13 12 0
13 13 0
13 14 0
13 15 0
13 16 0
13 17 0
13 18 0
13 19 0
13 20 0
13 21 0
13 22 0
13 23 0
13 24 0
13 25 0
13 26 0
13 27 0
13 28 0
13 29 0
13 30 0
13 31 0
13 32 0
13 33 0
13 34 0
13 35 0
13 36 0
13 37 0
13 38 0
13 39 0
13 40 0
13 41 0
13 42 -1

14 0 4106
14 1 4289
14 2 4231
14 3 4185
14 4 0
14 5 0
14 6 0
14 7 0
14 8 0
14 9 0
14 10 0
14 11 0
14 12 0
14 13 0
14 14 0
14 15 0
14 16 0
14 17 0
14 18 0
14 19 0
14 20 0
14 21 0
14 22 0
14 23 0
14 24 0
14 25 0
14 26 0
14 27 0
14 28 0
14 29 0
14 30 0
14 31 0
14 32 0
14 33 0
14 34 0
14 35 0
14 36 0
14 37 0
14 38 0
14 39 0
14 40 0
14 41 0
14 42 -1

15 0 4237
15 1 4288
15 2 4123
15 3 3944
15 4 0
15 5 0
15 6 0
15 7 0
15 8 0
15 9 0
15 10 0
15 11 0
15 12 0
15 13 0
15 14 0
15 15 0
15 16 0
15 17 0
15 18 0
15 19 0
15 20 0
15 21 0
15 22 0
15 23 0
15 24 0
15 25 0
15 26 0
15 27 0
15 28 0
15 29 0
15 30 0
15 31 0
15 32 0
15 33 0
15 34 0
15 35 0
15 36 0
15 37 0
15 38 0
15 39 0
15 40 0
15 41 0
15 42 -1

16 0 4224
16 1 4002
16 2 4262
16 3 3966
16 4 4083
16 5 0
16 6 0
16 7 0
16 8 0
16 9 0
16 10 0
16 11 0
16 12 0
16 13 0
16 14 0
16 15 0
16 16 0
16 17 0
16 18 0
16 19 0
16 20 0
16 21 0
16 22 0
16 23 0
16 24 0
16 25 0
16 26 0
16 27 0
16 28 0
16 29 0
16 30 0
16 31 0
16 32 0
16 33 0
16 34 0
16 35 0
16 36 0
16 37 0
16 38 0
16 39 0
16 40 0
16 41 0
16 42 -1

17 0 4356
17 1 4088
17 2 4210
17 3 3943
17 4 4108
17 5 0
17 6 0
17 7 0
17 8 0
17 9 0
17 10 0
17 11 0
17 12 0
17 13 0
17 14 0
17 15 0
17 16 0
17 17 0
17 18 0
17 19 0
17 20 0
17 21 0
17 22 0
17 23 0
17 24 0
17 25 0
17 26 0
17 27 0
17 28 0
17 29 0
17 30 0
17 31 0
17 32 0
17 33 0
17 34 0
17 35 0
17 36 0
17 37 0
17 38 0
17 39 0
17 40 0
17 41 0
17 42 -1

18 0 4121
18 1 4214
18 2 4295
18 3 3803
18 4 4056
18 5 3624
18 6 0
18 7 0
18 8 0
18 9 0
18 10 0
18 11 0
18 12 0
18 13 0
18 14 0
18 15 0
18 16 0
18 17 0
18 18 0
18 19 0
18 20 0
18 21 0
18 22 0
18 23 0
18 24 0
18 25 0
18 26 0
18 27 0
18 28 0
18 29 0
18 30 0
18 31 0
18 32 0
18 33 0
18 34 0
18 35 0
18 36 0
18 37 0
18 38 0
18 39 0
18 40 0
18 41 0
18 42 -1

19 0 4143
19 1 4240
19 2 4106
19 3 3768
19 4 4033
19 5 3859
19 6 0
19 7 0
19 8 0
19 9 0
19 10 0
19 11 0
19 12 0
19 13 0
19 14 0
19 15 0
19 16 0
19 17 0
19 18 0
19 19 0
19 20 0
19 21 0
19 22 0
19 23 0
19 24 0
19 25 0
19 26 0
19 27 0
19 28 0
19 29 0
19 30 0
19 31 0
19 32 0
19 33 0
19 34 0
19 35 0
19 36 0
19 37 0
19 38 0
19 39 0
19 40 0
19 41 0
19 42 -1

20 0 4103
20 1 4171
20 2 4257
20 3 3830
20 4 3940
20 5 4196
20 6 0
20 7 0
20 8 0
20 9 0
20 10 0
20 11 0
20 12 0
20 13 0
20 14 0
20 15 0
20 16 0
20 17 0
20 18 0
20 19 0
20 20 0
20 21 0
20 22 0
20 23 0
20 24 0
20 25 0
20 26 0
20 27 0
20 28 0
20 29 0
20 30 0
20 31 0
20 32 0
20 33 0
20 34 0
20 35 0
20 36 0
20 37 0
20 38 0
20 39 0
20 40 0
20 41 0
20 42 -1

21 0 4091
21 1 3994
21 2 4151
21 3 4090
21 4 3935
21 5 3853
21 6 0
21 7 0
21 8 0
21 9 0
21 10 0
21 11 0
21 12 0
21 13 0
21 14 0
21 15 0
21 16 0
21 17 0
21 18 0
21 19 0
21 20 0
21 21 0
21 22 0
21 23 0
21 24 0
21 25 0
21 26 0
21 27 0
21 28 0
21 29 0
21 30 0
21 31 0
21 32 0
21 33 0
21 34 0
21 35 0
21 36 0
21 37 0
21 38 0
21 39 0
21 40 0
21 41 0
21 42 -1

22 0 4136
22 1 4071
22 2 4072
22 3 4038
22 4 3930
22 5 3961
22 6 3831
22 7 0
22 8 0
22 9 0
22 10 0
22 11 0
22 12 0
22 13 0
22 14 0
22 15 0
22 16 0
22 17 0
22 18 0
22 19 0
22 20 0
22 21 0
22 22 0
22 23 0
22 24 0
22 25 0
22 26 0
22 27 0
22 28 0
22 29 0
22 30 0
22 31 0
22 32 0
22 33 0
22 34 0
22 35 0
22 36 0
22 37 0
22 38 0
22 39 0
22 40 0
22 41 0
22 42 -1

23 0 3979
23 1 4001
23 2 4030
23 3 4072
23 4 3723
23 5 3911
23 6 3850
23 7 0
23 8 0
23 9 0
23 10 0
23 11 0
23 12 0
23 13 0
23 14 0
23 15 0
23 16 0
23 17 0
23 18 0
23 19 0
23 20 0
23 21 0
23 22 0
23 23 0
23 24 0
23 25 0
23 26 0
23 27 0
23 28 0
23 29 0
23 30 0
23 31 0
23 32 0
23 33 0
23 34 0
23 35 0
23 36 0
23 37 0
23 38 0
23 39 0
23 40 0
23 41 0
23 42 -1

24 0 4086
24 1 4251
24 2 4101
24 3 4087
24 4 3837
24 5 3891
24 6 3924
24 7 3570
24 8 0
24 9 0
24 10 0
24 11 0
24 12 0
24 13 0
24 14 0
24 15 0
24 16 0
24 17 0
24 18 0
24 19 0
24 20 0
24 21 0
24 22 0
24 23 0
24 24 0
24 25 0
24 26 0
24 27 0
24 28 0
24 29 0
24 30 0
24 31 0
24 32 0
24 33 0
24 34 0
24 35 0
24 36 0
24 37 0
24 38 0
24 39 0
24 40 0
24 41 0
24 42 -1

25 0 4058
25 1 4229
25 2 4097
25 3 4063
25 4 3870
25 5 3832
25 6 4216
25 7 3705
25 8 0
25 9 0
25 10 0
25 11 0
25 12 0
25 13 0
25 14 0
25 15 0
25 16 0
25 17 0
25 18 0
25 19 0
25 20 0
25 21 0
25 22 0
25 23 0
25 24 0
25 25 0
25 26 0
25 27 0
25 28 0
25 29 0
25 30 0
25 31 0
25 32 0
25 33 0
25 34 0
25 35 0
25 36 0
25 37 0
25 38 0
25 39 0
25 40 0
25 41 0
25 42 -1

26 0 4135
26 1 4074
26 2 4221
26 3 4106
26 4 3934
26 5 3918
26 6 4064
26 7 3953
26 8 0
26 9 0
26 10 0
26 11 0
26 12 0
26 13 0
26 14 0
26 15 0
26 16 0
26 17 0
26 18 0
26 19 0
26 20 0
26 21 0
26 22 0
26 23 0
26 24 0
26 25 0
26 26 0
26 27 0
26 28 0
26 29 0
26 30 0
26 31 0
26 32 0
26 33 0
26 34 0
26 35 0
26 36 0
26 37 0
26 38 0
26 39 0
26 40 0
26 41 0
26 42 -1

27 0 4116
27 1 4073
27 2 4197
27 3 4089
27 4 3995
27 5 3869
27 6 4119
27 7 4047
27 8 0
27 9 0
27 10 0
27 11 0
27 12 0
27 13 0
27 14 0
27 15 0
27 16 0
27 17 0
27 18 0
27 19 0
27 20 0
27 21 0
27 22 0
27 23 0
27 24 0
27 25 0
27 26 0
27 27 0
27 28 0
27 29 0
27 30 0
27 31 0
27 32 0
27 33 0
27 34 0
27 35 0
27 36 0
27 37 0
27 38 0
27 39 0
27 40 0
27 41 0
27 42 -1

28 0 4149
28 1 4145
28 2 4192
28 3 4208
28 4 4056
28 5 3968
28 6 4241
28 7 4047
28 8 4506
28 9 0
28 10 0
28 11 0
28 12 0
28 13 0
28 14 0
28 15 0
28 16 0
28 17 0
28 18 0
28 19 0
28 20 0
28 21 0
28 22 0
28 23 0
28 24 0
28 25 0
28 26 0
28 27 0
28 28 0
28 29 0
28 30 0
28 31 0
28 32 0
28 33 0
28 34 0
28 35 0
28 36 0
28 37 0
28 38 0
28 39 0
28 40 0
28 41 0
28 42 -1

29 0 4086
29 1 4196
29 2 4059
29 3 4125
29 4 4029
29 5 4108
29 6 4125
29 7 4212
29 8 4361
29 9 0
29 10 0
29 11 0
29 12 0
29 13 0
29 14 0
29 15 0
29 16 0
29 17 0
29 18 0
29 19 0
29 20 0
29 21 0
29 22 0
29 23 0
29 24 0
29 25 0
29 26 0
29 27 0
29 28 0
29 29 0
29 30 0
29 31 0
29 32 0
29 33 0
29 34 0
29 35 0
29 36 0
29 37 0
29 38 0
29 39 0
29 40 0
29 41 0
29 42 -1

30 0 4054
30 1 4116
30 2 4209
30 3 4165
30 4 3997
30 5 4194
30 6 3989
30 7 4153
30 8 4594
30 9 5636
30 10 0
30 11 0
30 12 0
30 13 0
30 14 0
30 15 0
30 16 0
30 17 0
30 18 0
30 19 0
30 20 0
30 21 0
30 22 0
30 23 0
30 24 0
30 25 0
30 26 0
30 27 0
30 28 0
30 29 0
30 30 0
30 31 0
30 32 0
30 33 0
30 34 0
30 35 0
30 36 0
30 37 0
30 38 0
30 39 0
30 40 0
30 41 0
30 42 -1

31 0 4245
31 1 4143
31 2 4135
31 3 4141
31 4 4080
31 5 4148
31 6 4168
31 7 4332
31 8 4429
31 9 5006
31 10 0
31 11 0
31 12 0
31 13 0
31 14 0
31 15 0
31 16 0
31 17 0
31 18 0
31 19 0
31 20 0
31 21 0
31 22 0
31 23 0
31 24 0
31 25 0
31 26 0
31 27 0
31 28 0
31 29 0
31 30 0
31 31 0
31 32 0
31 33 0
31 34 0
31 35 0
31 36 0
31 37 0
31 38 0
31 39 0
31 40 0
31 41 0
31 42 -1

32 0 4262
32 1 4241
32 2 4243
32 3 4257
32 4 3867
32 5 3969
32 6 4063
32 7 4259
32 8 4425
32 9 4674
32 10 0
32 11 0
32 12 0
32 13 0
32 14 0
32 15 0
32 16 0
32 17 0
32 18 0
32 19 0
32 20 0
32 21 0
32 22 0
32 23 0
32 24 0
32 25 0
32 26 0
32 27 0
32 28 0
32 29 0
32 30 0
32 31 0
32 32 0
32 33 0
32 34 0
32 35 0
32 36 0
32 37 0
32 38 0
32 39 0
32 40 0
32 41 0
32 42 -1

33 0 4093
33 1 4171
33 2 4244
33 3 4077
33 4 4096
33 5 3848
33 6 4081
33 7 4213
33 8 4241
33 9 4451
33 10 4470
33 11 0
33 12 0
33 13 0
33 14 0
33 15 0
33 16 0
33 17 0
33 18 0
33 19 0
33 20 0
33 21 0
33 22 0
33 23 0
33 24 0
33 25 0
33 26 0
33 27 0
33 28 0
33 29 0
33 30 0
33 31 0
33 32 0
33 33 0
33 34 0
33 35 0
33 36 0
33 37 0
33 38 0
33 39 0
33 40 0
33 41 0
33 42 -1

34 0 4204
34 1 4241
34 2 4176
34 3 4143
34 4 4084
34 5 3891
34 6 4075
34 7 4105
34 8 4454
34 9 4418
34 10 4730
34 11 0
34 12 0
34 13 0
34 14 0
34 15 0
34 16 0
34 17 0
34 18 0
34 19 0
34 20 0
34 21 0
34 22 0
34 23 0
34 24 0
34 25 0
34 26 0
34 27 0
34 28 0
34 29 0
34 30 0
34 31 0
34 32 0
34 33 0
34 34 0
34 35 0
34 36 0
34 37 0
34 38 0
34 39 0
34 40 0
34 41 0
34 42 -1

35 0 4174
35 1 4137
35 2 4088
35 3 4167
35 4 4125
35 5 3965
35 6 3965
35 7 4201
35 8 4025
35 9 4675
35 10 4527
35 11 4579
35 12 0
35 13 0
35 14 0
35 15 0
35 16 0
35 17 0
35 18 0
35 19 0
35 20 0
35 21 0
35 22 0
35 23 0
35 24 0
35 25 0
35 26 0
35 27 0
35 28 0
35 29 0
35 30 0
35 31 0
35 32 0
35 33 0
35 34 0
35 35 0
35 36 0
35 37 0
35 38 0
35 39 0
35 40 0
35 41 0
35 42 -1

36 0 4127
36 1 4244
36 2 3924
36 3 4211
36 4 4131
36 5 4242
36 6 4168
36 7 4205
36 8 3952
36 9 4375
36 10 4383
36 11 4473
36 12 0
36 13 0
36 14 0
36 15 0
36 16 0
36 17 0
36 18 0
36 19 0
36 20 0
36 21 0
36 22 0
36 23 0
36 24 0
36 25 0
36 26 0
36 27 0
36 28 0
36 29 0
36 30 0
36 31 0
36 32 0
36 33 0
36 34 0
36 35 0
36 36 0
36 37 0
36 38 0
36 39 0
36 40 0
36 41 0
36 42 -1

37 0 3945
37 1 4206
37 2 4119
37 3 4212
37 4 4335
37 5 4142
37 6 4074
37 7 4190
37 8 3950
37 9 4372
37 10 4360
37 11 4553
37 12 4160
37 13 0
37 14 0
37 15 0
37 16 0
37 17 0
37 18 0
37 19 0
37 20 0
37 21 0
37 22 0
37 23 0
37 24 0
37 25 0
37 26 0
37 27 0
37 28 0
37 29 0
37 30 0
37 31 0
37 32 0
37 33 0
37 34 0
37 35 0
37 36 0
37 37 0
37 38 0
37 39 0
37 40 0
37 41 0
37 42 -1

38 0 4067
38 1 4145
38 2 4258
38 3 3986
38 4 4183
38 5 4053
38 6 4218
38 7 4233
38 8 4253
38 9 4316
38 10 4238
38 11 4586
38 12 4207
38 13 0
38 14 0
38 15 0
38 16 0
38 17 0
38 18 0
38 19 0
38 20 0
38 21 0
38 22 0
38 23 0
38 24 0
38 25 0
38 26 0
38 27 0
38 28 0
38 29 0
38 30 0
38 31 0
38 32 0
38 33 0
38 34 0
38 35 0
38 36 0
38 37 0
38 38 0
38 39 0
38 40 0
38 41 0
38 42 -1

39 0 4081
39 1 4063
39 2 4101
39 3 4103
39 4 4168
39 5 4066
39 6 4318
39 7 4221
39 8 4174
39 9 4284
39 10 4253
39 11 4556
39 12 4355
39 13 0
39 14 0
39 15 0
39 16 0
39 17 0
39 18 0
39 19 0
39 20 0
39 21 0
39 22 0
39 23 0
39 24 0
39 25 0
39 26 0
39 27 0
39 28 0
39 29 0
39 30 0
39 31 0
39 32 0
39 33 0
39 34 0
39 35 0
39 36 0
39 37 0
39 38 0
39 39 0
39 40 0
39 41 0
39 42 -1

40 0 3993
40 1 4049
40 2 4123
40 3 4314
40 4 4133
40 5 4155
40 6 4167
40 7 4275
40 8 4254
40 9 4141
40 10 4266
40 11 4182
40 12 4507
40 13 0
40 14 0
40 15 0
40 16 0
40 17 0
40 18 0
40 19 0
40 20 0
40 21 0
40 22 0
40 23 0
40 24 0
40 25 0
40 26 0
40 27 0
40 28 0
40 29 0
40 30 0
40 31 0
40 32 0
40 33 0
40 34 0
40 35 0
40 36 0
40 37 0
40 38 0
40 39 0
40 40 0
40 41 0
40 42 -1

41 0 4056
41 1 4131
41 2 4074
41 3 4281
41 4 4218
41 5 3966
41 6 4324
41 7 4260
41 8 4297
41 9 4506
41 10 4225
41 11 4039
41 12 4394
41 13 4181
41 14 0
41 15 0
41 16 0
41 17 0
41 18 0
41 19 0
41 20 0
41 21 0
41 22 0
41 23 0
41 24 0
41 25 0
41 26 0
41 27 0
41 28 0
41 29 0
41 30 0
41 31 0
41 32 0
41 33 0
41 34 0
41 35 0
41 36 0
41 37 0
41 38 0
41 39 0
41 40 0
41 41 0
41 42 -1

42 0 4059
42 1 4007
42 2 4234
42 3 4260
42 4 4213
42 5 4268
42 6 3998
42 7 4196
42 8 4113
42 9 4220
42 10 4299
42 11 4149
42 12 4418
42 13 4056
42 14 0
42 15 0
42 16 0
42 17 0
42 18 0
42 19 0
42 20 0
42 21 0
42 22 0
42 23 0
42 24 0
42 25 0
42 26 0
42 27 0
42 28 0
42 29 0
42 30 0
42 31 0
42 32 0
42 33 0
42 34 0
42 35 0
42 36 0
42 37 0
42 38 0
42 39 0
42 40 0
42 41 0
42 42 -1

43 0 3971
43 1 4103
43 2 4161
43 3 4145
43 4 4295
43 5 4290
43 6 4135
43 7 4059
43 8 4263
43 9 4268
43 10 4285
43 11 4304
43 12 4277
43 13 4237
43 14 4499
43 15 0
43 16 0
43 17 0
43 18 0
43 19 0
43 20 0
43 21 0
43 22 0
43 23 0
43 24 0
43 25 0
43 26 0
43 27 0
43 28 0
43 29 0
43 30 0
43 31 0
43 32 0
43 33 0
43 34 0
43 35 0
43 36 0
43 37 0
43 38 0
43 39 0
43 40 0
43 41 0
43 42 -1

44 0 4046
44 1 4027
44 2 4143
44 3 4316
44 4 4283
44 5 4287
44 6 4271
44 7 4024
44 8 4284
44 9 4289
44 10 4202
44 11 4432
44 12 4486
44 13 4302
44 14 4844
44 15 0
44 16 0
44 17 0
44 18 0
44 19 0
44 20 0
44 21 0
44 22 0
44 23 0
44 24 0
44 25 0
44 26 0
44 27 0
44 28 0
44 29 0
44 30 0
44 31 0
44 32 0
44 33 0
44 34 0
44 35 0
44 36 0
44 37 0
44 38 0
44 39 0
44 40 0
44 41 0
44 42 -1

45 0 3994
45 1 3977
45 2 4237
45 3 4310
45 4 4302
45 5 4162
45 6 4276
45 7 4086
45 8 4345
45 9 4127
45 10 4209
45 11 4166
45 12 4389
45 13 4508
45 14 4349
45 15 0
45 16 0
45 17 0
45 18 0
45 19 0
45 20 0
45 21 0
45 22 0
45 23 0
45 24 0
45 25 0
45 26 0
45 27 0
45 28 0
45 29 0
45 30 0
45 31 0
45 32 0
45 33 0
45 34 0
45 35 0
45 36 0
45 37 0
45 38 0
45 39 0
45 40 0
45 41 0
45 42 -1

46 0 3991
46 1 4088
46 2 4141
46 3 4059
46 4 4164
46 5 4189
46 6 4131
46 7 4130
46 8 4111
46 9 4048
46 10 3887
46 11 4115
46 12 4321
46 13 4472
46 14 4360
46 15 4556
46 16 0
46 17 0
46 18 0
46 19 0
46 20 0
46 21 0
46 22 0
46 23 0
46 24 0
46 25 0
46 26 0
46 27 0
46 28 0
46 29 0
46 30 0
46 31 0
46 32 0
46 33 0
46 34 0
46 35 0
46 36 0
46 37 0
46 38 0
46 39 0
46 40 0
46 41 0
46 42 -1

47 0 4093
47 1 4164
47 2 4110
47 3 4154
47 4 4153
47 5 4327
47 6 4311
47 7 4253
47 8 4163
47 9 4030
47 10 3995
47 11 4114
47 12 4343
47 13 4509
47 14 4295
47 15 4596
47 16 0
47 17 0
47 18 0
47 19 0
47 20 0
47 21 0
47 22 0
47 23 0
47 24 0
47 25 0
47 26 0
47 27 0
47 28 0
47 29 0
47 30 0
47 31 0
47 32 0
47 33 0
47 34 0
47 35 0
47 36 0
47 37 0
47 38 0
47 39 0
47 40 0
47 41 0
47 42 -1

48 0 4066
48 1 4071
48 2 4026
48 3 4023
48 4 4204
48 5 4188
48 6 4233
48 7 4213
48 8 4414
48 9 4242
48 10 4138
48 11 4105
48 12 4182
48 13 4412
48 14 4464
48 15 4427
48 16 5066
48 17 0
48 18 0
48 19 0
48 20 0
48 21 0
48 22 0
48 23 0
48 24 0
48 25 0
48 26 0
48 27 0
48 28 0
48 29 0
48 30 0
48 31 0
48 32 0
48 33 0
48 34 0
48 35 0
48 36 0
48 37 0
48 38 0
48 39 0
48 40 0
48 41 0
48 42 -1

49 0 3868
49 1 4018
49 2 4157
49 3 4141
49 4 4314
49 5 4200
49 6 4183
49 7 4422
49 8 4137
49 9 4131
49 10 4235
49 11 4019
49 12 4341
49 13 4529
49 14 4333
49 15 4607
49 16 4752
49 17 0
49 18 0
49 19 0
49 20 0
49 21 0
49 22 0
49 23 0
49 24 0
49 25 0
49 26 0
49 27 0
49 28 0
49 29 0
49 30 0
49 31 0
49 32 0
49 33 0
49 34 0
49 35 0
49 36 0
49 37 0
49 38 0
49 39 0
49 40 0
49 41 0
49 42 -1

50 0 3920
50 1 4009
50 2 4051
50 3 4007
50 4 4183
50 5 4122
50 6 4244
50 7 4172
50 8 4200
50 9 4230
50 10 4256
50 11 4047
50 12 4353
50 13 4459
50 14 4231
50 15 4464
50 16 4796
50 17 0
50 18 0
50 19 0
50 20 0
50 21 0
50 22 0
50 23 0
50 24 0
50 25 0
50 26 0
50 27 0
50 28 0
50 29 0
50 30 0
50 31 0
50 32 0
50 33 0
50 34 0
50 35 0
50 36 0
50 37 0
50 38 0
50 39 0
50 40 0
50 41 0
50 42 -1

51 0 3975
51 1 4065
51 2 4044
51 3 3992
51 4 3964
51 5 4095
51 6 4171
51 7 4100
51 8 4143
51 9 4205
51 10 4265
51 11 4335
51 12 4117
51 13 4303
51 14 4138
51 15 4445
51 16 4374
51 17 0
51 18 0
51 19 0
51 20 0
51 21 0
51 22 0
51 23 0
51 24 0
51 25 0
51 26 0
51 27 0
51 28 0
51 29 0
51 30 0
51 31 0
51 32 0
51 33 0
51 34 0
51 35 0
51 36 0
51 37 0
51 38 0
51 39 0
51 40 0
51 41 0
51 42 -1

52 0 4027
52 1 3867
52 2 3948
52 3 4012
52 4 4000
52 5 4102
52 6 4156
52 7 4182
52 8 4031
52 9 4235
52 10 4220
52 11 4248
52 12 4232
52 13 4134
52 14 4248
52 15 4185
52 16 4289
52 17 5366
52 18 0
52 19 0
52 20 0
52 21 0
52 22 0
52 23 0
52 24 0
52 25 0
52 26 0
52 27 0
52 28 0
52 29 0
52 30 0
52 31 0
52 32 0
52 33 0
52 34 0
52 35 0
52 36 0
52 37 0
52 38 0
52 39 0
52 40 0
52 41 0
52 42 -1

53 0 3927
53 1 3965
53 2 4006
53 3 3910
53 4 4093
53 5 3966
53 6 4076
53 7 4273
53 8 4014
53 9 4143
53 10 4159
53 11 4304
53 12 4159
53 13 4309
53 14 4361
53 15 4236
53 16 3906
53 17 4799
53 18 0
53 19 0
53 20 0
53 21 0
53 22 0
53 23 0
53 24 0
53 25 0
53 26 0
53 27 0
53 28 0
53 29 0
53 30 0
53 31 0
53 32 0
53 33 0
53 34 0
53 35 0
53 36 0
53 37 0
53 38 0
53 39 0
53 40 0
53 41 0
53 42 -1

54 0 4033
54 1 4004
54 2 3935
54 3 4000
54 4 4106
54 5 4075
54 6 3973
54 7 4093
54 8 4253
54 9 4111
54 10 4141
54 11 4259
54 12 4405
54 13 4304
54 14 4333
54 15 4053
54 16 3748
54 17 3950
54 18 7235
54 19 0
54 20 0
54 21 0
54 22 0
54 23 0
54 24 0
54 25 0
54 26 0
54 27 0
54 28 0
54 29 0
54 30 0
54 31 0
54 32 0
54 33 0
54 34 0
54 35 0
54 36 0
54 37 0
54 38 0
54 39 0
54 40 0
54 41 0
54 42 -1

55 0 4058
55 1 3917
55 2 4029
55 3 3964
55 4 3970
55 5 4022
55 6 4049
55 7 4171
55 8 4133
55 9 4172
55 10 4136
55 11 4207
55 12 4367
55 13 4370
55 14 4371
55 15 4117
55 16 4122
55 17 3937
55 18 4422
55 19 0
55 20 0
55 21 0
55 22 0
55 23 0
55 24 0
55 25 0
55 26 0
55 27 0
55 28 0
55 29 0
55 30 0
55 31 0
55 32 0
55 33 0
55 34 0
55 35 0
55 36 0
55 37 0
55 38 0
55 39 0
55 40 0
55 41 0
55 42 -1

56 0 3845
56 1 3983
56 2 4062
56 3 3982
56 4 4072
56 5 3936
56 6 4047
56 7 4238
56 8 4192
56 9 4029
56 10 4330
56 11 4168
56 12 4280
56 13 4278
56 14 4105
56 15 4463
56 16 4301
56 17 4208
56 18 3988
56 19 0
56 20 0
56 21 0
56 22 0
56 23 0
56 24 0
56 25 0
56 26 0
56 27 0
56 28 0
56 29 0
56 30 0
56 31 0
56 32 0
56 33 0
56 34 0
56 35 0
56 36 0
56 37 0
56 38 0
56 39 0
56 40 0
56 41 0
56 42 -1

57 0 4097
57 1 3901
57 2 4098
57 3 4040
57 4 3962
57 5 4136
57 6 4084
57 7 4310
57 8 4271
57 9 3985
57 10 3943
57 11 4057
57 12 4358
57 13 4287
57 14 3992
57 15 4249
57 16 4422
57 17 4028
57 18 4417
57 19 7105
57 20 0
57 21 0
57 22 0
57 23 0
57 24 0
57 25 0
57 26 0
57 27 0
57 28 0
57 29 0
57 30 0
57 31 0
57 32 0
57 33 0
57 34 0
57 35 0
57 36 0
57 37 0
57 38 0
57 39 0
57 40 0
57 41 0
57 42 -1

58 0 4051
58 1 3984
58 2 3971
58 3 3937
58 4 4053
58 5 3978
58 6 4041
58 7 4210
58 8 4179
58 9 4094
58 10 3965
58 11 4180
58 12 4205
58 13 4180
58 14 4110
58 15 4105
58 16 4078
58 17 4125
58 18 4197
58 19 4520
58 20 0
58 21 0
58 22 0
58 23 0
58 24 0
58 25 0
58 26 0
58 27 0
58 28 0
58 29 0
58 30 0
58 31 0
58 32 0
58 33 0
58 34 0
58 35 0
58 36 0
58 37 0
58 38 0
58 39 0
58 40 0
58 41 0
58 42 -1

59 0 3976
59 1 3988
59 2 4002
59 3 4056
59 4 4042
59 5 4032
59 6 4063
59 7 4030
59 8 4079
59 9 4208
59 10 4198
59 11 4079
59 12 4341
59 13 4183
59 14 3988
59 15 4045
59 16 4084
59 17 4044
59 18 4092
59 19 4800
59 20 0
59 21 0
59 22 0
59 23 0
59 24 0
59 25 0
59 26 0
59 27 0
59 28 0
59 29 0
59 30 0
59 31 0
59 32 0
59 33 0
59 34 0
59 35 0
59 36 0
59 37 0
59 38 0
59 39 0
59 40 0
59 41 0
59 42 -1

60 0 4108
60 1 4097
60 2 4005
60 3 4135
60 4 4023
60 5 3916
60 6 4009
60 7 4024
60 8 4154
60 9 4024
60 10 4131
60 11 4178
60 12 4234
60 13 4232
60 14 4167
60 15 4147
60 16 3909
60 17 3957
60 18 3986
60 19 4437
60 20 4827
60 21 0
60 22 0
60 23 0
60 24 0
60 25 0
60 26 0
60 27 0
60 28 0
60 29 0
60 30 0
60 31 0
60 32 0
60 33 0
60 34 0
60 35 0
60 36 0
60 37 0
60 38 0
60 39 0
60 40 0
60 41 0
60 42 -1

61 0 3989
61 1 4065
61 2 4047
61 3 3893
61 4 4031
61 5 4032
61 6 3905
61 7 4160
61 8 4160
61 9 3988
61 10 4006
61 11 4290
61 12 4130
61 13 4160
61 14 4167
61 15 4216
61 16 4070
61 17 3966
61 18 4108
61 19 4138
61 20 4318
61 21 0
61 22 0
61 23 0
61 24 0
61 25 0
61 26 0
61 27 0
61 28 0
61 29 0
61 30 0
61 31 0
61 32 0
61 33 0
61 34 0
61 35 0
61 36 0
61 37 0
61 38 0
61 39 0
61 40 0
61 41 0
61 42 -1

62 0 4006
62 1 4000
62 2 3966
62 3 3974
62 4 3949
62 5 4057
62 6 4056
62 7 3967
62 8 3899
62 9 4080
62 10 4082
62 11 4075
62 12 4191
62 13 4136
62 14 4384
62 15 4155
62 16 4211
62 17 4085
62 18 3909
62 19 3838
62 20 4336
62 21 0
62 22 0
62 23 0
62 24 0
62 25 0
62 26 0
62 27 0
62 28 0
62 29 0
62 30 0
62 31 0
62 32 0
62 33 0
62 34 0
62 35 0
62 36 0
62 37 0
62 38 0
62 39 0
62 40 0
62 41 0
62 42 -1

63 0 3988
63 1 4089
63 2 3938
63 3 3905
63 4 4037
63 5 4098
63 6 4099
63 7 4004
63 8 4041
63 9 3890
63 10 4055
63 11 4106
63 12 4138
63 13 4127
63 14 4241
63 15 4062
63 16 4311
63 17 4307
63 18 4205
63 19 4189
63 20 3762
63 21 4249
63 22 0
63 23 0
63 24 0
63 25 0
63 26 0
63 27 0
63 28 0
63 29 0
63 30 0
63 31 0
63 32 0
63 33 0
63 34 0
63 35 0
63 36 0
63 37 0
63 38 0
63 39 0
63 40 0
63 41 0
63 42 -1

64 0 4000
64 1 4089
64 2 4043
64 3 4021
64 4 3968
64 5 4010
64 6 3944
64 7 4035
64 8 3929
64 9 3810
64 10 3976
64 11 4049
64 12 4084
64 13 4215
64 14 4279
64 15 4100
64 16 4347
64 17 4204
64 18 4131
64 19 4174
64 20 4023
64 21 3682
64 22 0
64 23 0
64 24 0
64 25 0
64 26 0
64 27 0
64 28 0
64 29 0
64 30 0
64 31 0
64 32 0
64 33 0
64 34 0
64 35 0
64 36 0
64 37 0
64 38 0
64 39 0
64 40 0
64 41 0
64 42 -1

65 0 3875
65 1 4003
65 2 4083
65 3 4146
65 4 4017
65 5 4109
65 6 4013
65 7 3950
65 8 4088
65 9 3890
65 10 3938
65 11 4001
65 12 4016
65 13 4070
65 14 4094
65 15 4194
65 16 4200
65 17 3933
65 18 4157
65 19 3907
65 20 4181
65 21 3837
65 22 3947
65 23 0
65 24 0
65 25 0
65 26 0
65 27 0
65 28 0
65 29 0
65 30 0
65 31 0
65 32 0
65 33 0
65 34 0
65 35 0
65 36 0
65 37 0
65 38 0
65 39 0
65 40 0
65 41 0
65 42 -1

66 0 3890
66 1 4032
66 2 4146
66 3 4061
66 4 4128
66 5 4029
66 6 3907
66 7 3833
66 8 4013
66 9 4058
66 10 3908
66 11 3952
66 12 3934
66 13 4095
66 14 4250
66 15 4184
66 16 4398
66 17 4194
66 18 4149
66 19 4116
66 20 4036
66 21 3756
66 22 3960
66 23 0
66 24 0
66 25 0
66 26 0
66 27 0
66 28 0
66 29 0
66 30 0
66 31 0
66 32 0
66 33 0
66 34 0
66 35 0
66 36 0
66 37 0
66 38 0
66 39 0
66 40 0
66 41 0
66 42 -1

67 0 3927
67 1 3932
67 2 4033
67 3 4117
67 4 4119
67 5 4054
67 6 3977
67 7 3940
67 8 3995
67 9 3940
67 10 4087
67 11 3850
67 12 3927
67 13 3939
67 14 4005
67 15 4199
67 16 4008
67 17 4209
67 18 4033
67 19 4058
67 20 3913
67 21 4002
67 22 3175
67 23 0
67 24 0
67 25 0
67 26 0
67 27 0
67 28 0
67 29 0
67 30 0
67 31 0
67 32 0
67 33 0
67 34 0
67 35 0
67 36 0
67 37 0
67 38 0
67 39 0
67 40 0
67 41 0
67 42 -1

68 0 3921
68 1 3955
68 2 3947
68 3 4130
68 4 3995
68 5 4071
68 6 3977
68 7 3988
68 8 4155
68 9 4111
68 10 3951
68 11 3993
68 12 4000
68 13 4139
68 14 3952
68 15 4077
68 16 4182
68 17 3884
68 18 3920
68 19 3828
68 20 3825
68 21 3953
68 22 3725
68 23 8111
68 24 0
68 25 0
68 26 0
68 27 0
68 28 0
68 29 0
68 30 0
68 31 0
68 32 0
68 33 0
68 34 0
68 35 0
68 36 0
68 37 0
68 38 0
68 39 0
68 40 0
68 41 0
68 42 -1

69 0 3987
69 1 3913
69 2 4084
69 3 3925
69 4 4089
69 5 4099
69 6 3960
69 7 4061
69 8 4174
69 9 4118
69 10 4031
69 11 4032
69 12 3960
69 13 4111
69 14 4126
69 15 4146
69 16 4136
69 17 4207
69 18 3905
69 19 3869
69 20 3746
69 21 3736
69 22 3766
69 23 4136
69 24 0
69 25 0
69 26 0
69 27 0
69 28 0
69 29 0
69 30 0
69 31 0
69 32 0
69 33 0
69 34 0
69 35 0
69 36 0
69 37 0
69 38 0
69 39 0
69 40 0
69 41 0
69 42 -1

70 0 4072
70 1 3931
70 2 3889
70 3 3875
70 4 3932
70 5 4063
70 6 4071
70 7 4152
70 8 4009
70 9 4028
70 10 3960
70 11 3998
70 12 3934
70 13 4030
70 14 4217
70 15 3989
70 16 4105
70 17 4174
70 18 4027
70 19 4068
70 20 3808
70 21 3817
70 22 3978
70 23 3254
70 24 0
70 25 0
70 26 0
70 27 0
70 28 0
70 29 0
70 30 0
70 31 0
70 32 0
70 33 0
70 34 0
70 35 0
70 36 0
70 37 0
70 38 0
70 39 0
70 40 0
70 41 0
70 42 -1

71 0 3884
71 1 3945
71 2 3907
71 3 3962
71 4 3971
71 5 4024
71 6 3925
71 7 4004
71 8 4026
71 9 4033
71 10 3957
71 11 3946
71 12 3879
71 13 3901
71 14 4016
71 15 3988
71 16 4144
71 17 4258
71 18 3913
71 19 4034
71 20 3998
71 21 3630
71 22 3973
71 23 3585
71 24 2973
71 25 0
71 26 0
71 27 0
71 28 0
71 29 0
71 30 0
71 31 0
71 32 0
71 33 0
71 34 0
71 35 0
71 36 0
71 37 0
71 38 0
71 39 0
71 40 0
71 41 0
71 42 -1

72 0 3871
72 1 3958
72 2 3888
72 3 3951
72 4 3917
72 5 3905
72 6 3955
72 7 4034
72 8 3920
72 9 3958
72 10 4124
72 11 4069
72 12 3895
72 13 3922
72 14 4057
72 15 4028
72 16 3915
72 17 4071
72 18 4081
72 19 3973
72 20 3895
72 21 3792
72 22 3676
72 23 3721
72 24 3830
72 25 0
72 26 0
72 27 0
72 28 0
72 29 0
72 30 0
72 31 0
72 32 0
72 33 0
72 34 0
72 35 0
72 36 0
72 37 0
72 38 0
72 39 0
72 40 0
72 41 0
72 42 -1

73 0 3964
73 1 3879
73 2 3868
73 3 3816
73 4 3887
73 5 3817
73 6 3986
73 7 4050
73 8 4011
73 9 3945
73 10 3996
73 11 4050
73 12 4095
73 13 3999
73 14 4055
73 15 3995
73 16 3964
73 17 3957
73 18 4085
73 19 4105
73 20 3710
73 21 3807
73 22 3873
73 23 3572
73 24 3758
73 25 3034
73 26 0
73 27 0
73 28 0
73 29 0
73 30 0
73 31 0
73 32 0
73 33 0
73 34 0
73 35 0
73 36 0
73 37 0
73 38 0
73 39 0
73 40 0
73 41 0
73 42 -1

74 0 3897
74 1 3883
74 2 3891
74 3 3862
74 4 3924
74 5 3938
74 6 3890
74 7 3990
74 8 3951
74 9 4006
74 10 3933
74 11 3975
74 12 4187
74 13 4051
74 14 3987
74 15 3939
74 16 3869
74 17 3923
74 18 3874
74 19 3967
74 20 3784
74 21 3781
74 22 3716
74 23 3857
74 24 3945
74 25 3987
74 26 0
74 27 0
74 28 0
74 29 0
74 30 0
74 31 0
74 32 0
74 33 0
74 34 0
74 35 0
74 36 0
74 37 0
74 38 0
74 39 0
74 40 0
74 41 0
74 42 -1

75 0 3987
75 1 3964
75 2 3792
75 3 3950
75 4 3943
75 5 3887
75 6 3949
75 7 3883
75 8 4116
75 9 4024
75 10 4003
75 11 4047
75 12 3987
75 13 3979
75 14 3971
75 15 3982
75 16 3913
75 17 4056
75 18 3889
75 19 3869
75 20 4003
75 21 3714
75 22 3744
75 23 3621
75 24 3803
75 25 3863
75 26 0
75 27 0
75 28 0
75 29 0
75 30 0
75 31 0
75 32 0
75 33 0
75 34 0
75 35 0
75 36 0
75 37 0
75 38 0
75 39 0
75 40 0
75 41 0
75 42 -1

76 0 3928
76 1 3989
76 2 3871
76 3 3851
76 4 3869
76 5 3863
76 6 3955
76 7 3936
76 8 3938
76 9 4034
76 10 4043
76 11 4126
76 12 4079
76 13 3941
76 14 4054
76 15 4000
76 16 3769
76 17 3882
76 18 3707
76 19 3867
76 20 3832
76 21 3914
76 22 3685
76 23 3678
76 24 3997
76 25 3732
76 26 4619
76 27 0
76 28 0
76 29 0
76 30 0
76 31 0
76 32 0
76 33 0
76 34 0
76 35 0
76 36 0
76 37 0
76 38 0
76 39 0
76 40 0
76 41 0
76 42 -1

77 0 3921
77 1 4009
77 2 3972
77 3 3900
77 4 4002
77 5 4103
77 6 3932
77 7 3962
77 8 3889
77 9 3976
77 10 4024
77 11 4047
77 12 4020
77 13 4094
77 14 4105
77 15 3890
77 16 3946
77 17 3988
77 18 3796
77 19 3831
77 20 3731
77 21 4017
77 22 3795
77 23 3950
77 24 3635
77 25 3729
77 26 3783
77 27 0
77 28 0
77 29 0
77 30 0
77 31 0
77 32 0
77 33 0
77 34 0
77 35 0
77 36 0
77 37 0
77 38 0
77 39 0
77 40 0
77 41 0
77 42 -1

78 0 3942
78 1 3900
78 2 3950
78 3 4012
78 4 3902
78 5 3920
78 6 4052
78 7 3932
78 8 3937
78 9 3895
78 10 3950
78 11 4094
78 12 4121
78 13 3997
78 14 4046
78 15 4064
78 16 3948
78 17 4043
78 18 3961
78 19 3946
78 20 3708
78 21 3825
78 22 3875
78 23 3759
78 24 3823
78 25 3706
78 26 3535
78 27 3159
78 28 0
78 29 0
78 30 0
78 31 0
78 32 0
78 33 0
78 34 0
78 35 0
78 36 0
78 37 0
78 38 0
78 39 0
78 40 0
78 41 0
78 42 -1

79 0 3789
79 1 3914
79 2 3940
79 3 3995
79 4 3881
79 5 3869
79 6 3935
79 7 4015
79 8 3983
79 9 4132
79 10 3963
79 11 4190
79 12 3982
79 13 4024
79 14 4041
79 15 4154
79 16 4027
79 17 3967
79 18 3948
79 19 3911
79 20 3835
79 21 3759
79 22 3718
79 23 3855
79 24 3572
79 25 3835
79 26 3254
79 27 3560
79 28 0
79 29 0
79 30 0
79 31 0
79 32 0
79 33 0
79 34 0
79 35 0
79 36 0
79 37 0
79 38 0
79 39 0
79 40 0
79 41 0
79 42 -1

80 0 3953
80 1 3901
80 2 3816
80 3 3927
80 4 3970
80 5 3872
80 6 4042
80 7 3991
80 8 3842
80 9 3811
80 10 3984
80 11 4079
80 12 4024
80 13 3987
80 14 4001
80 15 3998
80 16 3911
80 17 3977
80 18 3964
80 19 3990
80 20 3882
80 21 3769
80 22 3767
80 23 3740
80 24 3955
80 25 3684
80 26 3477
80 27 3136
80 28 0
80 29 0
80 30 0
80 31 0
80 32 0
80 33 0
80 34 0
80 35 0
80 36 0
80 37 0
80 38 0
80 39 0
80 40 0
80 41 0
80 42 -1

81 0 4161
81 1 3887
81 2 3913
81 3 3882
81 4 3964
81 5 3752
81 6 3932
81 7 3949
81 8 3943
81 9 3959
81 10 3989
81 11 4048
81 12 3939
81 13 4009
81 14 3924
81 15 3907
81 16 4005
81 17 3806
81 18 3864
81 19 3908
81 20 3867
81 21 3817
81 22 3986
81 23 3756
81 24 3905
81 25 3757
81 26 3394
81 27 3510
81 28 2792
81 29 0
81 30 0
81 31 0
81 32 0
81 33 0
81 34 0
81 35 0
81 36 0
81 37 0
81 38 0
81 39 0
81 40 0
81 41 0
81 42 -1

82 0 4260
82 1 4049
82 2 3942
82 3 4043
82 4 3912
82 5 3784
82 6 3933
82 7 3862
82 8 3757
82 9 3889
82 10 3850
82 11 4087
82 12 4127
82 13 3953
82 14 4006
82 15 3947
82 16 3916
82 17 4009
82 18 3763
82 19 3877
82 20 4107
82 21 3856
82 22 3861
82 23 3832
82 24 3647
82 25 3785
82 26 3700
82 27 3681
82 28 3151
82 29 0
82 30 0
82 31 0
82 32 0
82 33 0
82 34 0
82 35 0
82 36 0
82 37 0
82 38 0
82 39 0
82 40 0
82 41 0
82 42 -1

83 0 4018
83 1 4120
83 2 4012
83 3 3858
83 4 3965
83 5 4037
83 6 3843
83 7 3905
83 8 3830
83 9 3947
83 10 3776
83 11 3929
83 12 4054
83 13 4077
83 14 3840
83 15 4027
83 16 3898
83 17 3999
83 18 3816
83 19 4046
83 20 4041
83 21 4084
83 22 3806
83 23 3772
83 24 3679
83 25 3770
83 26 3788
83 27 3721
83 28 3440
83 29 0
83 30 0
83 31 0
83 32 0
83 33 0
83 34 0
83 35 0
83 36 0
83 37 0
83 38 0
83 39 0
83 40 0
83 41 0
83 42 -1

84 0 3980
84 1 4200
84 2 4073
84 3 3943
84 4 3922
84 5 3999
84 6 3853
84 7 3914
84 8 3984
84 9 3806
84 10 3888
84 11 3866
84 12 3857
84 13 3904
84 14 3807
84 15 3947
84 16 3957
84 17 3937
84 18 3758
84 19 3857
84 20 3987
84 21 4045
84 22 3855
84 23 3720
84 24 3721
84 25 3759
84 26 3842
84 27 3538
84 28 3530
84 29 4236
84 30 0
84 31 0
84 32 0
84 33 0
84 34 0
84 35 0
84 36 0
84 37 0
84 38 0
84 39 0
84 40 0
84 41 0
84 42 -1

85 0 3774
85 1 3921
85 2 4020
85 3 3931
85 4 4009
85 5 3919
85 6 3912
85 7 3980
85 8 4013
85 9 3978
85 10 3870
85 11 3720
85 12 3949
85 13 3887
85 14 3824
85 15 3874
85 16 3822
85 17 3866
85 18 4004
85 19 4047
85 20 3993
85 21 3824
85 22 3937
85 23 3797
85 24 3736
85 25 3711
85 26 3807
85 27 3619
85 28 2951
85 29 3105
85 30 0
85 31 0
85 32 0
85 33 0
85 34 0
85 35 0
85 36 0
85 37 0
85 38 0
85 39 0
85 40 0
85 41 0
85 42 -1

86 0 0
86 1 3914
86 2 3971
86 3 4038
86 4 3903
86 5 3938
86 6 3913
86 7 3954
86 8 3927
86 9 3896
86 10 3904
86 11 3862
86 12 4054
86 13 3926
86 14 3863
86 15 3957
86 16 3968
86 17 3806
86 18 3859
86 19 3943
86 20 3985
86 21 3973
86 22 3940
86 23 3979
86 24 3757
86 25 3819
86 26 3675
86 27 3841
86 28 3248
86 29 2573
86 30 0
86 31 0
86 32 0
86 33 0
86 34 0
86 35 0
86 36 0
86 37 0
86 38 0
86 39 0
86 40 0
86 41 0
86 42 -1

87 0 0
87 1 0
87 2 3843
87 3 3937
87 4 3912
87 5 3957
87 6 4016
87 7 3901
87 8 3965
87 9 3869
87 10 3899
87 11 3724
87 12 3782
87 13 3889
87 14 3888
87 15 3831
87 16 3861
87 17 3922
87 18 3797
87 19 3796
87 20 4028
87 21 3992
87 22 3814
87 23 3876
87 24 3848
87 25 3952
87 26 3581
87 27 3624
87 28 3886
87 29 3163
87 30 2213
87 31 0
87 32 0
87 33 0
87 34 0
87 35 0
87 36 0
87 37 0
87 38 0
87 39 0
87 40 0
87 41 0
87 42 -1

88 0 0
88 1 0
88 2 0
88 3 3899
88 4 4002
88 5 4040
88 6 3902
88 7 3843
88 8 3883
88 9 3933
88 10 3838
88 11 3960
88 12 3871
88 13 3848
88 14 3946
88 15 3937
88 16 3788
88 17 4042
88 18 4062
88 19 3939
88 20 3861
88 21 4082
88 22 3937
88 23 3892
88 24 3784
88 25 3809
88 26 3881
88 27 3508
88 28 3635
88 29 3616
88 30 2709
88 31 0
88 32 0
88 33 0
88 34 0
88 35 0
88 36 0
88 37 0
88 38 0
88 39 0
88 40 0
88 41 0
88 42 -1

89 0 0
89 1 0
89 2 0
89 3 0
89 4 4014
89 5 3994
89 6 4061
89 7 3878
89 8 3963
89 9 4061
89 10 3873
89 11 3875
89 12 3810
89 13 3960
89 14 3871
89 15 3666
89 16 3811
89 17 3880
89 18 3948
89 19 3995
89 20 3684
89 21 3918
89 22 4068
89 23 3836
89 24 3777
89 25 3830
89 26 4030
89 27 3715
89 28 3627
89 29 3830
89 30 3809
89 31 0
89 32 0
89 33 0
89 34 0
89 35 0
89 36 0
89 37 0
89 38 0
89 39 0
89 40 0
89 41 0
89 42 -1

90 0 0
90 1 0
90 2 0
90 3 0
90 4 0
90 5 3985
90 6 3998
90 7 3923
90 8 3868
90 9 4030
90 10 4007
90 11 3819
90 12 3944
90 13 3778
90 14 3833
90 15 3772
90 16 3801
90 17 3861
90 18 3990
90 19 3937
90 20 3736
90 21 3690
90 22 3898
90 23 3824
90 24 3948
90 25 3678
90 26 3727
90 27 3923
90 28 3854
90 29 3808
90 30 3852
90 31 4005
90 32 0
90 33 0
90 34 0
90 35 0
90 36 0
90 37 0
90 38 0
90 39 0
90 40 0
90 41 0
90 42 -1

91 0 0
91 1 0
91 2 0
91 3 0
91 4 0
91 5 0
91 6 3888
91 7 3923
91 8 3843
91 9 3856
91 10 3833
91 11 3825
91 12 3873
91 13 3905
91 14 3885
91 15 3861
91 16 3774
91 17 3882
91 18 4037
91 19 3856
91 20 3817
91 21 3852
91 22 3748
91 23 3887
91 24 3915
91 25 3810
91 26 3943
91 27 3847
91 28 3709
91 29 3957
91 30 3773
91 31 4316
91 32 0
91 33 0
91 34 0
91 35 0
91 36 0
91 37 0
91 38 0
91 39 0
91 40 0
91 41 0
91 42 -1

92 0 0
92 1 0
92 2 0
92 3 0
92 4 0
92 5 0
92 6 0
92 7 4116
92 8 3856
92 9 3940
92 10 3885
92 11 3842
92 12 3920
92 13 3839
92 14 3839
92 15 3934
92 16 3728
92 17 3714
92 18 3814
92 19 3914
92 20 3855
92 21 3892
92 22 3928
92 23 3803
92 24 3946
92 25 3865
92 26 3939
92 27 3865
92 28 3884
92 29 3736
92 30 4105
92 31 4447
92 32 0
92 33 0
92 34 0
92 35 0
92 36 0
92 37 0
92 38 0
92 39 0
92 40 0
92 41 0
92 42 -1

93 0 0
93 1 0
93 2 0
93 3 0
93 4 0
93 5 0
93 6 0
93 7 0
93 8 4036
93 9 3826
93 10 3951
93 11 3874
93 12 3994
93 13 3999
93 14 3837
93 15 3881
93 16 3892
93 17 3760
93 18 3864
93 19 4028
93 20 3939
93 21 3832
93 22 3956
93 23 3959
93 24 3756
93 25 3870
93 26 3755
93 27 3768
93 28 3838
93 29 4009
93 30 4029
93 31 4336
93 32 9819
93 33 0
93 34 0
93 35 0
93 36 0
93 37 0
93 38 0
93 39 0
93 40 0
93 41 0
93 42 -1

94 0 0
94 1 0
94 2 0
94 3 0
94 4 0
94 5 0
94 6 0
94 7 0
94 8 0
94 9 3933
94 10 3990
94 11 3822
94 12 3917
94 13 3880
94 14 3886
94 15 3870
94 16 3854
94 17 3796
94 18 3850
94 19 3926
94 20 3992
94 21 3751
94 22 4022
94 23 3949
94 24 3888
94 25 3842
94 26 3835
94 27 3709
94 28 3782
94 29 3780
94 30 3890
94 31 3787
94 32 4213
94 33 0
94 34 0
94 35 0
94 36 0
94 37 0
94 38 0
94 39 0
94 40 0
94 41 0
94 42 -1

95 0 0
95 1 0
95 2 0
95 3 0
95 4 0
95 5 0
95 6 0
95 7 0
95 8 0
95 9 0
95 10 3951
95 11 3876
95 12 3945
95 13 4015
95 14 3954
95 15 3875
95 16 3835
95 17 3689
95 18 3924
95 19 3802
95 20 3854
95 21 3827
95 22 3949
95 23 4045
95 24 3877
95 25 3885
95 26 4009
95 27 3833
95 28 3810
95 29 3747
95 30 3580
95 31 3719
95 32 3618
95 33 0
95 34 0
95 35 0
95 36 0
95 37 0
95 38 0
95 39 0
95 40 0
95 41 0
95 42 -1

96 0 0
96 1 0
96 2 0
96 3 0
96 4 0
96 5 0
96 6 0
96 7 0
96 8 0
96 9 0
96 10 0
96 11 3856
96 12 3951
96 13 4020
96 14 3929
96 15 3842
96 16 3759
96 17 3858
96 18 3766
96 19 4020
96 20 3776
96 21 3760
96 22 3963
96 23 3810
96 24 3998
96 25 4043
96 26 3977
96 27 3899
96 28 3724
96 29 3724
96 30 3640
96 31 3673
96 32 3423
96 33 3764
96 34 0
96 35 0
96 36 0
96 37 0
96 38 0
96 39 0
96 40 0
96 41 0
96 42 -1

97 0 0
97 1 0
97 2 0
97 3 0
97 4 0
97 5 0
97 6 0
97 7 0
97 8 0
97 9 0
97 10 0
97 11 0
97 12 3939
97 13 3781
97 14 3952
97 15 3876
97 16 3905
97 17 3879
97 18 3709
97 19 3896
97 20 3941
97 21 3863
97 22 3811
97 23 3893
97 24 4027
97 25 3974
97 26 4091
97 27 3942
97 28 4015
97 29 3807
97 30 3880
97 31 3882
97 32 3407
97 33 3333
97 34 0
97 35 0
97 36 0
97 37 0
97 38 0
97 39 0
97 40 0
97 41 0
97 42 -1

98 0 0
98 1 0
98 2 0
98 3 0
98 4 0
98 5 0
98 6 0
98 7 0
98 8 0
98 9 0
98 10 0
98 11 0
98 12 0
98 13 3932
98 14 3941
98 15 3886
98 16 3936
98 17 3824
98 18 3676
98 19 3792
98 20 3899
98 21 3832
98 22 3798
98 23 3781
98 24 4057
98 25 3938
98 26 4003
98 27 3840
98 28 3810
98 29 3771
98 30 3930
98 31 3941
98 32 3754
98 33 3633
98 34 0
98 35 0
98 36 0
98 37 0
98 38 0
98 39 0
98 40 0
98 41 0
98 42 -1

99 0 0
99 1 0
99 2 0
99 3 0
99 4 0
99 5 0
99 6 0
99 7 0
99 8 0
99 9 0
99 10 0
99 11 0
99 12 0
99 13 0
99 14 3988
99 15 3854
99 16 3878
99 17 3926
99 18 3751
99 19 3601
99 20 3889
99 21 3922
99 22 3833
99 23 3914
99 24 3877
99 25 3989
99 26 3942
99 27 3949
99 28 3799
99 29 3781
99 30 3773
99 31 3955
99 32 3967
99 33 3655
99 34 4377
99 35 0
99 36 0
99 37 0
99 38 0
99 39 0
99 40 0
99 41 0
99 42 -1

100 0 0
100 1 0
100 2 0
100 3 0
100 4 0
100 5 0
100 6 0
100 7 0
100 8 0
100 9 0
100 10 0
100 11 0
100 12 0
100 13 0
100 14 0
100 15 4086
100 16 3920
100 17 3823
100 18 3968
100 19 3771
100 20 3718
100 21 3782
100 22 3834
100 23 3799
100 24 3867
100 25 3822
100 26 3842
100 27 3887
100 28 3962
100 29 3859
100 30 3782
100 31 3664
100 32 3900
100 33 3995
100 34 4819
100 35 0
100 36 0
100 37 0
100 38 0
100 39 0
100 40 0
100 41 0
100 42 -1

101 0 0
101 1 0
101 2 0
101 3 0
101 4 0
101 5 0
101 6 0
101 7 0
101 8 0
101 9 0
101 10 0
101 11 0
101 12 0
101 13 0
101 14 0
101 15 0
101 16 3921
101 17 3879
101 18 3953
101 19 3833
101 20 3749
101 21 3756
101 22 3788
101 23 3804
101 24 3864
101 25 3860
101 26 3916
101 27 4148
101 28 4022
101 29 4097
101 30 3911
101 31 3804
101 32 3784
101 33 3844
101 34 4186
101 35 0
101 36 0
101 37 0
101 38 0
101 39 0
101 40 0
101 41 0
101 42 -1

102 0 0
102 1 0
102 2 0
102 3 0
102 4 0
102 5 0
102 6 0
102 7 0
102 8 0
102 9 0
102 10 0
102 11 0
102 12 0
102 13 0
102 14 0
102 15 0
102 16 0
102 17 3708
102 18 3849
102 19 3961
102 20 3691
102 21 3758
102 22 3836
102 23 3839
102 24 3792
102 25 3847
102 26 3952
102 27 3843
102 28 3953
102 29 4076
102 30 4011
102 31 3977
102 32 3925
102 33 3905
102 34 3796
102 35 3833
102 36 0
102 37 0
102 38 0
102 39 0
102 40 0
102 41 0
102 42 -1

103 0 0
103 1 0
103 2 0
103 3 0
103 4 0
103 5 0
103 6 0
103 7 0
103 8 0
103 9 0
103 10 0
103 11 0
103 12 0
103 13 0
103 14 0
103 15 0
103 16 0
103 17 0
103 18 3934
103 19 3868
103 20 3872
103 21 3775
103 22 3741
103 23 3757
103 24 3869
103 25 3929
103 26 3895
103 27 3905
103 28 3856
103 29 4095
103 30 3828
103 31 3819
103 32 4028
103 33 4031
103 34 3641
103 35 3502
103 36 0
103 37 0
103 38 0
103 39 0
103 40 0
103 41 0
103 42 -1

104 0 0
104 1 0
104 2 0
104 3 0
104 4 0
104 5 0
104 6 0
104 7 0
104 8 0
104 9 0
104 10 0
104 11 0
104 12 0
104 13 0
104 14 0
104 15 0
104 16 0
104 17 0
104 18 0
104 19 3946
104 20 3873
104 21 3815
104 22 3970
104 23 3911
104 24 3752
104 25 3751
104 26 3887
104 27 3914
104 28 3800
104 29 3947
104 30 3953
104 31 3777
104 32 4185
104 33 4113
104 34 4087
104 35 3410
104 36 0
104 37 0
104 38 0
104 39 0
104 40 0
104 41 0
104 42 -1

105 0 0
105 1 0
105 2 0
105 3 0
105 4 0
105 5 0
105 6 0
105 7 0
105 8 0
105 9 0
105 10 0
105 11 0
105 12 0
105 13 0
105 14 0
105 15 0
105 16 0
105 17 0
105 18 0
105 19 0
105 20 4042
105 21 3771
105 22 3854
105 23 3808
105 24 3825
105 25 3711
105 26 3778
105 27 3759
105 28 3920
105 29 3906
105 30 3776
105 31 3887
105 32 3776
105 33 4040
105 34 4259
105 35 4010
105 36 0
105 37 0
105 38 0
105 39 0
105 40 0
105 41 0
105 42 -1

106 0 0
106 1 0
106 2 0
106 3 0
106 4 0
106 5 0
106 6 0
106 7 0
106 8 0
106 9 0
106 10 0
106 11 0
106 12 0
106 13 0
106 14 0
106 15 0
106 16 0
106 17 0
106 18 0
106 19 0
106 20 0
106 21 3858
106 22 3879
106 23 3732
106 24 3784
106 25 3903
106 26 3945
106 27 3737
106 28 3678
106 29 3851
106 30 3840
106 31 3785
106 32 3991
106 33 4062
106 34 3973
106 35 3983
106 36 3223
106 37 0
106 38 0
106 39 0
106 40 0
106 41 0
106 42 -1

107 0 0
107 1 0
107 2 0
107 3 0
107 4 0
107 5 0
107 6 0
107 7 0
107 8 0
107 9 0
107 10 0
107 11 0
107 12 0
107 13 0
107 14 0
107 15 0
107 16 0
107 17 0
107 18 0
107 19 0
107 20 0
107 21 0
107 22 3844
107 23 3849
107 24 3883
107 25 3823
107 26 3841
107 27 3712
107 28 3877
107 29 3912
107 30 3716
107 31 3964
107 32 3963
107 33 3872
107 34 4178
107 35 4131
107 36 3556
107 37 0
107 38 0
107 39 0
107 40 0
107 41 0
107 42 -1

108 0 0
108 1 0
108 2 0
108 3 0
108 4 0
108 5 0
108 6 0
108 7 0
108 8 0
108 9 0
108 10 0
108 11 0
108 12 0
108 13 0
108 14 0
108 15 0
108 16 0
108 17 0
108 18 0
108 19 0
108 20 0
108 21 0
108 22 0
108 23 3686
108 24 3921
108 25 3687
108 26 3786
108 27 3828
108 28 3743
108 29 3835
108 30 3938
108 31 3733
108 32 3812
108 33 3833
108 34 4188
108 35 4033
108 36 3864
108 37 0
108 38 0
108 39 0
108 40 0
108 41 0
108 42 -1

109 0 0
109 1 0
109 2 0
109 3 0
109 4 0
109 5 0
109 6 0
109 7 0
109 8 0
109 9 0
109 10 0
109 11 0
109 12 0
109 13 0
109 14 0
109 15 0
109 16 0
109 17 0
109 18 0
109 19 0
109 20 0
109 21 0
109 22 0
109 23 0
109 24 3883
109 25 3820
109 26 3812
109 27 3792
109 28 3884
109 29 3854
109 30 3809
109 31 3745
109 32 3782
109 33 3887
109 34 3899
109 35 4246
109 36 3869
109 37 0
109 38 0
109 39 0
109 40 0
109 41 0
109 42 -1

110 0 0
110 1 0
110 2 0
110 3 0
110 4 0
110 5 0
110 6 0
110 7 0
110 8 0
110 9 0
110 10 0
110 11 0
110 12 0
110 13 0
110 14 0
110 15 0
110 16 0
110 17 0
110 18 0
110 19 0
110 20 0
110 21 0
110 22 0
110 23 0
110 24 0
110 25 3871
110 26 3821
110 27 3933
110 28 3831
110 29 3738
110 30 3762
110 31 3873
110 32 3848
110 33 3776
110 34 3601
110 35 3691
110 36 4208
110 37 4208
110 38 0
110 39 0
110 40 0
110 41 0
110 42 -1

111 0 0
111 1 0
111 2 0
111 3 0
111 4 0
111 5 0
111 6 0
111 7 0
111 8 0
111 9 0
111 10 0
111 11 0
111 12 0
111 13 0
111 14 0
111 15 0
111 16 0
111 17 0
111 18 0
111 19 0
111 20 0
111 21 0
111 22 0
111 23 0
111 24 0
111 25 0
111 26 3972
111 27 3824
111 28 3837
111 29 3818
111 30 3914
111 31 3854
111 32 3736
111 33 3770
111 34 3763
111 35 3655
111 36 3736
111 37 4215
111 38 0
111 39 0
111 40 0
111 41 0
111 42 -1

112 0 0
112 1 0
112 2 0
112 3 0
112 4 0
112 5 0
112 6 0
112 7 0
112 8 0
112 9 0
112 10 0
112 11 0
112 12 0
112 13 0
112 14 0
112 15 0
112 16 0
112 17 0
112 18 0
112 19 0
112 20 0
112 21 0
112 22 0
112 23 0
112 24 0
112 25 0
112 26 0
112 27 3906
112 28 3751
112 29 3784
112 30 3746
112 31 3843
112 32 3783
112 33 3985
112 34 3912
112 35 3786
112 36 3697
112 37 3978
112 38 0
112 39 0
112 40 0
112 41 0
112 42 -1

113 0 0
113 1 0
113 2 0
113 3 0
113 4 0
113 5 0
113 6 0
113 7 0
113 8 0
113 9 0
113 10 0
113 11 0
113 12 0
113 13 0
113 14 0
113 15 0
113 16 0
113 17 0
113 18 0
113 19 0
113 20 0
113 21 0
113 22 0
113 23 0
113 24 0
113 25 0
113 26 0
113 27 0
113 28 3945
113 29 3824
113 30 3888
113 31 3965
113 32 3909
113 33 3952
113 34 3719
113 35 3908
113 36 3651
113 37 3594
113 38 0
113 39 0
113 40 0
113 41 0
113 42 -1

114 0 0
114 1 0
114 2 0
114 3 0
114 4 0
114 5 0
114 6 0
114 7 0
114 8 0
114 9 0
114 10 0
114 11 0
114 12 0
114 13 0
114 14 0
114 15 0
114 16 0
114 17 0
114 18 0
114 19 0
114 20 0
114 21 0
114 22 0
114 23 0
114 24 0
114 25 0
114 26 0
114 27 0
114 28 0
114 29 3920
114 30 3893
114 31 3829
114 32 3900
114 33 3929
114 34 4102
114 35 3798
114 36 3914
114 37 3689
114 38 3300
114 39 0
114 40 0
114 41 0
114 42 -1

115 0 0
115 1 0
115 2 0
115 3 0
115 4 0
115 5 0
115 6 0
115 7 0
115 8 0
115 9 0
115 10 0
115 11 0
115 12 0
115 13 0
115 14 0
115 15 0
115 16 0
115 17 0
115 18 0
115 19 0
115 20 0
115 21 0
115 22 0
115 23 0
115 24 0
115 25 0
115 26 0
115 27 0
115 28 0
115 29 0
115 30 3861
115 31 3918
115 32 3927
115 33 4088
115 34 4063
115 35 4067
115 36 3911
115 37 3855
115 38 3558
115 39 0
115 40 0
115 41 0
115 42 -1

116 0 0
116 1 0
116 2 0
116 3 0
116 4 0
116 5 0
116 6 0
116 7 0
116 8 0
116 9 0
116 10 0
116 11 0
116 12 0
116 13 0
116 14 0
116 15 0
116 16 0
116 17 0
116 18 0
116 19 0
116 20 0
116 21 0
116 22 0
116 23 0
116 24 0
116 25 0
116 26 0
116 27 0
116 28 0
116 29 0
116 30 0
116 31 3776
116 32 3984
116 33 3868
116 34 3936
116 35 3961
116 36 4031
116 37 3892
116 38 3802
116 39 0
116 40 0
116 41 0
116 42 -1

117 0 0
117 1 0
117 2 0
117 3 0
117 4 0
117 5 0
117 6 0
117 7 0
117 8 0
117 9 0
117 10 0
117 11 0
117 12 0
117 13 0
117 14 0
117 15 0
117 16 0
117 17 0
117 18 0
117 19 0
117 20 0
117 21 0
117 22 0
117 23 0
117 24 0
117 25 0
117 26 0
117 27 0
117 28 0
117 29 0
117 30 0
117 31 0
117 32 3945
117 33 3992
117 34 3949
117 35 4051
117 36 4045
117 37 4205
117 38 3844
117 39 0
117 40 0
117 41 0
117 42 -1

118 0 0
118 1 0
118 2 0
118 3 0
118 4 0
118 5 0
118 6 0
118 7 0
118 8 0
118 9 0
118 10 0
118 11 0
118 12 0
118 13 0
118 14 0
118 15 0
118 16 0
118 17 0
118 18 0
118 19 0
118 20 0
118 21 0
118 22 0
118 23 0
118 24 0
118 25 0
118 26 0
118 27 0
118 28 0
118 29 0
118 30 0
118 31 0
118 32 0
118 33 3954
118 34 4056
118 35 3999
118 36 4128
118 37 4011
118 38 4150
118 39 4297
118 40 0
118 41 0
118 42 -1

119 0 0
119 1 0
119 2 0
119 3 0
119 4 0
119 5 0
119 6 0
119 7 0
119 8 0
119 9 0
119 10 0
119 11 0
119 12 0
119 13 0
119 14 0
119 15 0
119 16 0
119 17 0
119 18 0
119 19 0
119 20 0
119 21 0
119 22 0
119 23 0
119 24 0
119 25 0
119 26 0
119 27 0
119 28 0
119 29 0
119 30 0
119 31 0
119 32 0
119 33 0
119 34 3922
119 35 3838
119 36 4111
119 37 3999
119 38 3891
119 39 3799
119 40 0
119 41 0
119 42 -1

120 0 0
120 1 0
120 2 0
120 3 0
120 4 0
120 5 0
120 6 0
120 7 0
120 8 0
120 9 0
120 10 0
120 11 0
120 12 0
120 13 0
120 14 0
120 15 0
120 16 0
120 17 0
120 18 0
120 19 0
120 20 0
120 21 0
120 22 0
120 23 0
120 24 0
120 25 0
120 26 0
120 27 0
120 28 0
120 29 0
120 30 0
120 31 0
120 32 0
120 33 0
120 34 0
120 35 3920
120 36 3809
120 37 4091
120 38 3815
120 39 3739
120 40 0
120 41 0
120 42 -1

121 0 0
121 1 0
121 2 0
121 3 0
121 4 0
121 5 0
121 6 0
121 7 0
121 8 0
121 9 0
121 10 0
121 11 0
121 12 0
121 13 0
121 14 0
121 15 0
121 16 0
121 17 0
121 18 0
121 19 0
121 20 0
121 21 0
121 22 0
121 23 0
121 24 0
121 25 0
121 26 0
121 27 0
121 28 0
121 29 0
121 30 0
121 31 0
121 32 0
121 33 0
121 34 0
121 35 0
121 36 3917
121 37 3866
121 38 4246
121 39 3865
121 40 0
121 41 0
121 42 -1

122 0 0
122 1 0
122 2 0
122 3 0
122 4 0
122 5 0
122 6 0
122 7 0
122 8 0
122 9 0
122 10 0
122 11 0
122 12 0
122 13 0
122 14 0
122 15 0
122 16 0
122 17 0
122 18 0
122 19 0
122 20 0
122 21 0
122 22 0
122 23 0
122 24 0
122 25 0
122 26 0
122 27 0
122 28 0
122 29 0
122 30 0
122 31 0
122 32 0
122 33 0
122 34 0
122 35 0
122 36 0
122 37 3877
122 38 3891
122 39 4218
122 40 3745
122 41 0
122 42 -1

123 0 0
123 1 0
123 2 0
123 3 0
123 4 0
123 5 0
123 6 0
123 7 0
123 8 0
123 9 0
123 10 0
123 11 0
123 12 0
123 13 0
123 14 0
123 15 0
123 16 0
123 17 0
123 18 0
123 19 0
123 20 0
123 21 0
123 22 0
123 23 0
123 24 0
123 25 0
123 26 0
123 27 0
123 28 0
123 29 0
123 30 0
123 31 0
123 32 0
123 33 0
123 34 0
123 35 0
123 36 0
123 37 0
123 38 3922
123 39 3930
123 40 4169
123 41 0
123 42 -1

124 0 0
124 1 0
124 2 0
124 3 0
124 4 0
124 5 0
124 6 0
124 7 0
124 8 0
124 9 0
124 10 0
124 11 0
124 12 0
124 13 0
124 14 0
124 15 0
124 16 0
124 17 0
124 18 0
124 19 0
124 20 0
124 21 0
124 22 0
124 23 0
124 24 0
124 25 0
124 26 0
124 27 0
124 28 0
124 29 0
124 30 0
124 31 0
124 32 0
124 33 0
124 34 0
124 35 0
124 36 0
124 37 0
124 38 0
124 39 3797
124 40 3965
124 41 0
124 42 -1

125 0 0
125 1 0
125 2 0
125 3 0
125 4 0
125 5 0
125 6 0
125 7 0
125 8 0
125 9 0
125 10 0
125 11 0
125 12 0
125 13 0
125 14 0
125 15 0
125 16 0
125 17 0
125 18 0
125 19 0
125 20 0
125 21 0
125 22 0
125 23 0
125 24 0
125 25 0
125 26 0
125 27 0
125 28 0
125 29 0
125 30 0
125 31 0
125 32 0
125 33 0
125 34 0
125 35 0
125 36 0
125 37 0
125 38 0
125 39 0
125 40 3794
125 41 0
125 42 -1

126 0 0
126 1 0
126 2 0
126 3 0
126 4 0
126 5 0
126 6 0
126 7 0
126 8 0
126 9 0
126 10 0
126 11 0
126 12 0
126 13 0
126 14 0
126 15 0
126 16 0
126 17 0
126 18 0
126 19 0
126 20 0
126 21 0
126 22 0
126 23 0
126 24 0
126 25 0
126 26 0
126 27 0
126 28 0
126 29 0
126 30 0
126 31 0
126 32 0
126 33 0
126 34 0
126 35 0
126 36 0
126 37 0
126 38 0
126 39 0
126 40 0
126 41 3784
126 42 -1

