0 0 -1
0 1 -1
0 2 -1
0 3 -1
0 4 -1
0 5 -1
0 6 -1
0 7 -1
0 8 -1
0 9 -1
0 10 -1
0 11 -1
0 12 -1
0 13 -1
0 14 -1
0 15 -1
0 16 -1
0 17 -1
0 18 -1
0 19 -1
0 20 -1
0 21 -1
0 22 -1
0 23 -1
0 24 -1
0 25 -1
0 26 -1
0 27 -1
0 28 -1
0 29 -1
0 30 -1
0 31 -1
0 32 -1
0 33 -1
0 34 -1
0 35 -1
0 36 -1
0 37 -1
0 38 -1
0 39 -1
0 40 -1
0 41 -1
0 42 -1

1 0 4.47782
1 1 -1
1 2 -1
1 3 -1
1 4 -1
1 5 -1
1 6 -1
1 7 -1
1 8 -1
1 9 -1
1 10 -1
1 11 -1
1 12 -1
1 13 -1
1 14 -1
1 15 -1
1 16 -1
1 17 -1
1 18 -1
1 19 -1
1 20 -1
1 21 -1
1 22 -1
1 23 -1
1 24 -1
1 25 -1
1 26 -1
1 27 -1
1 28 -1
1 29 -1
1 30 -1
1 31 -1
1 32 -1
1 33 -1
1 34 -1
1 35 -1
1 36 -1
1 37 -1
1 38 -1
1 39 -1
1 40 -1
1 41 -1
1 42 -1

2 0 6.20136
2 1 -1
2 2 -1
2 3 -1
2 4 -1
2 5 -1
2 6 -1
2 7 -1
2 8 -1
2 9 -1
2 10 -1
2 11 -1
2 12 -1
2 13 -1
2 14 -1
2 15 -1
2 16 -1
2 17 -1
2 18 -1
2 19 -1
2 20 -1
2 21 -1
2 22 -1
2 23 -1
2 24 -1
2 25 -1
2 26 -1
2 27 -1
2 28 -1
2 29 -1
2 30 -1
2 31 -1
2 32 -1
2 33 -1
2 34 -1
2 35 -1
2 36 -1
2 37 -1
2 38 -1
2 39 -1
2 40 -1
2 41 -1
2 42 -1

3 0 7.92913
3 1 -1
3 2 -1
3 3 -1
3 4 -1
3 5 -1
3 6 -1
3 7 -1
3 8 -1
3 9 -1
3 10 -1
3 11 -1
3 12 -1
3 13 -1
3 14 -1
3 15 -1
3 16 -1
3 17 -1
3 18 -1
3 19 -1
3 20 -1
3 21 -1
3 22 -1
3 23 -1
3 24 -1
3 25 -1
3 26 -1
3 27 -1
3 28 -1
3 29 -1
3 30 -1
3 31 -1
3 32 -1
3 33 -1
3 34 -1
3 35 -1
3 36 -1
3 37 -1
3 38 -1
3 39 -1
3 40 -1
3 41 -1
3 42 -1

4 0 9.59259
4 1 -1
4 2 -1
4 3 -1
4 4 -1
4 5 -1
4 6 -1
4 7 -1
4 8 -1
4 9 -1
4 10 -1
4 11 -1
4 12 -1
4 13 -1
4 14 -1
4 15 -1
4 16 -1
4 17 -1
4 18 -1
4 19 -1
4 20 -1
4 21 -1
4 22 -1
4 23 -1
4 24 -1
4 25 -1
4 26 -1
4 27 -1
4 28 -1
4 29 -1
4 30 -1
4 31 -1
4 32 -1
4 33 -1
4 34 -1
4 35 -1
4 36 -1
4 37 -1
4 38 -1
4 39 -1
4 40 -1
4 41 -1
4 42 -1

5 0 11.2603
5 1 -1
5 2 -1
5 3 -1
5 4 -1
5 5 -1
5 6 -1
5 7 -1
5 8 -1
5 9 -1
5 10 -1
5 11 -1
5 12 -1
5 13 -1
5 14 -1
5 15 -1
5 16 -1
5 17 -1
5 18 -1
5 19 -1
5 20 -1
5 21 -1
5 22 -1
5 23 -1
5 24 -1
5 25 -1
5 26 -1
5 27 -1
5 28 -1
5 29 -1
5 30 -1
5 31 -1
5 32 -1
5 33 -1
5 34 -1
5 35 -1
5 36 -1
5 37 -1
5 38 -1
5 39 -1
5 40 -1
5 41 -1
5 42 -1

6 0 12.8204
6 1 9.40089
6 2 -1
6 3 -1
6 4 -1
6 5 -1
6 6 -1
6 7 -1
6 8 -1
6 9 -1
6 10 -1
6 11 -1
6 12 -1
6 13 -1
6 14 -1
6 15 -1
6 16 -1
6 17 -1
6 18 -1
6 19 -1
6 20 -1
6 21 -1
6 22 -1
6 23 -1
6 24 -1
6 25 -1
6 26 -1
6 27 -1
6 28 -1
6 29 -1
6 30 -1
6 31 -1
6 32 -1
6 33 -1
6 34 -1
6 35 -1
6 36 -1
6 37 -1
6 38 -1
6 39 -1
6 40 -1
6 41 -1
6 42 -1

7 0 14.4655
7 1 11.2216
7 2 -1
7 3 -1
7 4 -1
7 5 -1
7 6 -1
7 7 -1
7 8 -1
7 9 -1
7 10 -1
7 11 -1
7 12 -1
7 13 -1
7 14 -1
7 15 -1
7 16 -1
7 17 -1
7 18 -1
7 19 -1
7 20 -1
7 21 -1
7 22 -1
7 23 -1
7 24 -1
7 25 -1
7 26 -1
7 27 -1
7 28 -1
7 29 -1
7 30 -1
7 31 -1
7 32 -1
7 33 -1
7 34 -1
7 35 -1
7 36 -1
7 37 -1
7 38 -1
7 39 -1
7 40 -1
7 41 -1
7 42 -1

8 0 15.9621
8 1 12.9328
8 2 -1
8 3 -1
8 4 -1
8 5 -1
8 6 -1
8 7 -1
8 8 -1
8 9 -1
8 10 -1
8 11 -1
8 12 -1
8 13 -1
8 14 -1
8 15 -1
8 16 -1
8 17 -1
8 18 -1
8 19 -1
8 20 -1
8 21 -1
8 22 -1
8 23 -1
8 24 -1
8 25 -1
8 26 -1
8 27 -1
8 28 -1
8 29 -1
8 30 -1
8 31 -1
8 32 -1
8 33 -1
8 34 -1
8 35 -1
8 36 -1
8 37 -1
8 38 -1
8 39 -1
8 40 -1
8 41 -1
8 42 -1

9 0 17.3716
9 1 14.4763
9 2 -1
9 3 -1
9 4 -1
9 5 -1
9 6 -1
9 7 -1
9 8 -1
9 9 -1
9 10 -1
9 11 -1
9 12 -1
9 13 -1
9 14 -1
9 15 -1
9 16 -1
9 17 -1
9 18 -1
9 19 -1
9 20 -1
9 21 -1
9 22 -1
9 23 -1
9 24 -1
9 25 -1
9 26 -1
9 27 -1
9 28 -1
9 29 -1
9 30 -1
9 31 -1
9 32 -1
9 33 -1
9 34 -1
9 35 -1
9 36 -1
9 37 -1
9 38 -1
9 39 -1
9 40 -1
9 41 -1
9 42 -1

10 0 18.8921
10 1 16.0083
10 2 12.7881
10 3 -1
10 4 -1
10 5 -1
10 6 -1
10 7 -1
10 8 -1
10 9 -1
10 10 -1
10 11 -1
10 12 -1
10 13 -1
10 14 -1
10 15 -1
10 16 -1
10 17 -1
10 18 -1
10 19 -1
10 20 -1
10 21 -1
10 22 -1
10 23 -1
10 24 -1
10 25 -1
10 26 -1
10 27 -1
10 28 -1
10 29 -1
10 30 -1
10 31 -1
10 32 -1
10 33 -1
10 34 -1
10 35 -1
10 36 -1
10 37 -1
10 38 -1
10 39 -1
10 40 -1
10 41 -1
10 42 -1

11 0 20.3501
11 1 17.5179
11 2 14.4639
11 3 -1
11 4 -1
11 5 -1
11 6 -1
11 7 -1
11 8 -1
11 9 -1
11 10 -1
11 11 -1
11 12 -1
11 13 -1
11 14 -1
11 15 -1
11 16 -1
11 17 -1
11 18 -1
11 19 -1
11 20 -1
11 21 -1
11 22 -1
11 23 -1
11 24 -1
11 25 -1
11 26 -1
11 27 -1
11 28 -1
11 29 -1
11 30 -1
11 31 -1
11 32 -1
11 33 -1
11 34 -1
11 35 -1
11 36 -1
11 37 -1
11 38 -1
11 39 -1
11 40 -1
11 41 -1
11 42 -1

12 0 21.7807
12 1 19.0248
12 2 16.0984
12 3 13.0141
12 4 -1
12 5 -1
12 6 -1
12 7 -1
12 8 -1
12 9 -1
12 10 -1
12 11 -1
12 12 -1
12 13 -1
12 14 -1
12 15 -1
12 16 -1
12 17 -1
12 18 -1
12 19 -1
12 20 -1
12 21 -1
12 22 -1
12 23 -1
12 24 -1
12 25 -1
12 26 -1
12 27 -1
12 28 -1
12 29 -1
12 30 -1
12 31 -1
12 32 -1
12 33 -1
12 34 -1
12 35 -1
12 36 -1
12 37 -1
12 38 -1
12 39 -1
12 40 -1
12 41 -1
12 42 -1

13 0 23.0619
13 1 20.3503
13 2 17.4546
13 3 14.7099
13 4 -1
13 5 -1
13 6 -1
13 7 -1
13 8 -1
13 9 -1
13 10 -1
13 11 -1
13 12 -1
13 13 -1
13 14 -1
13 15 -1
13 16 -1
13 17 -1
13 18 -1
13 19 -1
13 20 -1
13 21 -1
13 22 -1
13 23 -1
13 24 -1
13 25 -1
13 26 -1
13 27 -1
13 28 -1
13 29 -1
13 30 -1
13 31 -1
13 32 -1
13 33 -1
13 34 -1
13 35 -1
13 36 -1
13 37 -1
13 38 -1
13 39 -1
13 40 -1
13 41 -1
13 42 -1

14 0 24.4355
14 1 21.758
14 2 18.9693
14 3 16.2822
14 4 -1
14 5 -1
14 6 -1
14 7 -1
14 8 -1
14 9 -1
14 10 -1
14 11 -1
14 12 -1
14 13 -1
14 14 -1
14 15 -1
14 16 -1
14 17 -1
14 18 -1
14 19 -1
14 20 -1
14 21 -1
14 22 -1
14 23 -1
14 24 -1
14 25 -1
14 26 -1
14 27 -1
14 28 -1
14 29 -1
14 30 -1
14 31 -1
14 32 -1
14 33 -1
14 34 -1
14 35 -1
14 36 -1
14 37 -1
14 38 -1
14 39 -1
14 40 -1
14 41 -1
14 42 -1

15 0 25.7883
15 1 23.0597
15 2 20.3902
15 3 17.5806
15 4 -1
15 5 -1
15 6 -1
15 7 -1
15 8 -1
15 9 -1
15 10 -1
15 11 -1
15 12 -1
15 13 -1
15 14 -1
15 15 -1
15 16 -1
15 17 -1
15 18 -1
15 19 -1
15 20 -1
15 21 -1
15 22 -1
15 23 -1
15 24 -1
15 25 -1
15 26 -1
15 27 -1
15 28 -1
15 29 -1
15 30 -1
15 31 -1
15 32 -1
15 33 -1
15 34 -1
15 35 -1
15 36 -1
15 37 -1
15 38 -1
15 39 -1
15 40 -1
15 41 -1
15 42 -1

16 0 27.0426
16 1 24.4195
16 2 21.7224
16 3 18.9284
16 4 15.9721
16 5 -1
16 6 -1
16 7 -1
16 8 -1
16 9 -1
16 10 -1
16 11 -1
16 12 -1
16 13 -1
16 14 -1
16 15 -1
16 16 -1
16 17 -1
16 18 -1
16 19 -1
16 20 -1
16 21 -1
16 22 -1
16 23 -1
16 24 -1
16 25 -1
16 26 -1
16 27 -1
16 28 -1
16 29 -1
16 30 -1
16 31 -1
16 32 -1
16 33 -1
16 34 -1
16 35 -1
16 36 -1
16 37 -1
16 38 -1
16 39 -1
16 40 -1
16 41 -1
16 42 -1

17 0 28.2863
17 1 25.6852
17 2 23.0473
17 3 20.2828
17 4 17.5007
17 5 -1
17 6 -1
17 7 -1
17 8 -1
17 9 -1
17 10 -1
17 11 -1
17 12 -1
17 13 -1
17 14 -1
17 15 -1
17 16 -1
17 17 -1
17 18 -1
17 19 -1
17 20 -1
17 21 -1
17 22 -1
17 23 -1
17 24 -1
17 25 -1
17 26 -1
17 27 -1
17 28 -1
17 29 -1
17 30 -1
17 31 -1
17 32 -1
17 33 -1
17 34 -1
17 35 -1
17 36 -1
17 37 -1
17 38 -1
17 39 -1
17 40 -1
17 41 -1
17 42 -1

18 0 29.4067
18 1 26.9561
18 2 24.3157
18 3 21.5948
18 4 18.9026
18 5 16.6438
18 6 -1
18 7 -1
18 8 -1
18 9 -1
18 10 -1
18 11 -1
18 12 -1
18 13 -1
18 14 -1
18 15 -1
18 16 -1
18 17 -1
18 18 -1
18 19 -1
18 20 -1
18 21 -1
18 22 -1
18 23 -1
18 24 -1
18 25 -1
18 26 -1
18 27 -1
18 28 -1
18 29 -1
18 30 -1
18 31 -1
18 32 -1
18 33 -1
18 34 -1
18 35 -1
18 36 -1
18 37 -1
18 38 -1
18 39 -1
18 40 -1
18 41 -1
18 42 -1

19 0 30.6655
19 1 28.1825
19 2 25.687
19 3 22.922
19 4 20.2564
19 5 17.8862
19 6 -1
19 7 -1
19 8 -1
19 9 -1
19 10 -1
19 11 -1
19 12 -1
19 13 -1
19 14 -1
19 15 -1
19 16 -1
19 17 -1
19 18 -1
19 19 -1
19 20 -1
19 21 -1
19 22 -1
19 23 -1
19 24 -1
19 25 -1
19 26 -1
19 27 -1
19 28 -1
19 29 -1
19 30 -1
19 31 -1
19 32 -1
19 33 -1
19 34 -1
19 35 -1
19 36 -1
19 37 -1
19 38 -1
19 39 -1
19 40 -1
19 41 -1
19 42 -1

20 0 31.8545
20 1 29.3992
20 2 26.8553
20 3 24.2042
20 4 21.5713
20 5 19.0486
20 6 -1
20 7 -1
20 8 -1
20 9 -1
20 10 -1
20 11 -1
20 12 -1
20 13 -1
20 14 -1
20 15 -1
20 16 -1
20 17 -1
20 18 -1
20 19 -1
20 20 -1
20 21 -1
20 22 -1
20 23 -1
20 24 -1
20 25 -1
20 26 -1
20 27 -1
20 28 -1
20 29 -1
20 30 -1
20 31 -1
20 32 -1
20 33 -1
20 34 -1
20 35 -1
20 36 -1
20 37 -1
20 38 -1
20 39 -1
20 40 -1
20 41 -1
20 42 -1

21 0 33.0191
21 1 30.522
21 2 28.106
21 3 25.5152
21 4 22.8074
21 5 20.21
21 6 -1
21 7 -1
21 8 -1
21 9 -1
21 10 -1
21 11 -1
21 12 -1
21 13 -1
21 14 -1
21 15 -1
21 16 -1
21 17 -1
21 18 -1
21 19 -1
21 20 -1
21 21 -1
21 22 -1
21 23 -1
21 24 -1
21 25 -1
21 26 -1
21 27 -1
21 28 -1
21 29 -1
21 30 -1
21 31 -1
21 32 -1
21 33 -1
21 34 -1
21 35 -1
21 36 -1
21 37 -1
21 38 -1
21 39 -1
21 40 -1
21 41 -1
21 42 -1

22 0 34.0358
22 1 31.7912
22 2 29.2419
22 3 26.7298
22 4 24.0921
22 5 21.4527
22 6 18.7805
22 7 -1
22 8 -1
22 9 -1
22 10 -1
22 11 -1
22 12 -1
22 13 -1
22 14 -1
22 15 -1
22 16 -1
22 17 -1
22 18 -1
22 19 -1
22 20 -1
22 21 -1
22 22 -1
22 23 -1
22 24 -1
22 25 -1
22 26 -1
22 27 -1
22 28 -1
22 29 -1
22 30 -1
22 31 -1
22 32 -1
22 33 -1
22 34 -1
22 35 -1
22 36 -1
22 37 -1
22 38 -1
22 39 -1
22 40 -1
22 41 -1
22 42 -1

23 0 35.094
23 1 32.7766
23 2 30.4811
23 3 27.8355
23 4 25.3578
23 5 22.7354
23 6 20.1158
23 7 -1
23 8 -1
23 9 -1
23 10 -1
23 11 -1
23 12 -1
23 13 -1
23 14 -1
23 15 -1
23 16 -1
23 17 -1
23 18 -1
23 19 -1
23 20 -1
23 21 -1
23 22 -1
23 23 -1
23 24 -1
23 25 -1
23 26 -1
23 27 -1
23 28 -1
23 29 -1
23 30 -1
23 31 -1
23 32 -1
23 33 -1
23 34 -1
23 35 -1
23 36 -1
23 37 -1
23 38 -1
23 39 -1
23 40 -1
23 41 -1
23 42 -1

24 0 36.2345
24 1 33.9054
24 2 31.6318
24 3 29.0387
24 4 26.5225
24 5 24.0481
24 6 21.4475
24 7 19.1078
24 8 -1
24 9 -1
24 10 -1
24 11 -1
24 12 -1
24 13 -1
24 14 -1
24 15 -1
24 16 -1
24 17 -1
24 18 -1
24 19 -1
24 20 -1
24 21 -1
24 22 -1
24 23 -1
24 24 -1
24 25 -1
24 26 -1
24 27 -1
24 28 -1
24 29 -1
24 30 -1
24 31 -1
24 32 -1
24 33 -1
24 34 -1
24 35 -1
24 36 -1
24 37 -1
24 38 -1
24 39 -1
24 40 -1
24 41 -1
24 42 -1

25 0 37.1779
25 1 35.0026
25 2 32.682
25 3 30.2816
25 4 27.6556
25 5 25.2497
25 6 22.6264
25 7 20.3147
25 8 -1
25 9 -1
25 10 -1
25 11 -1
25 12 -1
25 13 -1
25 14 -1
25 15 -1
25 16 -1
25 17 -1
25 18 -1
25 19 -1
25 20 -1
25 21 -1
25 22 -1
25 23 -1
25 24 -1
25 25 -1
25 26 -1
25 27 -1
25 28 -1
25 29 -1
25 30 -1
25 31 -1
25 32 -1
25 33 -1
25 34 -1
25 35 -1
25 36 -1
25 37 -1
25 38 -1
25 39 -1
25 40 -1
25 41 -1
25 42 -1

26 0 38.1811
26 1 36.0125
26 2 33.7591
26 3 31.3609
26 4 28.9014
26 5 26.3647
26 6 23.8656
26 7 21.4285
26 8 -1
26 9 -1
26 10 -1
26 11 -1
26 12 -1
26 13 -1
26 14 -1
26 15 -1
26 16 -1
26 17 -1
26 18 -1
26 19 -1
26 20 -1
26 21 -1
26 22 -1
26 23 -1
26 24 -1
26 25 -1
26 26 -1
26 27 -1
26 28 -1
26 29 -1
26 30 -1
26 31 -1
26 32 -1
26 33 -1
26 34 -1
26 35 -1
26 36 -1
26 37 -1
26 38 -1
26 39 -1
26 40 -1
26 41 -1
26 42 -1

27 0 39.0928
27 1 36.989
27 2 34.7696
27 3 32.4074
27 4 30.0668
27 5 27.64
27 6 25.0527
27 7 22.5061
27 8 -1
27 9 -1
27 10 -1
27 11 -1
27 12 -1
27 13 -1
27 14 -1
27 15 -1
27 16 -1
27 17 -1
27 18 -1
27 19 -1
27 20 -1
27 21 -1
27 22 -1
27 23 -1
27 24 -1
27 25 -1
27 26 -1
27 27 -1
27 28 -1
27 29 -1
27 30 -1
27 31 -1
27 32 -1
27 33 -1
27 34 -1
27 35 -1
27 36 -1
27 37 -1
27 38 -1
27 39 -1
27 40 -1
27 41 -1
27 42 -1

28 0 40.0535
28 1 37.8842
28 2 35.7979
28 3 33.586
28 4 31.0385
28 5 28.7467
28 6 26.2728
28 7 23.6575
28 8 21.1744
28 9 -1
28 10 -1
28 11 -1
28 12 -1
28 13 -1
28 14 -1
28 15 -1
28 16 -1
28 17 -1
28 18 -1
28 19 -1
28 20 -1
28 21 -1
28 22 -1
28 23 -1
28 24 -1
28 25 -1
28 26 -1
28 27 -1
28 28 -1
28 29 -1
28 30 -1
28 31 -1
28 32 -1
28 33 -1
28 34 -1
28 35 -1
28 36 -1
28 37 -1
28 38 -1
28 39 -1
28 40 -1
28 41 -1
28 42 -1

29 0 40.9777
29 1 38.8644
29 2 36.8335
29 3 34.4672
29 4 32.2678
29 5 29.824
29 6 27.4112
29 7 24.8428
29 8 22.4267
29 9 -1
29 10 -1
29 11 -1
29 12 -1
29 13 -1
29 14 -1
29 15 -1
29 16 -1
29 17 -1
29 18 -1
29 19 -1
29 20 -1
29 21 -1
29 22 -1
29 23 -1
29 24 -1
29 25 -1
29 26 -1
29 27 -1
29 28 -1
29 29 -1
29 30 -1
29 31 -1
29 32 -1
29 33 -1
29 34 -1
29 35 -1
29 36 -1
29 37 -1
29 38 -1
29 39 -1
29 40 -1
29 41 -1
29 42 -1

30 0 41.78
30 1 39.809
30 2 37.6429
30 3 35.4665
30 4 33.1751
30 5 30.8042
30 6 28.4793
30 7 26.0241
30 8 23.6006
30 9 21.4792
30 10 -1
30 11 -1
30 12 -1
30 13 -1
30 14 -1
30 15 -1
30 16 -1
30 17 -1
30 18 -1
30 19 -1
30 20 -1
30 21 -1
30 22 -1
30 23 -1
30 24 -1
30 25 -1
30 26 -1
30 27 -1
30 28 -1
30 29 -1
30 30 -1
30 31 -1
30 32 -1
30 33 -1
30 34 -1
30 35 -1
30 36 -1
30 37 -1
30 38 -1
30 39 -1
30 40 -1
30 41 -1
30 42 -1

31 0 42.5955
31 1 40.6507
31 2 38.6791
31 3 36.5124
31 4 34.3488
31 5 31.8522
31 6 29.4719
31 7 27.0983
31 8 24.6753
31 9 22.4766
31 10 -1
31 11 -1
31 12 -1
31 13 -1
31 14 -1
31 15 -1
31 16 -1
31 17 -1
31 18 -1
31 19 -1
31 20 -1
31 21 -1
31 22 -1
31 23 -1
31 24 -1
31 25 -1
31 26 -1
31 27 -1
31 28 -1
31 29 -1
31 30 -1
31 31 -1
31 32 -1
31 33 -1
31 34 -1
31 35 -1
31 36 -1
31 37 -1
31 38 -1
31 39 -1
31 40 -1
31 41 -1
31 42 -1

32 0 43.4735
32 1 41.5081
32 2 39.481
32 3 37.3848
32 4 35.1523
32 5 32.9358
32 6 30.6473
32 7 28.1435
32 8 25.7715
32 9 23.4296
32 10 -1
32 11 -1
32 12 -1
32 13 -1
32 14 -1
32 15 -1
32 16 -1
32 17 -1
32 18 -1
32 19 -1
32 20 -1
32 21 -1
32 22 -1
32 23 -1
32 24 -1
32 25 -1
32 26 -1
32 27 -1
32 28 -1
32 29 -1
32 30 -1
32 31 -1
32 32 -1
32 33 -1
32 34 -1
32 35 -1
32 36 -1
32 37 -1
32 38 -1
32 39 -1
32 40 -1
32 41 -1
32 42 -1

33 0 44.3149
33 1 42.3268
33 2 40.3155
33 3 38.3061
33 4 36.0825
33 5 33.9249
33 6 31.5832
33 7 29.2094
33 8 26.7369
33 9 24.4091
33 10 21.93
33 11 -1
33 12 -1
33 13 -1
33 14 -1
33 15 -1
33 16 -1
33 17 -1
33 18 -1
33 19 -1
33 20 -1
33 21 -1
33 22 -1
33 23 -1
33 24 -1
33 25 -1
33 26 -1
33 27 -1
33 28 -1
33 29 -1
33 30 -1
33 31 -1
33 32 -1
33 33 -1
33 34 -1
33 35 -1
33 36 -1
33 37 -1
33 38 -1
33 39 -1
33 40 -1
33 41 -1
33 42 -1

34 0 44.9125
34 1 43.0698
34 2 41.2273
34 3 39.106
34 4 37.058
34 5 34.8491
34 6 32.6437
34 7 30.1825
34 8 27.7952
34 9 25.4194
34 10 22.8571
34 11 -1
34 12 -1
34 13 -1
34 14 -1
34 15 -1
34 16 -1
34 17 -1
34 18 -1
34 19 -1
34 20 -1
34 21 -1
34 22 -1
34 23 -1
34 24 -1
34 25 -1
34 26 -1
34 27 -1
34 28 -1
34 29 -1
34 30 -1
34 31 -1
34 32 -1
34 33 -1
34 34 -1
34 35 -1
34 36 -1
34 37 -1
34 38 -1
34 39 -1
34 40 -1
34 41 -1
34 42 -1

35 0 45.5999
35 1 43.8917
35 2 42.0333
35 3 40.0358
35 4 37.936
35 5 35.7697
35 6 33.5591
35 7 31.2069
35 8 28.8308
35 9 26.341
35 10 23.9233
35 11 21.5176
35 12 -1
35 13 -1
35 14 -1
35 15 -1
35 16 -1
35 17 -1
35 18 -1
35 19 -1
35 20 -1
35 21 -1
35 22 -1
35 23 -1
35 24 -1
35 25 -1
35 26 -1
35 27 -1
35 28 -1
35 29 -1
35 30 -1
35 31 -1
35 32 -1
35 33 -1
35 34 -1
35 35 -1
35 36 -1
35 37 -1
35 38 -1
35 39 -1
35 40 -1
35 41 -1
35 42 -1

36 0 46.2891
36 1 44.6025
36 2 42.7375
36 3 40.7516
36 4 38.7449
36 5 36.6902
36 6 34.4974
36 7 32.2433
36 8 30.002
36 9 27.4343
36 10 25.0445
36 11 22.3181
36 12 -1
36 13 -1
36 14 -1
36 15 -1
36 16 -1
36 17 -1
36 18 -1
36 19 -1
36 20 -1
36 21 -1
36 22 -1
36 23 -1
36 24 -1
36 25 -1
36 26 -1
36 27 -1
36 28 -1
36 29 -1
36 30 -1
36 31 -1
36 32 -1
36 33 -1
36 34 -1
36 35 -1
36 36 -1
36 37 -1
36 38 -1
36 39 -1
36 40 -1
36 41 -1
36 42 -1

37 0 46.9148
37 1 45.2107
37 2 43.4681
37 3 41.5973
37 4 39.5336
37 5 37.5787
37 6 35.4836
37 7 33.2952
37 8 30.861
37 9 28.5332
37 10 25.9406
37 11 23.2702
37 12 20
37 13 -1
37 14 -1
37 15 -1
37 16 -1
37 17 -1
37 18 -1
37 19 -1
37 20 -1
37 21 -1
37 22 -1
37 23 -1
37 24 -1
37 25 -1
37 26 -1
37 27 -1
37 28 -1
37 29 -1
37 30 -1
37 31 -1
37 32 -1
37 33 -1
37 34 -1
37 35 -1
37 36 -1
37 37 -1
37 38 -1
37 39 -1
37 40 -1
37 41 -1
37 42 -1

38 0 47.5432
38 1 45.8227
38 2 44.14
38 3 42.3078
38 4 40.3808
38 5 38.4685
38 6 36.3736
38 7 34.1687
38 8 31.7968
38 9 29.4991
38 10 27.0493
38 11 24.2972
38 12 20.8136
38 13 -1
38 14 -1
38 15 -1
38 16 -1
38 17 -1
38 18 -1
38 19 -1
38 20 -1
38 21 -1
38 22 -1
38 23 -1
38 24 -1
38 25 -1
38 26 -1
38 27 -1
38 28 -1
38 29 -1
38 30 -1
38 31 -1
38 32 -1
38 33 -1
38 34 -1
38 35 -1
38 36 -1
38 37 -1
38 38 -1
38 39 -1
38 40 -1
38 41 -1
38 42 -1

39 0 47.9963
39 1 46.4536
39 2 44.7464
39 3 42.9432
39 4 41.1168
39 5 39.1412
39 6 37.1684
39 7 35.009
39 8 32.8019
39 9 30.4785
39 10 27.9941
39 11 25.3051
39 12 22.2822
39 13 -1
39 14 -1
39 15 -1
39 16 -1
39 17 -1
39 18 -1
39 19 -1
39 20 -1
39 21 -1
39 22 -1
39 23 -1
39 24 -1
39 25 -1
39 26 -1
39 27 -1
39 28 -1
39 29 -1
39 30 -1
39 31 -1
39 32 -1
39 33 -1
39 34 -1
39 35 -1
39 36 -1
39 37 -1
39 38 -1
39 39 -1
39 40 -1
39 41 -1
39 42 -1

40 0 48.6198
40 1 47.038
40 2 45.3117
40 3 43.6511
40 4 41.7384
40 5 39.8881
40 6 38.019
40 7 35.8985
40 8 33.7628
40 9 31.339
40 10 29.0216
40 11 26.4479
40 12 23.594
40 13 -1
40 14 -1
40 15 -1
40 16 -1
40 17 -1
40 18 -1
40 19 -1
40 20 -1
40 21 -1
40 22 -1
40 23 -1
40 24 -1
40 25 -1
40 26 -1
40 27 -1
40 28 -1
40 29 -1
40 30 -1
40 31 -1
40 32 -1
40 33 -1
40 34 -1
40 35 -1
40 36 -1
40 37 -1
40 38 -1
40 39 -1
40 40 -1
40 41 -1
40 42 -1

41 0 49.2739
41 1 47.595
41 2 45.9848
41 3 44.2819
41 4 42.5619
41 5 40.677
41 6 38.7599
41 7 36.7195
41 8 34.5848
41 9 32.3364
41 10 30.0888
41 11 27.5004
41 12 24.805
41 13 21.8464
41 14 -1
41 15 -1
41 16 -1
41 17 -1
41 18 -1
41 19 -1
41 20 -1
41 21 -1
41 22 -1
41 23 -1
41 24 -1
41 25 -1
41 26 -1
41 27 -1
41 28 -1
41 29 -1
41 30 -1
41 31 -1
41 32 -1
41 33 -1
41 34 -1
41 35 -1
41 36 -1
41 37 -1
41 38 -1
41 39 -1
41 40 -1
41 41 -1
41 42 -1

42 0 49.6396
42 1 47.9898
42 2 46.5123
42 3 44.8718
42 4 43.1232
42 5 41.3704
42 6 39.4647
42 7 37.571
42 8 35.3948
42 9 33.2924
42 10 30.8879
42 11 28.4717
42 12 25.8898
42 13 23.0362
42 14 -1
42 15 -1
42 16 -1
42 17 -1
42 18 -1
42 19 -1
42 20 -1
42 21 -1
42 22 -1
42 23 -1
42 24 -1
42 25 -1
42 26 -1
42 27 -1
42 28 -1
42 29 -1
42 30 -1
42 31 -1
42 32 -1
42 33 -1
42 34 -1
42 35 -1
42 36 -1
42 37 -1
42 38 -1
42 39 -1
42 40 -1
42 41 -1
42 42 -1

43 0 50.0491
43 1 48.5852
43 2 47.0127
43 3 45.4087
43 4 43.6847
43 5 42.0077
43 6 40.2769
43 7 38.2471
43 8 36.3003
43 9 34.2099
43 10 31.8492
43 11 29.579
43 12 26.932
43 13 24.3564
43 14 21.595
43 15 -1
43 16 -1
43 17 -1
43 18 -1
43 19 -1
43 20 -1
43 21 -1
43 22 -1
43 23 -1
43 24 -1
43 25 -1
43 26 -1
43 27 -1
43 28 -1
43 29 -1
43 30 -1
43 31 -1
43 32 -1
43 33 -1
43 34 -1
43 35 -1
43 36 -1
43 37 -1
43 38 -1
43 39 -1
43 40 -1
43 41 -1
43 42 -1

44 0 50.5074
44 1 49.0738
44 2 47.5344
44 3 45.918
44 4 44.3283
44 5 42.5801
44 6 40.8738
44 7 39.1069
44 8 37.0983
44 9 34.9669
44 10 32.7156
44 11 30.4506
44 12 27.9835
44 13 25.4047
44 14 22.7795
44 15 -1
44 16 -1
44 17 -1
44 18 -1
44 19 -1
44 20 -1
44 21 -1
44 22 -1
44 23 -1
44 24 -1
44 25 -1
44 26 -1
44 27 -1
44 28 -1
44 29 -1
44 30 -1
44 31 -1
44 32 -1
44 33 -1
44 34 -1
44 35 -1
44 36 -1
44 37 -1
44 38 -1
44 39 -1
44 40 -1
44 41 -1
44 42 -1

45 0 50.849
45 1 49.4184
45 2 47.946
45 3 46.4807
45 4 44.8333
45 5 43.0954
45 6 41.4645
45 7 39.7146
45 8 37.7293
45 9 35.7272
45 10 33.6738
45 11 31.4534
45 12 29.0021
45 13 26.4423
45 14 23.8455
45 15 -1
45 16 -1
45 17 -1
45 18 -1
45 19 -1
45 20 -1
45 21 -1
45 22 -1
45 23 -1
45 24 -1
45 25 -1
45 26 -1
45 27 -1
45 28 -1
45 29 -1
45 30 -1
45 31 -1
45 32 -1
45 33 -1
45 34 -1
45 35 -1
45 36 -1
45 37 -1
45 38 -1
45 39 -1
45 40 -1
45 41 -1
45 42 -1

46 0 51.1982
46 1 49.8926
46 2 48.3823
46 3 46.9224
46 4 45.4258
46 5 43.8272
46 6 42.0753
46 7 40.3472
46 8 38.4751
46 9 36.5731
46 10 34.4356
46 11 32.3322
46 12 29.938
46 13 27.3647
46 14 24.7782
46 15 22.2256
46 16 -1
46 17 -1
46 18 -1
46 19 -1
46 20 -1
46 21 -1
46 22 -1
46 23 -1
46 24 -1
46 25 -1
46 26 -1
46 27 -1
46 28 -1
46 29 -1
46 30 -1
46 31 -1
46 32 -1
46 33 -1
46 34 -1
46 35 -1
46 36 -1
46 37 -1
46 38 -1
46 39 -1
46 40 -1
46 41 -1
46 42 -1

47 0 51.5483
47 1 50.1182
47 2 48.7937
47 3 47.2771
47 4 45.7948
47 5 44.2461
47 6 42.7481
47 7 40.941
47 8 39.177
47 9 37.2566
47 10 35.2436
47 11 33.1855
47 12 30.8639
47 13 28.4487
47 14 25.9295
47 15 23.1027
47 16 -1
47 17 -1
47 18 -1
47 19 -1
47 20 -1
47 21 -1
47 22 -1
47 23 -1
47 24 -1
47 25 -1
47 26 -1
47 27 -1
47 28 -1
47 29 -1
47 30 -1
47 31 -1
47 32 -1
47 33 -1
47 34 -1
47 35 -1
47 36 -1
47 37 -1
47 38 -1
47 39 -1
47 40 -1
47 41 -1
47 42 -1

48 0 51.9011
48 1 50.5733
48 2 49.1172
48 3 47.6893
48 4 46.2029
48 5 44.7717
48 6 43.1528
48 7 41.5341
48 8 39.7657
48 9 37.9802
48 10 36.0863
48 11 33.9666
48 12 31.7004
48 13 29.4071
48 14 26.888
48 15 24.1154
48 16 21
48 17 -1
48 18 -1
48 19 -1
48 20 -1
48 21 -1
48 22 -1
48 23 -1
48 24 -1
48 25 -1
48 26 -1
48 27 -1
48 28 -1
48 29 -1
48 30 -1
48 31 -1
48 32 -1
48 33 -1
48 34 -1
48 35 -1
48 36 -1
48 37 -1
48 38 -1
48 39 -1
48 40 -1
48 41 -1
48 42 -1

49 0 52.0724
49 1 50.831
49 2 49.4419
49 3 48.057
49 4 46.6706
49 5 45.1379
49 6 43.6933
49 7 42.0631
49 8 40.5137
49 9 38.5715
49 10 36.8024
49 11 34.7042
49 12 32.4932
49 13 30.3144
49 14 27.7477
49 15 25.2201
49 16 22.0694
49 17 -1
49 18 -1
49 19 -1
49 20 -1
49 21 -1
49 22 -1
49 23 -1
49 24 -1
49 25 -1
49 26 -1
49 27 -1
49 28 -1
49 29 -1
49 30 -1
49 31 -1
49 32 -1
49 33 -1
49 34 -1
49 35 -1
49 36 -1
49 37 -1
49 38 -1
49 39 -1
49 40 -1
49 41 -1
49 42 -1

50 0 52.3332
50 1 51.1145
50 2 49.7339
50 3 48.4844
50 4 46.9527
50 5 45.5192
50 6 44.1831
50 7 42.5714
50 8 40.9376
50 9 39.2771
50 10 37.414
50 11 35.4393
50 12 33.4406
50 13 31.2023
50 14 28.7724
50 15 26.1819
50 16 23.2971
50 17 -1
50 18 -1
50 19 -1
50 20 -1
50 21 -1
50 22 -1
50 23 -1
50 24 -1
50 25 -1
50 26 -1
50 27 -1
50 28 -1
50 29 -1
50 30 -1
50 31 -1
50 32 -1
50 33 -1
50 34 -1
50 35 -1
50 36 -1
50 37 -1
50 38 -1
50 39 -1
50 40 -1
50 41 -1
50 42 -1

51 0 52.5419
51 1 51.2221
51 2 50.0561
51 3 48.7137
51 4 47.3335
51 5 45.9172
51 6 44.4809
51 7 42.9678
51 8 41.483
51 9 39.8825
51 10 37.9681
51 11 36.2717
51 12 34.2198
51 13 32.1043
51 14 29.8156
51 15 27.184
51 16 24.4524
51 17 -1
51 18 -1
51 19 -1
51 20 -1
51 21 -1
51 22 -1
51 23 -1
51 24 -1
51 25 -1
51 26 -1
51 27 -1
51 28 -1
51 29 -1
51 30 -1
51 31 -1
51 32 -1
51 33 -1
51 34 -1
51 35 -1
51 36 -1
51 37 -1
51 38 -1
51 39 -1
51 40 -1
51 41 -1
51 42 -1

52 0 52.6608
52 1 51.3783
52 2 50.2361
52 3 48.9035
52 4 47.6445
52 5 46.2491
52 6 44.8231
52 7 43.4199
52 8 41.9484
52 9 40.3008
52 10 38.64
52 11 36.8371
52 12 34.9634
52 13 32.8561
52 14 30.6653
52 15 28.1737
52 16 25.4731
52 17 22.6804
52 18 -1
52 19 -1
52 20 -1
52 21 -1
52 22 -1
52 23 -1
52 24 -1
52 25 -1
52 26 -1
52 27 -1
52 28 -1
52 29 -1
52 30 -1
52 31 -1
52 32 -1
52 33 -1
52 34 -1
52 35 -1
52 36 -1
52 37 -1
52 38 -1
52 39 -1
52 40 -1
52 41 -1
52 42 -1

53 0 52.7823
53 1 51.6363
53 2 50.3734
53 3 49.1386
53 4 47.8405
53 5 46.5356
53 6 45.1381
53 7 43.8514
53 8 42.3386
53 9 40.7524
53 10 39.2053
53 11 37.4888
53 12 35.7055
53 13 33.6756
53 14 31.4646
53 15 29.1955
53 16 26.4316
53 17 23.5362
53 18 -1
53 19 -1
53 20 -1
53 21 -1
53 22 -1
53 23 -1
53 24 -1
53 25 -1
53 26 -1
53 27 -1
53 28 -1
53 29 -1
53 30 -1
53 31 -1
53 32 -1
53 33 -1
53 34 -1
53 35 -1
53 36 -1
53 37 -1
53 38 -1
53 39 -1
53 40 -1
53 41 -1
53 42 -1

54 0 52.9675
54 1 51.8549
54 2 50.5637
54 3 49.3002
54 4 48.0887
54 5 46.8891
54 6 45.5693
54 7 44.0647
54 8 42.8112
54 9 41.2034
54 10 39.6981
54 11 38.0556
54 12 36.2683
54 13 34.3313
54 14 32.3293
54 15 30.098
54 16 27.6726
54 17 24.6954
54 18 21.9468
54 19 -1
54 20 -1
54 21 -1
54 22 -1
54 23 -1
54 24 -1
54 25 -1
54 26 -1
54 27 -1
54 28 -1
54 29 -1
54 30 -1
54 31 -1
54 32 -1
54 33 -1
54 34 -1
54 35 -1
54 36 -1
54 37 -1
54 38 -1
54 39 -1
54 40 -1
54 41 -1
54 42 -1

55 0 52.997
55 1 51.8478
55 2 50.7319
55 3 49.5976
55 4 48.3741
55 5 47.0811
55 6 45.8489
55 7 44.5435
55 8 43.1353
55 9 41.6882
55 10 40.1567
55 11 38.5698
55 12 36.9157
55 13 34.9584
55 14 33.0297
55 15 30.8057
55 16 28.5796
55 17 25.7833
55 18 22.5104
55 19 -1
55 20 -1
55 21 -1
55 22 -1
55 23 -1
55 24 -1
55 25 -1
55 26 -1
55 27 -1
55 28 -1
55 29 -1
55 30 -1
55 31 -1
55 32 -1
55 33 -1
55 34 -1
55 35 -1
55 36 -1
55 37 -1
55 38 -1
55 39 -1
55 40 -1
55 41 -1
55 42 -1

56 0 53.1272
56 1 51.9315
56 2 50.8102
56 3 49.6241
56 4 48.5319
56 5 47.2754
56 6 46.0427
56 7 44.761
56 8 43.3974
56 9 42.0097
56 10 40.5808
56 11 39.1065
56 12 37.4339
56 13 35.7375
56 14 33.8448
56 15 31.7141
56 16 29.3964
56 17 26.9551
56 18 23.8663
56 19 -1
56 20 -1
56 21 -1
56 22 -1
56 23 -1
56 24 -1
56 25 -1
56 26 -1
56 27 -1
56 28 -1
56 29 -1
56 30 -1
56 31 -1
56 32 -1
56 33 -1
56 34 -1
56 35 -1
56 36 -1
56 37 -1
56 38 -1
56 39 -1
56 40 -1
56 41 -1
56 42 -1

57 0 53.0051
57 1 51.999
57 2 50.9351
57 3 49.8351
57 4 48.5777
57 5 47.3994
57 6 46.2586
57 7 44.8995
57 8 43.7076
57 9 42.27
57 10 40.9939
57 11 39.5263
57 12 37.8977
57 13 36.2801
57 14 34.4679
57 15 32.5288
57 16 30.3774
57 17 27.9729
57 18 25.2404
57 19 19.9486
57 20 -1
57 21 -1
57 22 -1
57 23 -1
57 24 -1
57 25 -1
57 26 -1
57 27 -1
57 28 -1
57 29 -1
57 30 -1
57 31 -1
57 32 -1
57 33 -1
57 34 -1
57 35 -1
57 36 -1
57 37 -1
57 38 -1
57 39 -1
57 40 -1
57 41 -1
57 42 -1

58 0 53.0763
58 1 52.0033
58 2 50.9081
58 3 49.8186
58 4 48.6669
58 5 47.6181
58 6 46.3714
58 7 45.147
58 8 43.9055
58 9 42.6014
58 10 41.2356
58 11 39.8232
58 12 38.385
58 13 36.6828
58 14 35.1489
58 15 33.2948
58 16 31.0679
58 17 28.9399
58 18 26.3972
58 19 23.2726
58 20 -1
58 21 -1
58 22 -1
58 23 -1
58 24 -1
58 25 -1
58 26 -1
58 27 -1
58 28 -1
58 29 -1
58 30 -1
58 31 -1
58 32 -1
58 33 -1
58 34 -1
58 35 -1
58 36 -1
58 37 -1
58 38 -1
58 39 -1
58 40 -1
58 41 -1
58 42 -1

59 0 52.9507
59 1 51.9704
59 2 50.9925
59 3 49.8434
59 4 48.7439
59 5 47.597
59 6 46.5964
59 7 45.3903
59 8 44.0721
59 9 42.8298
59 10 41.5281
59 11 40.2515
59 12 38.7326
59 13 37.1987
59 14 35.6688
59 15 33.8297
59 16 32.0135
59 17 29.8294
59 18 27.3426
59 19 24.7629
59 20 -1
59 21 -1
59 22 -1
59 23 -1
59 24 -1
59 25 -1
59 26 -1
59 27 -1
59 28 -1
59 29 -1
59 30 -1
59 31 -1
59 32 -1
59 33 -1
59 34 -1
59 35 -1
59 36 -1
59 37 -1
59 38 -1
59 39 -1
59 40 -1
59 41 -1
59 42 -1

60 0 52.9073
60 1 51.9458
60 2 50.9578
60 3 49.8324
60 4 48.8402
60 5 47.8044
60 6 46.6041
60 7 45.459
60 8 44.3522
60 9 43.0258
60 10 41.7846
60 11 40.4605
60 12 39.1053
60 13 37.7174
60 14 36.0432
60 15 34.4567
60 16 32.5677
60 17 30.6113
60 18 28.3229
60 19 25.7467
60 20 24.2449
60 21 -1
60 22 -1
60 23 -1
60 24 -1
60 25 -1
60 26 -1
60 27 -1
60 28 -1
60 29 -1
60 30 -1
60 31 -1
60 32 -1
60 33 -1
60 34 -1
60 35 -1
60 36 -1
60 37 -1
60 38 -1
60 39 -1
60 40 -1
60 41 -1
60 42 -1

61 0 52.8523
61 1 51.8694
61 2 50.834
61 3 49.7873
61 4 48.8653
61 5 47.7946
61 6 46.6451
61 7 45.5358
61 8 44.4087
61 9 43.1828
61 10 41.972
61 11 40.6939
61 12 39.3673
61 13 38.001
61 14 36.4646
61 15 34.9865
61 16 33.2634
61 17 31.3154
61 18 29.1144
61 19 26.7627
61 20 24.2258
61 21 -1
61 22 -1
61 23 -1
61 24 -1
61 25 -1
61 26 -1
61 27 -1
61 28 -1
61 29 -1
61 30 -1
61 31 -1
61 32 -1
61 33 -1
61 34 -1
61 35 -1
61 36 -1
61 37 -1
61 38 -1
61 39 -1
61 40 -1
61 41 -1
61 42 -1

62 0 52.7102
62 1 51.7863
62 2 50.8033
62 3 49.8837
62 4 48.8653
62 5 47.7631
62 6 46.7133
62 7 45.5982
62 8 44.5553
62 9 43.4093
62 10 42.2393
62 11 40.9556
62 12 39.7072
62 13 38.2904
62 14 36.888
62 15 35.3656
62 16 33.7922
62 17 32.0264
62 18 30.0744
62 19 27.7316
62 20 25.0586
62 21 -1
62 22 -1
62 23 -1
62 24 -1
62 25 -1
62 26 -1
62 27 -1
62 28 -1
62 29 -1
62 30 -1
62 31 -1
62 32 -1
62 33 -1
62 34 -1
62 35 -1
62 36 -1
62 37 -1
62 38 -1
62 39 -1
62 40 -1
62 41 -1
62 42 -1

63 0 52.513
63 1 51.6207
63 2 50.6663
63 3 49.8886
63 4 48.7862
63 5 47.7633
63 6 46.7414
63 7 45.7053
63 8 44.5897
63 9 43.454
63 10 42.2279
63 11 41.1525
63 12 39.8811
63 13 38.5384
63 14 37.1976
63 15 35.7518
63 16 34.2412
63 17 32.5863
63 18 30.8226
63 19 28.5851
63 20 26.118
63 21 23.0793
63 22 -1
63 23 -1
63 24 -1
63 25 -1
63 26 -1
63 27 -1
63 28 -1
63 29 -1
63 30 -1
63 31 -1
63 32 -1
63 33 -1
63 34 -1
63 35 -1
63 36 -1
63 37 -1
63 38 -1
63 39 -1
63 40 -1
63 41 -1
63 42 -1

64 0 52.3182
64 1 51.4818
64 2 50.5897
64 3 49.7269
64 4 48.7175
64 5 47.7474
64 6 46.7183
64 7 45.7237
64 8 44.6187
64 9 43.574
64 10 42.409
64 11 41.242
64 12 40.0345
64 13 38.8638
64 14 37.4856
64 15 36.0949
64 16 34.7403
64 17 33.0742
64 18 31.421
64 19 29.5805
64 20 27.1653
64 21 24.082
64 22 -1
64 23 -1
64 24 -1
64 25 -1
64 26 -1
64 27 -1
64 28 -1
64 29 -1
64 30 -1
64 31 -1
64 32 -1
64 33 -1
64 34 -1
64 35 -1
64 36 -1
64 37 -1
64 38 -1
64 39 -1
64 40 -1
64 41 -1
64 42 -1

65 0 52.079
65 1 51.2638
65 2 50.4472
65 3 49.4829
65 4 48.5957
65 5 47.6087
65 6 46.6985
65 7 45.7251
65 8 44.6115
65 9 43.5933
65 10 42.5104
65 11 41.3567
65 12 40.2144
65 13 38.9971
65 14 37.6976
65 15 36.3732
65 16 35.0579
65 17 33.5828
65 18 31.9211
65 19 30.1907
65 20 28.2098
65 21 25.4464
65 22 22
65 23 -1
65 24 -1
65 25 -1
65 26 -1
65 27 -1
65 28 -1
65 29 -1
65 30 -1
65 31 -1
65 32 -1
65 33 -1
65 34 -1
65 35 -1
65 36 -1
65 37 -1
65 38 -1
65 39 -1
65 40 -1
65 41 -1
65 42 -1

66 0 51.8928
66 1 51.1228
66 2 50.2552
66 3 49.374
66 4 48.4959
66 5 47.6265
66 6 46.6775
66 7 45.5959
66 8 44.6098
66 9 43.5436
66 10 42.5942
66 11 41.4436
66 12 40.3005
66 13 39.125
66 14 37.8882
66 15 36.6527
66 16 35.2706
66 17 33.9373
66 18 32.3574
66 19 30.8107
66 20 28.9631
66 21 26.7497
66 22 23.0258
66 23 -1
66 24 -1
66 25 -1
66 26 -1
66 27 -1
66 28 -1
66 29 -1
66 30 -1
66 31 -1
66 32 -1
66 33 -1
66 34 -1
66 35 -1
66 36 -1
66 37 -1
66 38 -1
66 39 -1
66 40 -1
66 41 -1
66 42 -1

67 0 51.5508
67 1 50.8151
67 2 50.0117
67 3 49.2167
67 4 48.3481
67 5 47.4499
67 6 46.5446
67 7 45.5596
67 8 44.5995
67 9 43.6046
67 10 42.5481
67 11 41.4473
67 12 40.4268
67 13 39.2041
67 14 38.0969
67 15 36.8197
67 16 35.5225
67 17 34.2991
67 18 32.7731
67 19 31.3356
67 20 29.6021
67 21 27.7704
67 22 25.108
67 23 -1
67 24 -1
67 25 -1
67 26 -1
67 27 -1
67 28 -1
67 29 -1
67 30 -1
67 31 -1
67 32 -1
67 33 -1
67 34 -1
67 35 -1
67 36 -1
67 37 -1
67 38 -1
67 39 -1
67 40 -1
67 41 -1
67 42 -1

68 0 51.3203
68 1 50.5466
68 2 49.7981
68 3 49.0109
68 4 48.1449
68 5 47.3466
68 6 46.3696
68 7 45.4972
68 8 44.4958
68 9 43.4814
68 10 42.5123
68 11 41.4758
68 12 40.418
68 13 39.3373
68 14 38.2568
68 15 36.9424
68 16 35.7157
68 17 34.4951
68 18 33.1508
68 19 31.7168
68 20 30.1809
68 21 28.4285
68 22 26.4977
68 23 21.6402
68 24 -1
68 25 -1
68 26 -1
68 27 -1
68 28 -1
68 29 -1
68 30 -1
68 31 -1
68 32 -1
68 33 -1
68 34 -1
68 35 -1
68 36 -1
68 37 -1
68 38 -1
68 39 -1
68 40 -1
68 41 -1
68 42 -1

69 0 50.9972
69 1 50.2763
69 2 49.5517
69 3 48.7381
69 4 47.9491
69 5 47.1139
69 6 46.2487
69 7 45.3226
69 8 44.4351
69 9 43.5131
69 10 42.5051
69 11 41.4655
69 12 40.4394
69 13 39.3938
69 14 38.1946
69 15 37.1018
69 16 35.9434
69 17 34.7488
69 18 33.4085
69 19 32.0075
69 20 30.5288
69 21 29.106
69 22 27.4134
69 23 25.5467
69 24 -1
69 25 -1
69 26 -1
69 27 -1
69 28 -1
69 29 -1
69 30 -1
69 31 -1
69 32 -1
69 33 -1
69 34 -1
69 35 -1
69 36 -1
69 37 -1
69 38 -1
69 39 -1
69 40 -1
69 41 -1
69 42 -1

70 0 50.7151
70 1 49.9514
70 2 49.2044
70 3 48.4312
70 4 47.7055
70 5 46.9089
70 6 46.0479
70 7 45.1407
70 8 44.235
70 9 43.3359
70 10 42.3841
70 11 41.4542
70 12 40.4359
70 13 39.4065
70 14 38.2971
70 15 37.1918
70 16 35.9985
70 17 34.9276
70 18 33.5384
70 19 32.3471
70 20 30.911
70 21 29.4357
70 22 27.9794
70 23 26.6205
70 24 -1
70 25 -1
70 26 -1
70 27 -1
70 28 -1
70 29 -1
70 30 -1
70 31 -1
70 32 -1
70 33 -1
70 34 -1
70 35 -1
70 36 -1
70 37 -1
70 38 -1
70 39 -1
70 40 -1
70 41 -1
70 42 -1

71 0 50.251
71 1 49.585
71 2 48.9701
71 3 48.1711
71 4 47.3755
71 5 46.6533
71 6 45.8331
71 7 44.971
71 8 44.0447
71 9 43.2202
71 10 42.2937
71 11 41.3958
71 12 40.3364
71 13 39.3456
71 14 38.2841
71 15 37.2244
71 16 36.0548
71 17 34.9547
71 18 33.7276
71 19 32.4698
71 20 31.1201
71 21 29.8298
71 22 28.3297
71 23 26.9863
71 24 26.3572
71 25 -1
71 26 -1
71 27 -1
71 28 -1
71 29 -1
71 30 -1
71 31 -1
71 32 -1
71 33 -1
71 34 -1
71 35 -1
71 36 -1
71 37 -1
71 38 -1
71 39 -1
71 40 -1
71 41 -1
71 42 -1

72 0 49.861
72 1 49.238
72 2 48.5646
72 3 47.896
72 4 47.1524
72 5 46.4169
72 6 45.6278
72 7 44.7794
72 8 43.9806
72 9 42.997
72 10 42.2129
72 11 41.2573
72 12 40.3263
72 13 39.2904
72 14 38.301
72 15 37.248
72 16 36.1829
72 17 35.0437
72 18 33.876
72 19 32.6537
72 20 31.38
72 21 30.0127
72 22 28.6902
72 23 27.3123
72 24 26.1969
72 25 -1
72 26 -1
72 27 -1
72 28 -1
72 29 -1
72 30 -1
72 31 -1
72 32 -1
72 33 -1
72 34 -1
72 35 -1
72 36 -1
72 37 -1
72 38 -1
72 39 -1
72 40 -1
72 41 -1
72 42 -1

73 0 49.3842
73 1 48.8572
73 2 48.2125
73 3 47.5259
73 4 46.8078
73 5 46.0736
73 6 45.3309
73 7 44.5763
73 8 43.8173
73 9 42.9171
73 10 41.9912
73 11 41.1049
73 12 40.2586
73 13 39.2246
73 14 38.292
73 15 37.2603
73 16 36.1572
73 17 35.0174
73 18 33.9364
73 19 32.7795
73 20 31.5237
73 21 30.1587
73 22 28.9052
73 23 27.53
73 24 26.2802
73 25 25
73 26 -1
73 27 -1
73 28 -1
73 29 -1
73 30 -1
73 31 -1
73 32 -1
73 33 -1
73 34 -1
73 35 -1
73 36 -1
73 37 -1
73 38 -1
73 39 -1
73 40 -1
73 41 -1
73 42 -1

74 0 48.971
74 1 48.4149
74 2 47.763
74 3 47.1517
74 4 46.5008
74 5 45.7745
74 6 45.0044
74 7 44.2955
74 8 43.5194
74 9 42.7129
74 10 41.8487
74 11 40.9723
74 12 40.113
74 13 39.1432
74 14 38.1618
74 15 37.1782
74 16 36.1127
74 17 35.05
74 18 33.9303
74 19 32.8452
74 20 31.6298
74 21 30.4192
74 22 29.1012
74 23 27.6948
74 24 26.3648
74 25 25.1525
74 26 -1
74 27 -1
74 28 -1
74 29 -1
74 30 -1
74 31 -1
74 32 -1
74 33 -1
74 34 -1
74 35 -1
74 36 -1
74 37 -1
74 38 -1
74 39 -1
74 40 -1
74 41 -1
74 42 -1

75 0 48.4186
75 1 47.9145
75 2 47.3215
75 3 46.7314
75 4 46.0941
75 5 45.478
75 6 44.7301
75 7 43.9786
75 8 43.2087
75 9 42.4332
75 10 41.6303
75 11 40.7593
75 12 39.8716
75 13 39.0008
75 14 38.0902
75 15 37.1572
75 16 36.0802
75 17 35.0774
75 18 33.9825
75 19 32.8594
75 20 31.7095
75 21 30.4814
75 22 29.2137
75 23 27.8945
75 24 26.5159
75 25 25.1861
75 26 -1
75 27 -1
75 28 -1
75 29 -1
75 30 -1
75 31 -1
75 32 -1
75 33 -1
75 34 -1
75 35 -1
75 36 -1
75 37 -1
75 38 -1
75 39 -1
75 40 -1
75 41 -1
75 42 -1

76 0 47.9267
76 1 47.3998
76 2 46.8814
76 3 46.3181
76 4 45.6697
76 5 45.0614
76 6 44.4258
76 7 43.7109
76 8 42.9165
76 9 42.2308
76 10 41.3876
76 11 40.5676
76 12 39.7164
76 13 38.8442
76 14 37.9766
76 15 37.0358
76 16 36.0111
76 17 35.0036
76 18 33.9423
76 19 32.8544
76 20 31.7508
76 21 30.5422
76 22 29.3102
76 23 28.0443
76 24 26.6665
76 25 25.2803
76 26 23.7861
76 27 -1
76 28 -1
76 29 -1
76 30 -1
76 31 -1
76 32 -1
76 33 -1
76 34 -1
76 35 -1
76 36 -1
76 37 -1
76 38 -1
76 39 -1
76 40 -1
76 41 -1
76 42 -1

77 0 47.3387
77 1 46.872
77 2 46.3973
77 3 45.8431
77 4 45.3041
77 5 44.6405
77 6 44.0837
77 7 43.3771
77 8 42.6768
77 9 41.9344
77 10 41.0907
77 11 40.3395
77 12 39.5112
77 13 38.6734
77 14 37.8029
77 15 36.845
77 16 35.9121
77 17 35.0085
77 18 33.9539
77 19 32.8225
77 20 31.7939
77 21 30.6321
77 22 29.4321
77 23 28.1701
77 24 26.8517
77 25 25.41
77 26 23.7669
77 27 -1
77 28 -1
77 29 -1
77 30 -1
77 31 -1
77 32 -1
77 33 -1
77 34 -1
77 35 -1
77 36 -1
77 37 -1
77 38 -1
77 39 -1
77 40 -1
77 41 -1
77 42 -1

78 0 46.7182
78 1 46.3085
78 2 45.8635
78 3 45.3462
78 4 44.8219
78 5 44.2592
78 6 43.6254
78 7 42.9537
78 8 42.3139
78 9 41.6169
78 10 40.8805
78 11 40.1273
78 12 39.332
78 13 38.4719
78 14 37.6401
78 15 36.7424
78 16 35.7581
78 17 34.8288
78 18 33.8349
78 19 32.8634
78 20 31.7303
78 21 30.5966
78 22 29.5017
78 23 28.2631
78 24 26.9252
78 25 25.4601
78 26 23.9021
78 27 22
78 28 -1
78 29 -1
78 30 -1
78 31 -1
78 32 -1
78 33 -1
78 34 -1
78 35 -1
78 36 -1
78 37 -1
78 38 -1
78 39 -1
78 40 -1
78 41 -1
78 42 -1

79 0 46.0678
79 1 45.6602
79 2 45.2787
79 3 44.821
79 4 44.3515
79 5 43.7772
79 6 43.1825
79 7 42.5781
79 8 42.0384
79 9 41.274
79 10 40.513
79 11 39.8126
79 12 39.0023
79 13 38.2391
79 14 37.3818
79 15 36.5563
79 16 35.6178
79 17 34.6834
79 18 33.773
79 19 32.7302
79 20 31.7199
79 21 30.7079
79 22 29.4919
79 23 28.2895
79 24 27.0468
79 25 25.63
79 26 24.0679
79 27 22.0713
79 28 -1
79 29 -1
79 30 -1
79 31 -1
79 32 -1
79 33 -1
79 34 -1
79 35 -1
79 36 -1
79 37 -1
79 38 -1
79 39 -1
79 40 -1
79 41 -1
79 42 -1

80 0 45.3554
80 1 45.0443
80 2 44.7049
80 3 44.2574
80 4 43.7856
80 5 43.3231
80 6 42.7476
80 7 42.1679
80 8 41.563
80 9 40.9205
80 10 40.1973
80 11 39.5129
80 12 38.7189
80 13 37.9396
80 14 37.1547
80 15 36.3252
80 16 35.4684
80 17 34.603
80 18 33.6377
80 19 32.6947
80 20 31.6435
80 21 30.6177
80 22 29.4685
80 23 28.3064
80 24 27.0887
80 25 25.7448
80 26 24.2519
80 27 22.324
80 28 -1
80 29 -1
80 30 -1
80 31 -1
80 32 -1
80 33 -1
80 34 -1
80 35 -1
80 36 -1
80 37 -1
80 38 -1
80 39 -1
80 40 -1
80 41 -1
80 42 -1

81 0 44.5948
81 1 44.3638
81 2 44.0256
81 3 43.6664
81 4 43.2566
81 5 42.794
81 6 42.2968
81 7 41.7389
81 8 41.1215
81 9 40.5327
81 10 39.834
81 11 39.1902
81 12 38.4935
81 13 37.7373
81 14 36.9447
81 15 36.1428
81 16 35.237
81 17 34.3702
81 18 33.4873
81 19 32.4818
81 20 31.5919
81 21 30.6316
81 22 29.4403
81 23 28.3104
81 24 27.1214
81 25 25.8147
81 26 24.4069
81 27 22.6046
81 28 20
81 29 -1
81 30 -1
81 31 -1
81 32 -1
81 33 -1
81 34 -1
81 35 -1
81 36 -1
81 37 -1
81 38 -1
81 39 -1
81 40 -1
81 41 -1
81 42 -1

82 0 43.8035
82 1 43.6298
82 2 43.3389
82 3 43.0277
82 4 42.6559
82 5 42.2209
82 6 41.745
82 7 41.2574
82 8 40.708
82 9 40.1034
82 10 39.4766
82 11 38.8084
82 12 38.1466
82 13 37.4215
82 14 36.6408
82 15 35.8794
82 16 35.0421
82 17 34.2013
82 18 33.3548
82 19 32.3302
82 20 31.4716
82 21 30.4987
82 22 29.4232
82 23 28.3197
82 24 27.1566
82 25 25.8917
82 26 24.4659
82 27 22.8758
82 28 20.4881
82 29 -1
82 30 -1
82 31 -1
82 32 -1
82 33 -1
82 34 -1
82 35 -1
82 36 -1
82 37 -1
82 38 -1
82 39 -1
82 40 -1
82 41 -1
82 42 -1

83 0 42.938
83 1 42.7857
83 2 42.6092
83 3 42.3401
83 4 42.0129
83 5 41.6227
83 6 41.2225
83 7 40.7396
83 8 40.2209
83 9 39.6412
83 10 39.0651
83 11 38.4696
83 12 37.7585
83 13 37.0785
83 14 36.326
83 15 35.5602
83 16 34.7994
83 17 33.9677
83 18 33.0941
83 19 32.2432
83 20 31.2992
83 21 30.2618
83 22 29.3174
83 23 28.2773
83 24 27.0938
83 25 25.8907
83 26 24.5433
83 27 23.0508
83 28 21.1102
83 29 -1
83 30 -1
83 31 -1
83 32 -1
83 33 -1
83 34 -1
83 35 -1
83 36 -1
83 37 -1
83 38 -1
83 39 -1
83 40 -1
83 41 -1
83 42 -1

84 0 42
84 1 41.9326
84 2 41.7854
84 3 41.6001
84 4 41.32
84 5 41.0043
84 6 40.6081
84 7 40.1727
84 8 39.6963
84 9 39.1527
84 10 38.5949
84 11 38.0119
84 12 37.3796
84 13 36.7497
84 14 35.9837
84 15 35.3169
84 16 34.5224
84 17 33.6932
84 18 32.8989
84 19 32.0467
84 20 31.1359
84 21 30.1614
84 22 29.2158
84 23 28.1962
84 24 27.0984
84 25 25.9082
84 26 24.5822
84 27 23.2304
84 28 21.5057
84 29 18
84 30 -1
84 31 -1
84 32 -1
84 33 -1
84 34 -1
84 35 -1
84 36 -1
84 37 -1
84 38 -1
84 39 -1
84 40 -1
84 41 -1
84 42 -1

85 0 41
85 1 41
85 2 40.9311
85 3 40.7848
85 4 40.5897
85 5 40.3151
85 6 39.977
85 7 39.5824
85 8 39.1435
85 9 38.6275
85 10 38.1612
85 11 37.5809
85 12 36.9706
85 13 36.3465
85 14 35.6407
85 15 34.9396
85 16 34.2206
85 17 33.4159
85 18 32.6321
85 19 31.7855
85 20 30.8941
85 21 30.0314
85 22 29.034
85 23 28.0603
85 24 26.9799
85 25 25.8866
85 26 24.6485
85 27 23.223
85 28 21.7343
85 29 19.7485
85 30 -1
85 31 -1
85 32 -1
85 33 -1
85 34 -1
85 35 -1
85 36 -1
85 37 -1
85 38 -1
85 39 -1
85 40 -1
85 41 -1
85 42 -1

86 0 -1
86 1 40
86 2 40
86 3 39.9289
86 4 39.7835
86 5 39.5757
86 6 39.3072
86 7 38.9514
86 8 38.5559
86 9 38.1378
86 10 37.6037
86 11 37.1209
86 12 36.5306
86 13 35.96
86 14 35.2441
86 15 34.5775
86 16 33.8863
86 17 33.1466
86 18 32.3566
86 19 31.563
86 20 30.7338
86 21 29.8457
86 22 28.915
86 23 27.9173
86 24 26.8821
86 25 25.8065
86 26 24.5899
86 27 23.3619
86 28 21.9079
86 29 20.1768
86 30 -1
86 31 -1
86 32 -1
86 33 -1
86 34 -1
86 35 -1
86 36 -1
86 37 -1
86 38 -1
86 39 -1
86 40 -1
86 41 -1
86 42 -1

87 0 -1
87 1 -1
87 2 39
87 3 39
87 4 38.9254
87 5 38.7804
87 6 38.5717
87 7 38.2789
87 8 37.9493
87 9 37.5451
87 10 37.1164
87 11 36.6069
87 12 36.0621
87 13 35.5364
87 14 34.8686
87 15 34.2558
87 16 33.5224
87 17 32.7848
87 18 32.1019
87 19 31.2774
87 20 30.4235
87 21 29.6185
87 22 28.7187
87 23 27.7763
87 24 26.8038
87 25 25.7323
87 26 24.6225
87 27 23.4007
87 28 21.9794
87 29 20.3781
87 30 19
87 31 -1
87 32 -1
87 33 -1
87 34 -1
87 35 -1
87 36 -1
87 37 -1
87 38 -1
87 39 -1
87 40 -1
87 41 -1
87 42 -1

88 0 -1
88 1 -1
88 2 -1
88 3 38
88 4 38
88 5 37.9312
88 6 37.7732
88 7 37.5464
88 8 37.2792
88 9 36.9136
88 10 36.513
88 11 36.0495
88 12 35.6177
88 13 35.039
88 14 34.4638
88 15 33.8616
88 16 33.1484
88 17 32.4678
88 18 31.7873
88 19 30.9926
88 20 30.187
88 21 29.4076
88 22 28.5314
88 23 27.6238
88 24 26.6464
88 25 25.6372
88 26 24.5439
88 27 23.36
88 28 22.0253
88 29 20.5152
88 30 18.8228
88 31 -1
88 32 -1
88 33 -1
88 34 -1
88 35 -1
88 36 -1
88 37 -1
88 38 -1
88 39 -1
88 40 -1
88 41 -1
88 42 -1

89 0 -1
89 1 -1
89 2 -1
89 3 -1
89 4 37
89 5 37
89 6 36.9269
89 7 36.7648
89 8 36.5672
89 9 36.2696
89 10 35.9171
89 11 35.4999
89 12 35.0491
89 13 34.547
89 14 33.9664
89 15 33.3609
89 16 32.7646
89 17 32.1093
89 18 31.4455
89 19 30.6793
89 20 29.9593
89 21 29.0584
89 22 28.3033
89 23 27.432
89 24 26.4853
89 25 25.4475
89 26 24.4434
89 27 23.3381
89 28 22.0436
89 29 20.6081
89 30 18.8664
89 31 -1
89 32 -1
89 33 -1
89 34 -1
89 35 -1
89 36 -1
89 37 -1
89 38 -1
89 39 -1
89 40 -1
89 41 -1
89 42 -1

90 0 -1
90 1 -1
90 2 -1
90 3 -1
90 4 -1
90 5 36
90 6 36
90 7 35.9276
90 8 35.7753
90 9 35.5467
90 10 35.2383
90 11 34.8919
90 12 34.4896
90 13 34.0379
90 14 33.5103
90 15 32.9785
90 16 32.3262
90 17 31.6858
90 18 31.0647
90 19 30.3574
90 20 29.5891
90 21 28.8558
90 22 28.0359
90 23 27.1342
90 24 26.2194
90 25 25.2591
90 26 24.3281
90 27 23.2409
90 28 22.0714
90 29 20.7279
90 30 19.0709
90 31 17
90 32 -1
90 33 -1
90 34 -1
90 35 -1
90 36 -1
90 37 -1
90 38 -1
90 39 -1
90 40 -1
90 41 -1
90 42 -1

91 0 -1
91 1 -1
91 2 -1
91 3 -1
91 4 -1
91 5 -1
91 6 35
91 7 35
91 8 34.9261
91 9 34.7656
91 10 34.5059
91 11 34.234
91 12 33.8624
91 13 33.4697
91 14 32.9882
91 15 32.4693
91 16 31.8935
91 17 31.2803
91 18 30.6661
91 19 29.9536
91 20 29.2604
91 21 28.5361
91 22 27.7121
91 23 26.9094
91 24 26.0355
91 25 25.1312
91 26 24.1545
91 27 23.1136
91 28 22.004
91 29 20.7043
91 30 19.2062
91 31 17.2231
91 32 -1
91 33 -1
91 34 -1
91 35 -1
91 36 -1
91 37 -1
91 38 -1
91 39 -1
91 40 -1
91 41 -1
91 42 -1

92 0 -1
92 1 -1
92 2 -1
92 3 -1
92 4 -1
92 5 -1
92 6 -1
92 7 34
92 8 34
92 9 33.9195
92 10 33.7544
92 11 33.5102
92 12 33.2196
92 13 32.8492
92 14 32.4082
92 15 31.9314
92 16 31.4171
92 17 30.8371
92 18 30.2462
92 19 29.6142
92 20 28.8827
92 21 28.1863
92 22 27.4274
92 23 26.6237
92 24 25.8178
92 25 24.9012
92 26 23.9165
92 27 23.0135
92 28 21.9119
92 29 20.7016
92 30 19.3284
92 31 17.5453
92 32 -1
92 33 -1
92 34 -1
92 35 -1
92 36 -1
92 37 -1
92 38 -1
92 39 -1
92 40 -1
92 41 -1
92 42 -1

93 0 -1
93 1 -1
93 2 -1
93 3 -1
93 4 -1
93 5 -1
93 6 -1
93 7 -1
93 8 33
93 9 33
93 10 32.9117
93 11 32.7499
93 12 32.5018
93 13 32.2123
93 14 31.8392
93 15 31.3958
93 16 30.8983
93 17 30.3625
93 18 29.8015
93 19 29.1698
93 20 28.5263
93 21 27.8171
93 22 27.1029
93 23 26.2874
93 24 25.5277
93 25 24.632
93 26 23.8218
93 27 22.7542
93 28 21.7989
93 29 20.6914
93 30 19.4083
93 31 17.8303
93 32 15
93 33 -1
93 34 -1
93 35 -1
93 36 -1
93 37 -1
93 38 -1
93 39 -1
93 40 -1
93 41 -1
93 42 -1

94 0 -1
94 1 -1
94 2 -1
94 3 -1
94 4 -1
94 5 -1
94 6 -1
94 7 -1
94 8 -1
94 9 32
94 10 32
94 11 31.9121
94 12 31.7531
94 13 31.4912
94 14 31.1855
94 15 30.793
94 16 30.3643
94 17 29.8535
94 18 29.3052
94 19 28.7827
94 20 28.128
94 21 27.4335
94 22 26.7243
94 23 25.9858
94 24 25.2307
94 25 24.4102
94 26 23.5525
94 27 22.6134
94 28 21.5629
94 29 20.5865
94 30 19.3617
94 31 18.0034
94 32 16.0076
94 33 -1
94 34 -1
94 35 -1
94 36 -1
94 37 -1
94 38 -1
94 39 -1
94 40 -1
94 41 -1
94 42 -1

95 0 -1
95 1 -1
95 2 -1
95 3 -1
95 4 -1
95 5 -1
95 6 -1
95 7 -1
95 8 -1
95 9 -1
95 10 31
95 11 31
95 12 30.9125
95 13 30.7352
95 14 30.4856
95 15 30.1729
95 16 29.7851
95 17 29.3321
95 18 28.8193
95 19 28.2812
95 20 27.679
95 21 27.0724
95 22 26.3479
95 23 25.6433
95 24 24.9146
95 25 24.0739
95 26 23.2614
95 27 22.3282
95 28 21.4176
95 29 20.4243
95 30 19.2874
95 31 18.0656
95 32 16.5691
95 33 -1
95 34 -1
95 35 -1
95 36 -1
95 37 -1
95 38 -1
95 39 -1
95 40 -1
95 41 -1
95 42 -1

96 0 -1
96 1 -1
96 2 -1
96 3 -1
96 4 -1
96 5 -1
96 6 -1
96 7 -1
96 8 -1
96 9 -1
96 10 -1
96 11 30
96 12 30
96 13 29.9129
96 14 29.7348
96 15 29.4594
96 16 29.1274
96 17 28.7548
96 18 28.2685
96 19 27.803
96 20 27.2516
96 21 26.6194
96 22 25.9748
96 23 25.278
96 24 24.5618
96 25 23.8019
96 26 22.9688
96 27 22.0646
96 28 21.16
96 29 20.2221
96 30 19.1382
96 31 18.0368
96 32 16.6857
96 33 16
96 34 -1
96 35 -1
96 36 -1
96 37 -1
96 38 -1
96 39 -1
96 40 -1
96 41 -1
96 42 -1

97 0 -1
97 1 -1
97 2 -1
97 3 -1
97 4 -1
97 5 -1
97 6 -1
97 7 -1
97 8 -1
97 9 -1
97 10 -1
97 11 -1
97 12 29
97 13 29
97 14 28.9097
97 15 28.7296
97 16 28.4768
97 17 28.1137
97 18 27.7396
97 19 27.2541
97 20 26.7229
97 21 26.1263
97 22 25.5794
97 23 24.8949
97 24 24.2146
97 25 23.4824
97 26 22.6485
97 27 21.8257
97 28 20.9544
97 29 20.0412
97 30 19.0057
97 31 17.8539
97 32 16.6921
97 33 15.3999
97 34 -1
97 35 -1
97 36 -1
97 37 -1
97 38 -1
97 39 -1
97 40 -1
97 41 -1
97 42 -1

98 0 -1
98 1 -1
98 2 -1
98 3 -1
98 4 -1
98 5 -1
98 6 -1
98 7 -1
98 8 -1
98 9 -1
98 10 -1
98 11 -1
98 12 -1
98 13 28
98 14 28
98 15 27.9089
98 16 27.7144
98 17 27.4425
98 18 27.0824
98 19 26.6743
98 20 26.2278
98 21 25.6733
98 22 25.1032
98 23 24.4655
98 24 23.7705
98 25 23.1067
98 26 22.357
98 27 21.519
98 28 20.6709
98 29 19.7483
98 30 18.7692
98 31 17.7597
98 32 16.5996
98 33 15.3273
98 34 -1
98 35 -1
98 36 -1
98 37 -1
98 38 -1
98 39 -1
98 40 -1
98 41 -1
98 42 -1

99 0 -1
99 1 -1
99 2 -1
99 3 -1
99 4 -1
99 5 -1
99 6 -1
99 7 -1
99 8 -1
99 9 -1
99 10 -1
99 11 -1
99 12 -1
99 13 -1
99 14 27
99 15 27
99 16 26.8981
99 17 26.7056
99 18 26.4338
99 19 26.073
99 20 25.6632
99 21 25.1724
99 22 24.6329
99 23 24.0381
99 24 23.4209
99 25 22.6967
99 26 21.9873
99 27 21.2287
99 28 20.3635
99 29 19.5506
99 30 18.5932
99 31 17.5661
99 32 16.4711
99 33 15.2884
99 34 14
99 35 -1
99 36 -1
99 37 -1
99 38 -1
99 39 -1
99 40 -1
99 41 -1
99 42 -1

100 0 -1
100 1 -1
100 2 -1
100 3 -1
100 4 -1
100 5 -1
100 6 -1
100 7 -1
100 8 -1
100 9 -1
100 10 -1
100 11 -1
100 12 -1
100 13 -1
100 14 -1
100 15 26
100 16 26
100 17 25.9071
100 18 25.7157
100 19 25.4049
100 20 25.0422
100 21 24.6216
100 22 24.1195
100 23 23.5641
100 24 22.9716
100 25 22.2993
100 26 21.6374
100 27 20.8824
100 28 20.0848
100 29 19.2666
100 30 18.3131
100 31 17.3485
100 32 16.2862
100 33 15.1337
100 34 14
100 35 -1
100 36 -1
100 37 -1
100 38 -1
100 39 -1
100 40 -1
100 41 -1
100 42 -1

101 0 -1
101 1 -1
101 2 -1
101 3 -1
101 4 -1
101 5 -1
101 6 -1
101 7 -1
101 8 -1
101 9 -1
101 10 -1
101 11 -1
101 12 -1
101 13 -1
101 14 -1
101 15 -1
101 16 25
101 17 25
101 18 24.8958
101 19 24.7078
101 20 24.3905
101 21 24.0144
101 22 23.5325
101 23 23.0605
101 24 22.5256
101 25 21.8925
101 26 21.2298
101 27 20.5039
101 28 19.7618
101 29 18.9216
101 30 18.0752
101 31 17.0894
101 32 16.0827
101 33 14.9745
101 34 13.7348
101 35 -1
101 36 -1
101 37 -1
101 38 -1
101 39 -1
101 40 -1
101 41 -1
101 42 -1

102 0 -1
102 1 -1
102 2 -1
102 3 -1
102 4 -1
102 5 -1
102 6 -1
102 7 -1
102 8 -1
102 9 -1
102 10 -1
102 11 -1
102 12 -1
102 13 -1
102 14 -1
102 15 -1
102 16 -1
102 17 24
102 18 24
102 19 23.8988
102 20 23.6836
102 21 23.372
102 22 22.993
102 23 22.5051
102 24 22.0111
102 25 21.4247
102 26 20.8041
102 27 20.1069
102 28 19.4293
102 29 18.6151
102 30 17.7385
102 31 16.8366
102 32 15.8713
102 33 14.7795
102 34 13.5814
102 35 12
102 36 -1
102 37 -1
102 38 -1
102 39 -1
102 40 -1
102 41 -1
102 42 -1

103 0 -1
103 1 -1
103 2 -1
103 3 -1
103 4 -1
103 5 -1
103 6 -1
103 7 -1
103 8 -1
103 9 -1
103 10 -1
103 11 -1
103 12 -1
103 13 -1
103 14 -1
103 15 -1
103 16 -1
103 17 -1
103 18 23
103 19 23
103 20 22.8902
103 21 22.6758
103 22 22.3459
103 23 21.9489
103 24 21.4885
103 25 20.9216
103 26 20.3635
103 27 19.6937
103 28 19.0301
103 29 18.263
103 30 17.4485
103 31 16.5515
103 32 15.6284
103 33 14.5681
103 34 13.4213
103 35 12
103 36 -1
103 37 -1
103 38 -1
103 39 -1
103 40 -1
103 41 -1
103 42 -1

104 0 -1
104 1 -1
104 2 -1
104 3 -1
104 4 -1
104 5 -1
104 6 -1
104 7 -1
104 8 -1
104 9 -1
104 10 -1
104 11 -1
104 12 -1
104 13 -1
104 14 -1
104 15 -1
104 16 -1
104 17 -1
104 18 -1
104 19 22
104 20 22
104 21 21.8855
104 22 21.6539
104 23 21.3467
104 24 20.9243
104 25 20.4188
104 26 19.8739
104 27 19.2731
104 28 18.6189
104 29 17.8845
104 30 17.1164
104 31 16.2616
104 32 15.3395
104 33 14.3713
104 34 13.2403
104 35 12
104 36 -1
104 37 -1
104 38 -1
104 39 -1
104 40 -1
104 41 -1
104 42 -1

105 0 -1
105 1 -1
105 2 -1
105 3 -1
105 4 -1
105 5 -1
105 6 -1
105 7 -1
105 8 -1
105 9 -1
105 10 -1
105 11 -1
105 12 -1
105 13 -1
105 14 -1
105 15 -1
105 16 -1
105 17 -1
105 18 -1
105 19 -1
105 20 21
105 21 21
105 22 20.8856
105 23 20.6549
105 24 20.3012
105 25 19.8909
105 26 19.3608
105 27 18.8159
105 28 18.2056
105 29 17.4964
105 30 16.7691
105 31 15.9581
105 32 15.0742
105 33 14.1015
105 34 13.0256
105 35 11.78
105 36 -1
105 37 -1
105 38 -1
105 39 -1
105 40 -1
105 41 -1
105 42 -1

106 0 -1
106 1 -1
106 2 -1
106 3 -1
106 4 -1
106 5 -1
106 6 -1
106 7 -1
106 8 -1
106 9 -1
106 10 -1
106 11 -1
106 12 -1
106 13 -1
106 14 -1
106 15 -1
106 16 -1
106 17 -1
106 18 -1
106 19 -1
106 20 -1
106 21 20
106 22 20
106 23 19.8864
106 24 19.6263
106 25 19.2782
106 26 18.8388
106 27 18.3069
106 28 17.7471
106 29 17.0854
106 30 16.3924
106 31 15.5778
106 32 14.7602
106 33 13.8013
106 34 12.8097
106 35 11.6344
106 36 10
106 37 -1
106 38 -1
106 39 -1
106 40 -1
106 41 -1
106 42 -1

107 0 -1
107 1 -1
107 2 -1
107 3 -1
107 4 -1
107 5 -1
107 6 -1
107 7 -1
107 8 -1
107 9 -1
107 10 -1
107 11 -1
107 12 -1
107 13 -1
107 14 -1
107 15 -1
107 16 -1
107 17 -1
107 18 -1
107 19 -1
107 20 -1
107 21 -1
107 22 19
107 23 19
107 24 18.8694
107 25 18.6118
107 26 18.2531
107 27 17.7742
107 28 17.2435
107 29 16.6659
107 30 15.9715
107 31 15.2475
107 32 14.4514
107 33 13.5336
107 34 12.5574
107 35 11.4573
107 36 10
107 37 -1
107 38 -1
107 39 -1
107 40 -1
107 41 -1
107 42 -1

108 0 -1
108 1 -1
108 2 -1
108 3 -1
108 4 -1
108 5 -1
108 6 -1
108 7 -1
108 8 -1
108 9 -1
108 10 -1
108 11 -1
108 12 -1
108 13 -1
108 14 -1
108 15 -1
108 16 -1
108 17 -1
108 18 -1
108 19 -1
108 20 -1
108 21 -1
108 22 -1
108 23 18
108 24 18
108 25 17.8657
108 26 17.5869
108 27 17.2168
108 28 16.7256
108 29 16.1588
108 30 15.5297
108 31 14.854
108 32 14.079
108 33 13.2353
108 34 12.2899
108 35 11.2095
108 36 10
108 37 -1
108 38 -1
108 39 -1
108 40 -1
108 41 -1
108 42 -1

109 0 -1
109 1 -1
109 2 -1
109 3 -1
109 4 -1
109 5 -1
109 6 -1
109 7 -1
109 8 -1
109 9 -1
109 10 -1
109 11 -1
109 12 -1
109 13 -1
109 14 -1
109 15 -1
109 16 -1
109 17 -1
109 18 -1
109 19 -1
109 20 -1
109 21 -1
109 22 -1
109 23 -1
109 24 17
109 25 17
109 26 16.8591
109 27 16.5672
109 28 16.1604
109 29 15.6705
109 30 15.0717
109 31 14.4336
109 32 13.7129
109 33 12.9046
109 34 12.011
109 35 10.9946
109 36 9.76635
109 37 -1
109 38 -1
109 39 -1
109 40 -1
109 41 -1
109 42 -1

110 0 -1
110 1 -1
110 2 -1
110 3 -1
110 4 -1
110 5 -1
110 6 -1
110 7 -1
110 8 -1
110 9 -1
110 10 -1
110 11 -1
110 12 -1
110 13 -1
110 14 -1
110 15 -1
110 16 -1
110 17 -1
110 18 -1
110 19 -1
110 20 -1
110 21 -1
110 22 -1
110 23 -1
110 24 -1
110 25 16
110 26 16
110 27 15.8523
110 28 15.5291
110 29 15.1209
110 30 14.6039
110 31 14.009
110 32 13.3183
110 33 12.5697
110 34 11.6934
110 35 10.7247
110 36 9.59577
110 37 8
110 38 -1
110 39 -1
110 40 -1
110 41 -1
110 42 -1

111 0 -1
111 1 -1
111 2 -1
111 3 -1
111 4 -1
111 5 -1
111 6 -1
111 7 -1
111 8 -1
111 9 -1
111 10 -1
111 11 -1
111 12 -1
111 13 -1
111 14 -1
111 15 -1
111 16 -1
111 17 -1
111 18 -1
111 19 -1
111 20 -1
111 21 -1
111 22 -1
111 23 -1
111 24 -1
111 25 -1
111 26 15
111 27 15
111 28 14.8559
111 29 14.532
111 30 14.0713
111 31 13.5381
111 32 12.8964
111 33 12.1841
111 34 11.3574
111 35 10.4506
111 36 9.4007
111 37 8
111 38 -1
111 39 -1
111 40 -1
111 41 -1
111 42 -1

112 0 -1
112 1 -1
112 2 -1
112 3 -1
112 4 -1
112 5 -1
112 6 -1
112 7 -1
112 8 -1
112 9 -1
112 10 -1
112 11 -1
112 12 -1
112 13 -1
112 14 -1
112 15 -1
112 16 -1
112 17 -1
112 18 -1
112 19 -1
112 20 -1
112 21 -1
112 22 -1
112 23 -1
112 24 -1
112 25 -1
112 26 -1
112 27 14
112 28 14
112 29 13.8272
112 30 13.4824
112 31 13.0099
112 32 12.4428
112 33 11.7719
112 34 11.0243
112 35 10.163
112 36 9.13038
112 37 8
112 38 -1
112 39 -1
112 40 -1
112 41 -1
112 42 -1

113 0 -1
113 1 -1
113 2 -1
113 3 -1
113 4 -1
113 5 -1
113 6 -1
113 7 -1
113 8 -1
113 9 -1
113 10 -1
113 11 -1
113 12 -1
113 13 -1
113 14 -1
113 15 -1
113 16 -1
113 17 -1
113 18 -1
113 19 -1
113 20 -1
113 21 -1
113 22 -1
113 23 -1
113 24 -1
113 25 -1
113 26 -1
113 27 -1
113 28 13
113 29 13
113 30 12.8097
113 31 12.4467
113 32 11.9499
113 33 11.352
113 34 10.64
113 35 9.83419
113 36 8.89893
113 37 7.71313
113 38 -1
113 39 -1
113 40 -1
113 41 -1
113 42 -1

114 0 -1
114 1 -1
114 2 -1
114 3 -1
114 4 -1
114 5 -1
114 6 -1
114 7 -1
114 8 -1
114 9 -1
114 10 -1
114 11 -1
114 12 -1
114 13 -1
114 14 -1
114 15 -1
114 16 -1
114 17 -1
114 18 -1
114 19 -1
114 20 -1
114 21 -1
114 22 -1
114 23 -1
114 24 -1
114 25 -1
114 26 -1
114 27 -1
114 28 -1
114 29 12
114 30 12
114 31 11.8041
114 32 11.3977
114 33 10.8748
114 34 10.2401
114 35 9.44997
114 36 8.60884
114 37 7.54432
114 38 6
114 39 -1
114 40 -1
114 41 -1
114 42 -1

115 0 -1
115 1 -1
115 2 -1
115 3 -1
115 4 -1
115 5 -1
115 6 -1
115 7 -1
115 8 -1
115 9 -1
115 10 -1
115 11 -1
115 12 -1
115 13 -1
115 14 -1
115 15 -1
115 16 -1
115 17 -1
115 18 -1
115 19 -1
115 20 -1
115 21 -1
115 22 -1
115 23 -1
115 24 -1
115 25 -1
115 26 -1
115 27 -1
115 28 -1
115 29 -1
115 30 11
115 31 11
115 32 10.7807
115 33 10.3476
115 34 9.76864
115 35 9.0745
115 36 8.25415
115 37 7.32711
115 38 6
115 39 -1
115 40 -1
115 41 -1
115 42 -1

116 0 -1
116 1 -1
116 2 -1
116 3 -1
116 4 -1
116 5 -1
116 6 -1
116 7 -1
116 8 -1
116 9 -1
116 10 -1
116 11 -1
116 12 -1
116 13 -1
116 14 -1
116 15 -1
116 16 -1
116 17 -1
116 18 -1
116 19 -1
116 20 -1
116 21 -1
116 22 -1
116 23 -1
116 24 -1
116 25 -1
116 26 -1
116 27 -1
116 28 -1
116 29 -1
116 30 -1
116 31 10
116 32 10
116 33 9.76758
116 34 9.27515
116 35 8.66928
116 36 7.93252
116 37 6.98767
116 38 6
116 39 -1
116 40 -1
116 41 -1
116 42 -1

117 0 -1
117 1 -1
117 2 -1
117 3 -1
117 4 -1
117 5 -1
117 6 -1
117 7 -1
117 8 -1
117 9 -1
117 10 -1
117 11 -1
117 12 -1
117 13 -1
117 14 -1
117 15 -1
117 16 -1
117 17 -1
117 18 -1
117 19 -1
117 20 -1
117 21 -1
117 22 -1
117 23 -1
117 24 -1
117 25 -1
117 26 -1
117 27 -1
117 28 -1
117 29 -1
117 30 -1
117 31 -1
117 32 9
117 33 9
117 34 8.73766
117 35 8.18341
117 36 7.55253
117 37 6.73817
117 38 5.62175
117 39 -1
117 40 -1
117 41 -1
117 42 -1

118 0 -1
118 1 -1
118 2 -1
118 3 -1
118 4 -1
118 5 -1
118 6 -1
118 7 -1
118 8 -1
118 9 -1
118 10 -1
118 11 -1
118 12 -1
118 13 -1
118 14 -1
118 15 -1
118 16 -1
118 17 -1
118 18 -1
118 19 -1
118 20 -1
118 21 -1
118 22 -1
118 23 -1
118 24 -1
118 25 -1
118 26 -1
118 27 -1
118 28 -1
118 29 -1
118 30 -1
118 31 -1
118 32 -1
118 33 8
118 34 8
118 35 7.70668
118 36 7.07994
118 37 6.38669
118 38 5.45735
118 39 4
118 40 -1
118 41 -1
118 42 -1

119 0 -1
119 1 -1
119 2 -1
119 3 -1
119 4 -1
119 5 -1
119 6 -1
119 7 -1
119 8 -1
119 9 -1
119 10 -1
119 11 -1
119 12 -1
119 13 -1
119 14 -1
119 15 -1
119 16 -1
119 17 -1
119 18 -1
119 19 -1
119 20 -1
119 21 -1
119 22 -1
119 23 -1
119 24 -1
119 25 -1
119 26 -1
119 27 -1
119 28 -1
119 29 -1
119 30 -1
119 31 -1
119 32 -1
119 33 -1
119 34 7
119 35 7
119 36 6.67502
119 37 5.92223
119 38 5.21254
119 39 4
119 40 -1
119 41 -1
119 42 -1

120 0 -1
120 1 -1
120 2 -1
120 3 -1
120 4 -1
120 5 -1
120 6 -1
120 7 -1
120 8 -1
120 9 -1
120 10 -1
120 11 -1
120 12 -1
120 13 -1
120 14 -1
120 15 -1
120 16 -1
120 17 -1
120 18 -1
120 19 -1
120 20 -1
120 21 -1
120 22 -1
120 23 -1
120 24 -1
120 25 -1
120 26 -1
120 27 -1
120 28 -1
120 29 -1
120 30 -1
120 31 -1
120 32 -1
120 33 -1
120 34 -1
120 35 6
120 36 6
120 37 5.57688
120 38 4.70616
120 39 4
120 40 -1
120 41 -1
120 42 -1

121 0 -1
121 1 -1
121 2 -1
121 3 -1
121 4 -1
121 5 -1
121 6 -1
121 7 -1
121 8 -1
121 9 -1
121 10 -1
121 11 -1
121 12 -1
121 13 -1
121 14 -1
121 15 -1
121 16 -1
121 17 -1
121 18 -1
121 19 -1
121 20 -1
121 21 -1
121 22 -1
121 23 -1
121 24 -1
121 25 -1
121 26 -1
121 27 -1
121 28 -1
121 29 -1
121 30 -1
121 31 -1
121 32 -1
121 33 -1
121 34 -1
121 35 -1
121 36 5
121 37 5
121 38 4.48234
121 39 3.41966
121 40 -1
121 41 -1
121 42 -1

122 0 -1
122 1 -1
122 2 -1
122 3 -1
122 4 -1
122 5 -1
122 6 -1
122 7 -1
122 8 -1
122 9 -1
122 10 -1
122 11 -1
122 12 -1
122 13 -1
122 14 -1
122 15 -1
122 16 -1
122 17 -1
122 18 -1
122 19 -1
122 20 -1
122 21 -1
122 22 -1
122 23 -1
122 24 -1
122 25 -1
122 26 -1
122 27 -1
122 28 -1
122 29 -1
122 30 -1
122 31 -1
122 32 -1
122 33 -1
122 34 -1
122 35 -1
122 36 -1
122 37 4
122 38 4
122 39 3.32788
122 40 2
122 41 -1
122 42 -1

123 0 -1
123 1 -1
123 2 -1
123 3 -1
123 4 -1
123 5 -1
123 6 -1
123 7 -1
123 8 -1
123 9 -1
123 10 -1
123 11 -1
123 12 -1
123 13 -1
123 14 -1
123 15 -1
123 16 -1
123 17 -1
123 18 -1
123 19 -1
123 20 -1
123 21 -1
123 22 -1
123 23 -1
123 24 -1
123 25 -1
123 26 -1
123 27 -1
123 28 -1
123 29 -1
123 30 -1
123 31 -1
123 32 -1
123 33 -1
123 34 -1
123 35 -1
123 36 -1
123 37 -1
123 38 3
123 39 3
123 40 2
123 41 -1
123 42 -1

124 0 -1
124 1 -1
124 2 -1
124 3 -1
124 4 -1
124 5 -1
124 6 -1
124 7 -1
124 8 -1
124 9 -1
124 10 -1
124 11 -1
124 12 -1
124 13 -1
124 14 -1
124 15 -1
124 16 -1
124 17 -1
124 18 -1
124 19 -1
124 20 -1
124 21 -1
124 22 -1
124 23 -1
124 24 -1
124 25 -1
124 26 -1
124 27 -1
124 28 -1
124 29 -1
124 30 -1
124 31 -1
124 32 -1
124 33 -1
124 34 -1
124 35 -1
124 36 -1
124 37 -1
124 38 -1
124 39 2
124 40 2
124 41 -1
124 42 -1

125 0 -1
125 1 -1
125 2 -1
125 3 -1
125 4 -1
125 5 -1
125 6 -1
125 7 -1
125 8 -1
125 9 -1
125 10 -1
125 11 -1
125 12 -1
125 13 -1
125 14 -1
125 15 -1
125 16 -1
125 17 -1
125 18 -1
125 19 -1
125 20 -1
125 21 -1
125 22 -1
125 23 -1
125 24 -1
125 25 -1
125 26 -1
125 27 -1
125 28 -1
125 29 -1
125 30 -1
125 31 -1
125 32 -1
125 33 -1
125 34 -1
125 35 -1
125 36 -1
125 37 -1
125 38 -1
125 39 -1
125 40 1
125 41 -1
125 42 -1

126 0 -1
126 1 -1
126 2 -1
126 3 -1
126 4 -1
126 5 -1
126 6 -1
126 7 -1
126 8 -1
126 9 -1
126 10 -1
126 11 -1
126 12 -1
126 13 -1
126 14 -1
126 15 -1
126 16 -1
126 17 -1
126 18 -1
126 19 -1
126 20 -1
126 21 -1
126 22 -1
126 23 -1
126 24 -1
126 25 -1
126 26 -1
126 27 -1
126 28 -1
126 29 -1
126 30 -1
126 31 -1
126 32 -1
126 33 -1
126 34 -1
126 35 -1
126 36 -1
126 37 -1
126 38 -1
126 39 -1
126 40 -1
126 41 0
126 42 -1

