# f = 6.10352e-05

0 0 -1
0 1 -1
0 2 -1
0 3 -1
0 4 -1
0 5 -1
0 6 -1
0 7 -1
0 8 -1
0 9 -1
0 10 -1
0 11 -1
0 12 -1
0 13 -1
0 14 -1
0 15 -1
0 16 -1
0 17 -1
0 18 -1
0 19 -1
0 20 -1
0 21 -1
0 22 -1
0 23 -1
0 24 -1
0 25 -1
0 26 -1
0 27 -1
0 28 -1
0 29 -1
0 30 -1
0 31 -1
0 32 -1
0 33 -1
0 34 -1

1 0 5.28931
1 1 -1
1 2 -1
1 3 -1
1 4 -1
1 5 -1
1 6 -1
1 7 -1
1 8 -1
1 9 -1
1 10 -1
1 11 -1
1 12 -1
1 13 -1
1 14 -1
1 15 -1
1 16 -1
1 17 -1
1 18 -1
1 19 -1
1 20 -1
1 21 -1
1 22 -1
1 23 -1
1 24 -1
1 25 -1
1 26 -1
1 27 -1
1 28 -1
1 29 -1
1 30 -1
1 31 -1
1 32 -1
1 33 -1
1 34 -1

2 0 6.07751
2 1 -1
2 2 -1
2 3 -1
2 4 -1
2 5 -1
2 6 -1
2 7 -1
2 8 -1
2 9 -1
2 10 -1
2 11 -1
2 12 -1
2 13 -1
2 14 -1
2 15 -1
2 16 -1
2 17 -1
2 18 -1
2 19 -1
2 20 -1
2 21 -1
2 22 -1
2 23 -1
2 24 -1
2 25 -1
2 26 -1
2 27 -1
2 28 -1
2 29 -1
2 30 -1
2 31 -1
2 32 -1
2 33 -1
2 34 -1

3 0 7.09271
3 1 -1
3 2 -1
3 3 -1
3 4 -1
3 5 -1
3 6 -1
3 7 -1
3 8 -1
3 9 -1
3 10 -1
3 11 -1
3 12 -1
3 13 -1
3 14 -1
3 15 -1
3 16 -1
3 17 -1
3 18 -1
3 19 -1
3 20 -1
3 21 -1
3 22 -1
3 23 -1
3 24 -1
3 25 -1
3 26 -1
3 27 -1
3 28 -1
3 29 -1
3 30 -1
3 31 -1
3 32 -1
3 33 -1
3 34 -1

4 0 8.23346
4 1 -1
4 2 -1
4 3 -1
4 4 -1
4 5 -1
4 6 -1
4 7 -1
4 8 -1
4 9 -1
4 10 -1
4 11 -1
4 12 -1
4 13 -1
4 14 -1
4 15 -1
4 16 -1
4 17 -1
4 18 -1
4 19 -1
4 20 -1
4 21 -1
4 22 -1
4 23 -1
4 24 -1
4 25 -1
4 26 -1
4 27 -1
4 28 -1
4 29 -1
4 30 -1
4 31 -1
4 32 -1
4 33 -1
4 34 -1

5 0 9.47266
5 1 -1
5 2 -1
5 3 -1
5 4 -1
5 5 -1
5 6 -1
5 7 -1
5 8 -1
5 9 -1
5 10 -1
5 11 -1
5 12 -1
5 13 -1
5 14 -1
5 15 -1
5 16 -1
5 17 -1
5 18 -1
5 19 -1
5 20 -1
5 21 -1
5 22 -1
5 23 -1
5 24 -1
5 25 -1
5 26 -1
5 27 -1
5 28 -1
5 29 -1
5 30 -1
5 31 -1
5 32 -1
5 33 -1
5 34 -1

6 0 10.7643
6 1 4.52972
6 2 -1
6 3 -1
6 4 -1
6 5 -1
6 6 -1
6 7 -1
6 8 -1
6 9 -1
6 10 -1
6 11 -1
6 12 -1
6 13 -1
6 14 -1
6 15 -1
6 16 -1
6 17 -1
6 18 -1
6 19 -1
6 20 -1
6 21 -1
6 22 -1
6 23 -1
6 24 -1
6 25 -1
6 26 -1
6 27 -1
6 28 -1
6 29 -1
6 30 -1
6 31 -1
6 32 -1
6 33 -1
6 34 -1

7 0 12.0865
7 1 6.73761
7 2 -1
7 3 -1
7 4 -1
7 5 -1
7 6 -1
7 7 -1
7 8 -1
7 9 -1
7 10 -1
7 11 -1
7 12 -1
7 13 -1
7 14 -1
7 15 -1
7 16 -1
7 17 -1
7 18 -1
7 19 -1
7 20 -1
7 21 -1
7 22 -1
7 23 -1
7 24 -1
7 25 -1
7 26 -1
7 27 -1
7 28 -1
7 29 -1
7 30 -1
7 31 -1
7 32 -1
7 33 -1
7 34 -1

8 0 13.4042
8 1 8.65192
8 2 -1
8 3 -1
8 4 -1
8 5 -1
8 6 -1
8 7 -1
8 8 -1
8 9 -1
8 10 -1
8 11 -1
8 12 -1
8 13 -1
8 14 -1
8 15 -1
8 16 -1
8 17 -1
8 18 -1
8 19 -1
8 20 -1
8 21 -1
8 22 -1
8 23 -1
8 24 -1
8 25 -1
8 26 -1
8 27 -1
8 28 -1
8 29 -1
8 30 -1
8 31 -1
8 32 -1
8 33 -1
8 34 -1

9 0 14.7325
9 1 10.3975
9 2 -1
9 3 -1
9 4 -1
9 5 -1
9 6 -1
9 7 -1
9 8 -1
9 9 -1
9 10 -1
9 11 -1
9 12 -1
9 13 -1
9 14 -1
9 15 -1
9 16 -1
9 17 -1
9 18 -1
9 19 -1
9 20 -1
9 21 -1
9 22 -1
9 23 -1
9 24 -1
9 25 -1
9 26 -1
9 27 -1
9 28 -1
9 29 -1
9 30 -1
9 31 -1
9 32 -1
9 33 -1
9 34 -1

10 0 16.0804
10 1 12.0732
10 2 5.20001
10 3 -1
10 4 -1
10 5 -1
10 6 -1
10 7 -1
10 8 -1
10 9 -1
10 10 -1
10 11 -1
10 12 -1
10 13 -1
10 14 -1
10 15 -1
10 16 -1
10 17 -1
10 18 -1
10 19 -1
10 20 -1
10 21 -1
10 22 -1
10 23 -1
10 24 -1
10 25 -1
10 26 -1
10 27 -1
10 28 -1
10 29 -1
10 30 -1
10 31 -1
10 32 -1
10 33 -1
10 34 -1

11 0 17.4249
11 1 13.6777
11 2 7.80206
11 3 -1
11 4 -1
11 5 -1
11 6 -1
11 7 -1
11 8 -1
11 9 -1
11 10 -1
11 11 -1
11 12 -1
11 13 -1
11 14 -1
11 15 -1
11 16 -1
11 17 -1
11 18 -1
11 19 -1
11 20 -1
11 21 -1
11 22 -1
11 23 -1
11 24 -1
11 25 -1
11 26 -1
11 27 -1
11 28 -1
11 29 -1
11 30 -1
11 31 -1
11 32 -1
11 33 -1
11 34 -1

12 0 18.7621
12 1 15.2299
12 2 9.93115
12 3 3.07574
12 4 -1
12 5 -1
12 6 -1
12 7 -1
12 8 -1
12 9 -1
12 10 -1
12 11 -1
12 12 -1
12 13 -1
12 14 -1
12 15 -1
12 16 -1
12 17 -1
12 18 -1
12 19 -1
12 20 -1
12 21 -1
12 22 -1
12 23 -1
12 24 -1
12 25 -1
12 26 -1
12 27 -1
12 28 -1
12 29 -1
12 30 -1
12 31 -1
12 32 -1
12 33 -1
12 34 -1

13 0 20.0825
13 1 16.7462
13 2 11.9271
13 3 5.65082
13 4 -1
13 5 -1
13 6 -1
13 7 -1
13 8 -1
13 9 -1
13 10 -1
13 11 -1
13 12 -1
13 13 -1
13 14 -1
13 15 -1
13 16 -1
13 17 -1
13 18 -1
13 19 -1
13 20 -1
13 21 -1
13 22 -1
13 23 -1
13 24 -1
13 25 -1
13 26 -1
13 27 -1
13 28 -1
13 29 -1
13 30 -1
13 31 -1
13 32 -1
13 33 -1
13 34 -1

14 0 21.3979
14 1 18.2399
14 2 13.78
14 3 7.95197
14 4 -1
14 5 -1
14 6 -1
14 7 -1
14 8 -1
14 9 -1
14 10 -1
14 11 -1
14 12 -1
14 13 -1
14 14 -1
14 15 -1
14 16 -1
14 17 -1
14 18 -1
14 19 -1
14 20 -1
14 21 -1
14 22 -1
14 23 -1
14 24 -1
14 25 -1
14 26 -1
14 27 -1
14 28 -1
14 29 -1
14 30 -1
14 31 -1
14 32 -1
14 33 -1
14 34 -1

15 0 22.7127
15 1 19.745
15 2 15.5682
15 3 10.1624
15 4 -1
15 5 -1
15 6 -1
15 7 -1
15 8 -1
15 9 -1
15 10 -1
15 11 -1
15 12 -1
15 13 -1
15 14 -1
15 15 -1
15 16 -1
15 17 -1
15 18 -1
15 19 -1
15 20 -1
15 21 -1
15 22 -1
15 23 -1
15 24 -1
15 25 -1
15 26 -1
15 27 -1
15 28 -1
15 29 -1
15 30 -1
15 31 -1
15 32 -1
15 33 -1
15 34 -1

16 0 24.0263
16 1 21.1903
16 2 17.2606
16 3 12.2184
16 4 5.29022
16 5 -1
16 6 -1
16 7 -1
16 8 -1
16 9 -1
16 10 -1
16 11 -1
16 12 -1
16 13 -1
16 14 -1
16 15 -1
16 16 -1
16 17 -1
16 18 -1
16 19 -1
16 20 -1
16 21 -1
16 22 -1
16 23 -1
16 24 -1
16 25 -1
16 26 -1
16 27 -1
16 28 -1
16 29 -1
16 30 -1
16 31 -1
16 32 -1
16 33 -1
16 34 -1

17 0 25.3157
17 1 22.6129
17 2 18.8999
17 3 14.1252
17 4 8.05548
17 5 -1
17 6 -1
17 7 -1
17 8 -1
17 9 -1
17 10 -1
17 11 -1
17 12 -1
17 13 -1
17 14 -1
17 15 -1
17 16 -1
17 17 -1
17 18 -1
17 19 -1
17 20 -1
17 21 -1
17 22 -1
17 23 -1
17 24 -1
17 25 -1
17 26 -1
17 27 -1
17 28 -1
17 29 -1
17 30 -1
17 31 -1
17 32 -1
17 33 -1
17 34 -1

18 0 26.5972
18 1 24.0369
18 2 20.4546
18 3 15.9834
18 4 10.3972
18 5 3.12671
18 6 -1
18 7 -1
18 8 -1
18 9 -1
18 10 -1
18 11 -1
18 12 -1
18 13 -1
18 14 -1
18 15 -1
18 16 -1
18 17 -1
18 18 -1
18 19 -1
18 20 -1
18 21 -1
18 22 -1
18 23 -1
18 24 -1
18 25 -1
18 26 -1
18 27 -1
18 28 -1
18 29 -1
18 30 -1
18 31 -1
18 32 -1
18 33 -1
18 34 -1

19 0 27.8742
19 1 25.4426
19 2 22.0328
19 3 17.7932
19 4 12.533
19 5 5.83905
19 6 -1
19 7 -1
19 8 -1
19 9 -1
19 10 -1
19 11 -1
19 12 -1
19 13 -1
19 14 -1
19 15 -1
19 16 -1
19 17 -1
19 18 -1
19 19 -1
19 20 -1
19 21 -1
19 22 -1
19 23 -1
19 24 -1
19 25 -1
19 26 -1
19 27 -1
19 28 -1
19 29 -1
19 30 -1
19 31 -1
19 32 -1
19 33 -1
19 34 -1

20 0 29.128
20 1 26.8291
20 2 23.5619
20 3 19.506
20 4 14.5573
20 5 8.27228
20 6 -1
20 7 -1
20 8 -1
20 9 -1
20 10 -1
20 11 -1
20 12 -1
20 13 -1
20 14 -1
20 15 -1
20 16 -1
20 17 -1
20 18 -1
20 19 -1
20 20 -1
20 21 -1
20 22 -1
20 23 -1
20 24 -1
20 25 -1
20 26 -1
20 27 -1
20 28 -1
20 29 -1
20 30 -1
20 31 -1
20 32 -1
20 33 -1
20 34 -1

21 0 30.3704
21 1 28.1754
21 2 25.0317
21 3 21.1573
21 4 16.4837
21 5 10.623
21 6 -1
21 7 -1
21 8 -1
21 9 -1
21 10 -1
21 11 -1
21 12 -1
21 13 -1
21 14 -1
21 15 -1
21 16 -1
21 17 -1
21 18 -1
21 19 -1
21 20 -1
21 21 -1
21 22 -1
21 23 -1
21 24 -1
21 25 -1
21 26 -1
21 27 -1
21 28 -1
21 29 -1
21 30 -1
21 31 -1
21 32 -1
21 33 -1
21 34 -1

22 0 31.5941
22 1 29.4954
22 2 26.4835
22 3 22.7446
22 4 18.3235
22 5 12.8765
22 6 5.50195
22 7 -1
22 8 -1
22 9 -1
22 10 -1
22 11 -1
22 12 -1
22 13 -1
22 14 -1
22 15 -1
22 16 -1
22 17 -1
22 18 -1
22 19 -1
22 20 -1
22 21 -1
22 22 -1
22 23 -1
22 24 -1
22 25 -1
22 26 -1
22 27 -1
22 28 -1
22 29 -1
22 30 -1
22 31 -1
22 32 -1
22 33 -1
22 34 -1

23 0 32.7938
23 1 30.7986
23 2 27.8892
23 3 24.3328
23 4 20.1002
23 5 14.9623
23 6 8.45605
23 7 -1
23 8 -1
23 9 -1
23 10 -1
23 11 -1
23 12 -1
23 13 -1
23 14 -1
23 15 -1
23 16 -1
23 17 -1
23 18 -1
23 19 -1
23 20 -1
23 21 -1
23 22 -1
23 23 -1
23 24 -1
23 25 -1
23 26 -1
23 27 -1
23 28 -1
23 29 -1
23 30 -1
23 31 -1
23 32 -1
23 33 -1
23 34 -1

24 0 33.9799
24 1 32.0941
24 2 29.2896
24 3 25.868
24 4 21.8162
24 5 16.9929
24 6 11.0184
24 7 3.19159
24 8 -1
24 9 -1
24 10 -1
24 11 -1
24 12 -1
24 13 -1
24 14 -1
24 15 -1
24 16 -1
24 17 -1
24 18 -1
24 19 -1
24 20 -1
24 21 -1
24 22 -1
24 23 -1
24 24 -1
24 25 -1
24 26 -1
24 27 -1
24 28 -1
24 29 -1
24 30 -1
24 31 -1
24 32 -1
24 33 -1
24 34 -1

25 0 35.1664
25 1 33.3661
25 2 30.6595
25 3 27.3661
25 4 23.4944
25 5 18.8941
25 6 13.3683
25 7 6.03125
25 8 -1
25 9 -1
25 10 -1
25 11 -1
25 12 -1
25 13 -1
25 14 -1
25 15 -1
25 16 -1
25 17 -1
25 18 -1
25 19 -1
25 20 -1
25 21 -1
25 22 -1
25 23 -1
25 24 -1
25 25 -1
25 26 -1
25 27 -1
25 28 -1
25 29 -1
25 30 -1
25 31 -1
25 32 -1
25 33 -1
25 34 -1

26 0 36.3309
26 1 34.6157
26 2 32.0162
26 3 28.8365
26 4 25.1029
26 5 20.6983
26 6 15.4869
26 7 8.82465
26 8 -1
26 9 -1
26 10 -1
26 11 -1
26 12 -1
26 13 -1
26 14 -1
26 15 -1
26 16 -1
26 17 -1
26 18 -1
26 19 -1
26 20 -1
26 21 -1
26 22 -1
26 23 -1
26 24 -1
26 25 -1
26 26 -1
26 27 -1
26 28 -1
26 29 -1
26 30 -1
26 31 -1
26 32 -1
26 33 -1
26 34 -1

27 0 37.4553
27 1 35.8464
27 2 33.3627
27 3 30.2733
27 4 26.6879
27 5 22.4655
27 6 17.5001
27 7 11.3414
27 8 -1
27 9 -1
27 10 -1
27 11 -1
27 12 -1
27 13 -1
27 14 -1
27 15 -1
27 16 -1
27 17 -1
27 18 -1
27 19 -1
27 20 -1
27 21 -1
27 22 -1
27 23 -1
27 24 -1
27 25 -1
27 26 -1
27 27 -1
27 28 -1
27 29 -1
27 30 -1
27 31 -1
27 32 -1
27 33 -1
27 34 -1

28 0 38.5677
28 1 37.0433
28 2 34.6655
28 3 31.6801
28 4 28.2269
28 5 24.1442
28 6 19.407
28 7 13.7257
28 8 6.10553
28 9 -1
28 10 -1
28 11 -1
28 12 -1
28 13 -1
28 14 -1
28 15 -1
28 16 -1
28 17 -1
28 18 -1
28 19 -1
28 20 -1
28 21 -1
28 22 -1
28 23 -1
28 24 -1
28 25 -1
28 26 -1
28 27 -1
28 28 -1
28 29 -1
28 30 -1
28 31 -1
28 32 -1
28 33 -1
28 34 -1

29 0 39.6561
29 1 38.2238
29 2 35.9536
29 3 33.0692
29 4 29.71
29 5 25.7907
29 6 21.2435
29 7 15.9406
29 8 9.14276
29 9 -1
29 10 -1
29 11 -1
29 12 -1
29 13 -1
29 14 -1
29 15 -1
29 16 -1
29 17 -1
29 18 -1
29 19 -1
29 20 -1
29 21 -1
29 22 -1
29 23 -1
29 24 -1
29 25 -1
29 26 -1
29 27 -1
29 28 -1
29 29 -1
29 30 -1
29 31 -1
29 32 -1
29 33 -1
29 34 -1

30 0 40.7341
30 1 39.4011
30 2 37.2074
30 3 34.4222
30 4 31.172
30 5 27.4089
30 6 23.0475
30 7 17.975
30 8 11.7536
30 9 3.48468
30 10 -1
30 11 -1
30 12 -1
30 13 -1
30 14 -1
30 15 -1
30 16 -1
30 17 -1
30 18 -1
30 19 -1
30 20 -1
30 21 -1
30 22 -1
30 23 -1
30 24 -1
30 25 -1
30 26 -1
30 27 -1
30 28 -1
30 29 -1
30 30 -1
30 31 -1
30 32 -1
30 33 -1
30 34 -1

31 0 41.8003
31 1 40.5258
31 2 38.4337
31 3 35.7656
31 4 32.6108
31 5 28.9492
31 6 24.7847
31 7 19.9571
31 8 14.1818
31 9 6.76727
31 10 -1
31 11 -1
31 12 -1
31 13 -1
31 14 -1
31 15 -1
31 16 -1
31 17 -1
31 18 -1
31 19 -1
31 20 -1
31 21 -1
31 22 -1
31 23 -1
31 24 -1
31 25 -1
31 26 -1
31 27 -1
31 28 -1
31 29 -1
31 30 -1
31 31 -1
31 32 -1
31 33 -1
31 34 -1

32 0 42.8488
32 1 41.6545
32 2 39.6477
32 3 37.0773
32 4 34.0298
32 5 30.4863
32 6 26.4595
32 7 21.8378
32 8 16.3876
32 9 9.64081
32 10 -1
32 11 -1
32 12 -1
32 13 -1
32 14 -1
32 15 -1
32 16 -1
32 17 -1
32 18 -1
32 19 -1
32 20 -1
32 21 -1
32 22 -1
32 23 -1
32 24 -1
32 25 -1
32 26 -1
32 27 -1
32 28 -1
32 29 -1
32 30 -1
32 31 -1
32 32 -1
32 33 -1
32 34 -1

33 0 43.8643
33 1 42.761
33 2 40.8415
33 3 38.3533
33 4 35.379
33 5 32.0049
33 6 28.1186
33 7 23.6497
33 8 18.5244
33 9 12.3209
33 10 3.96429
33 11 -1
33 12 -1
33 13 -1
33 14 -1
33 15 -1
33 16 -1
33 17 -1
33 18 -1
33 19 -1
33 20 -1
33 21 -1
33 22 -1
33 23 -1
33 24 -1
33 25 -1
33 26 -1
33 27 -1
33 28 -1
33 29 -1
33 30 -1
33 31 -1
33 32 -1
33 33 -1
33 34 -1

34 0 44.8463
34 1 43.8308
34 2 42.0051
34 3 39.5862
34 4 36.7411
34 5 33.4871
34 6 29.6958
34 7 25.425
34 8 20.471
34 9 14.6752
34 10 7.41541
34 11 -1
34 12 -1
34 13 -1
34 14 -1
34 15 -1
34 16 -1
34 17 -1
34 18 -1
34 19 -1
34 20 -1
34 21 -1
34 22 -1
34 23 -1
34 24 -1
34 25 -1
34 26 -1
34 27 -1
34 28 -1
34 29 -1
34 30 -1
34 31 -1
34 32 -1
34 33 -1
34 34 -1

35 0 45.8129
35 1 44.8761
35 2 43.1158
35 3 40.8116
35 4 38.0568
35 5 34.8673
35 6 31.2914
35 7 27.1212
35 8 22.4023
35 9 16.9152
35 10 10.2772
35 11 1.85706
35 12 -1
35 13 -1
35 14 -1
35 15 -1
35 16 -1
35 17 -1
35 18 -1
35 19 -1
35 20 -1
35 21 -1
35 22 -1
35 23 -1
35 24 -1
35 25 -1
35 26 -1
35 27 -1
35 28 -1
35 29 -1
35 30 -1
35 31 -1
35 32 -1
35 33 -1
35 34 -1

36 0 46.773
36 1 45.9019
36 2 44.2225
36 3 42.0245
36 4 39.3463
36 5 36.2534
36 6 32.7607
36 7 28.7809
36 8 24.2296
36 9 19.0342
36 10 12.8113
36 11 4.88287
36 12 -1
36 13 -1
36 14 -1
36 15 -1
36 16 -1
36 17 -1
36 18 -1
36 19 -1
36 20 -1
36 21 -1
36 22 -1
36 23 -1
36 24 -1
36 25 -1
36 26 -1
36 27 -1
36 28 -1
36 29 -1
36 30 -1
36 31 -1
36 32 -1
36 33 -1
36 34 -1

37 0 47.7081
37 1 46.9081
37 2 45.2864
37 3 43.1666
37 4 40.6046
37 5 37.6249
37 6 34.2217
37 7 30.3663
37 8 26.0328
37 9 21.0484
37 10 15.2624
37 11 7.94171
37 12 -1
37 13 -1
37 14 -1
37 15 -1
37 16 -1
37 17 -1
37 18 -1
37 19 -1
37 20 -1
37 21 -1
37 22 -1
37 23 -1
37 24 -1
37 25 -1
37 26 -1
37 27 -1
37 28 -1
37 29 -1
37 30 -1
37 31 -1
37 32 -1
37 33 -1
37 34 -1

38 0 48.6143
38 1 47.8644
38 2 46.3478
38 3 44.2913
38 4 41.8118
38 5 38.9305
38 6 35.6503
38 7 31.9382
38 8 27.7627
38 9 23.0265
38 10 17.4443
38 11 10.7534
38 12 -1
38 13 -1
38 14 -1
38 15 -1
38 16 -1
38 17 -1
38 18 -1
38 19 -1
38 20 -1
38 21 -1
38 22 -1
38 23 -1
38 24 -1
38 25 -1
38 26 -1
38 27 -1
38 28 -1
38 29 -1
38 30 -1
38 31 -1
38 32 -1
38 33 -1
38 34 -1

39 0 49.4882
39 1 48.8173
39 2 47.3665
39 3 45.3784
39 4 43.0123
39 5 40.2452
39 6 37.0622
39 7 33.4595
39 8 29.4431
39 9 24.8686
39 10 19.5919
39 11 13.3617
39 12 5.02716
39 13 -1
39 14 -1
39 15 -1
39 16 -1
39 17 -1
39 18 -1
39 19 -1
39 20 -1
39 21 -1
39 22 -1
39 23 -1
39 24 -1
39 25 -1
39 26 -1
39 27 -1
39 28 -1
39 29 -1
39 30 -1
39 31 -1
39 32 -1
39 33 -1
39 34 -1

40 0 50.3214
40 1 49.7241
40 2 48.3717
40 3 46.446
40 4 44.1467
40 5 41.489
40 6 38.4063
40 7 34.9685
40 8 31.0615
40 9 26.6415
40 10 21.6086
40 11 15.6978
40 12 8.41412
40 13 -1
40 14 -1
40 15 -1
40 16 -1
40 17 -1
40 18 -1
40 19 -1
40 20 -1
40 21 -1
40 22 -1
40 23 -1
40 24 -1
40 25 -1
40 26 -1
40 27 -1
40 28 -1
40 29 -1
40 30 -1
40 31 -1
40 32 -1
40 33 -1
40 34 -1

41 0 51.1375
41 1 50.6214
41 2 49.3137
41 3 47.4786
41 4 45.2891
41 5 42.6969
41 6 39.751
41 7 36.3992
41 8 32.6729
41 9 28.3596
41 10 23.5393
41 11 17.9647
41 12 11.2257
41 13 2.42651
41 14 -1
41 15 -1
41 16 -1
41 17 -1
41 18 -1
41 19 -1
41 20 -1
41 21 -1
41 22 -1
41 23 -1
41 24 -1
41 25 -1
41 26 -1
41 27 -1
41 28 -1
41 29 -1
41 30 -1
41 31 -1
41 32 -1
41 33 -1
41 34 -1

42 0 51.9206
42 1 51.4783
42 2 50.2531
42 3 48.5153
42 4 46.374
42 5 43.8882
42 6 41.0175
42 7 37.7736
42 8 34.1746
42 9 30.063
42 10 25.4048
42 11 20.1186
42 12 13.8166
42 13 5.91217
42 14 -1
42 15 -1
42 16 -1
42 17 -1
42 18 -1
42 19 -1
42 20 -1
42 21 -1
42 22 -1
42 23 -1
42 24 -1
42 25 -1
42 26 -1
42 27 -1
42 28 -1
42 29 -1
42 30 -1
42 31 -1
42 32 -1
42 33 -1
42 34 -1

43 0 52.6702
43 1 52.2913
43 2 51.1444
43 3 49.5039
43 4 47.4323
43 5 45.0103
43 6 42.2795
43 7 39.1412
43 8 35.6266
43 9 31.6528
43 10 27.2036
43 11 22.1566
43 12 16.2487
43 13 8.99609
43 14 -1
43 15 -1
43 16 -1
43 17 -1
43 18 -1
43 19 -1
43 20 -1
43 21 -1
43 22 -1
43 23 -1
43 24 -1
43 25 -1
43 26 -1
43 27 -1
43 28 -1
43 29 -1
43 30 -1
43 31 -1
43 32 -1
43 33 -1
43 34 -1

44 0 53.3771
44 1 53.0797
44 2 52.0068
44 3 50.4352
44 4 48.4738
44 5 46.1365
44 6 43.4706
44 7 40.4596
44 8 37.0505
44 9 33.2564
44 10 28.9493
44 11 24.0649
44 12 18.4454
44 13 11.808
44 14 3.12976
44 15 -1
44 16 -1
44 17 -1
44 18 -1
44 19 -1
44 20 -1
44 21 -1
44 22 -1
44 23 -1
44 24 -1
44 25 -1
44 26 -1
44 27 -1
44 28 -1
44 29 -1
44 30 -1
44 31 -1
44 32 -1
44 33 -1
44 34 -1

45 0 54.0617
45 1 53.8332
45 2 52.8561
45 3 51.3616
45 4 49.4532
45 5 47.2285
45 6 44.665
45 7 41.7227
45 8 38.4293
45 9 34.7433
45 10 30.6322
45 11 25.9359
45 12 20.5627
45 13 14.3963
45 14 6.68536
45 15 -1
45 16 -1
45 17 -1
45 18 -1
45 19 -1
45 20 -1
45 21 -1
45 22 -1
45 23 -1
45 24 -1
45 25 -1
45 26 -1
45 27 -1
45 28 -1
45 29 -1
45 30 -1
45 31 -1
45 32 -1
45 33 -1
45 34 -1

46 0 54.7151
46 1 54.5591
46 2 53.6557
46 3 52.2465
46 4 50.4159
46 5 48.2686
46 6 45.7834
46 7 42.9631
46 8 39.7932
46 9 36.2261
46 10 32.2565
46 11 27.7354
46 12 22.6235
46 13 16.7178
46 14 9.66681
46 15 0.65625
46 16 -1
46 17 -1
46 18 -1
46 19 -1
46 20 -1
46 21 -1
46 22 -1
46 23 -1
46 24 -1
46 25 -1
46 26 -1
46 27 -1
46 28 -1
46 29 -1
46 30 -1
46 31 -1
46 32 -1
46 33 -1
46 34 -1

47 0 55.3226
47 1 55.2464
47 2 54.4141
47 3 53.0854
47 4 51.3577
47 5 49.2794
47 6 46.8925
47 7 44.1461
47 8 41.0852
47 9 37.6257
47 10 33.8018
47 11 29.4975
47 12 24.5966
47 13 18.9337
47 14 12.3568
47 15 4.2085
47 16 -1
47 17 -1
47 18 -1
47 19 -1
47 20 -1
47 21 -1
47 22 -1
47 23 -1
47 24 -1
47 25 -1
47 26 -1
47 27 -1
47 28 -1
47 29 -1
47 30 -1
47 31 -1
47 32 -1
47 33 -1
47 34 -1

48 0 55.8878
48 1 55.8818
48 2 55.1392
48 3 53.8766
48 4 52.2422
48 5 50.2521
48 6 47.957
48 7 45.3159
48 8 42.3444
48 9 39.015
48 10 35.2976
48 11 31.1659
48 12 26.4969
48 13 21.1089
48 14 14.8698
48 15 7.26343
48 16 -1
48 17 -1
48 18 -1
48 19 -1
48 20 -1
48 21 -1
48 22 -1
48 23 -1
48 24 -1
48 25 -1
48 26 -1
48 27 -1
48 28 -1
48 29 -1
48 30 -1
48 31 -1
48 32 -1
48 33 -1
48 34 -1

49 0 56.4127
49 1 56.4954
49 2 55.8282
49 3 54.6425
49 4 53.0825
49 5 51.1738
49 6 48.951
49 7 46.4197
49 8 43.5429
49 9 40.3339
49 10 36.762
49 11 32.7492
49 12 28.2572
49 13 23.1441
49 14 17.1976
49 15 10.1945
49 16 -1
49 17 -1
49 18 -1
49 19 -1
49 20 -1
49 21 -1
49 22 -1
49 23 -1
49 24 -1
49 25 -1
49 26 -1
49 27 -1
49 28 -1
49 29 -1
49 30 -1
49 31 -1
49 32 -1
49 33 -1
49 34 -1

50 0 56.9246
50 1 57.0655
50 2 56.4776
50 3 55.3785
50 4 53.8891
50 5 52.0837
50 6 49.9462
50 7 47.5012
50 8 44.7101
50 9 41.5946
50 10 38.1516
50 11 34.3063
50 12 29.9865
50 13 25.0453
50 14 19.4641
50 15 12.8701
50 16 4.22498
50 17 -1
50 18 -1
50 19 -1
50 20 -1
50 21 -1
50 22 -1
50 23 -1
50 24 -1
50 25 -1
50 26 -1
50 27 -1
50 28 -1
50 29 -1
50 30 -1
50 31 -1
50 32 -1
50 33 -1
50 34 -1

51 0 57.3842
51 1 57.5959
51 2 57.0875
51 3 56.0533
51 4 54.6622
51 5 52.9216
51 6 50.8656
51 7 48.5392
51 8 45.8507
51 9 42.832
51 10 39.5081
51 11 35.7836
51 12 31.595
51 13 26.9453
51 14 21.5613
51 15 15.3051
51 16 7.65491
51 17 -1
51 18 -1
51 19 -1
51 20 -1
51 21 -1
51 22 -1
51 23 -1
51 24 -1
51 25 -1
51 26 -1
51 27 -1
51 28 -1
51 29 -1
51 30 -1
51 31 -1
51 32 -1
51 33 -1
51 34 -1

52 0 57.7842
52 1 58.0831
52 2 57.6342
52 3 56.6948
52 4 55.3788
52 5 53.7271
52 6 51.7367
52 7 49.5209
52 8 46.9372
52 9 44.0568
52 10 40.821
52 11 37.1953
52 12 33.1934
52 13 28.6701
52 14 23.5414
52 15 17.595
52 16 10.4571
52 17 1.22943
52 18 -1
52 19 -1
52 20 -1
52 21 -1
52 22 -1
52 23 -1
52 24 -1
52 25 -1
52 26 -1
52 27 -1
52 28 -1
52 29 -1
52 30 -1
52 31 -1
52 32 -1
52 33 -1
52 34 -1

53 0 58.1237
53 1 58.5207
53 2 58.147
53 3 57.2896
53 4 56.0577
53 5 54.4939
53 6 52.6064
53 7 50.4413
53 8 47.9751
53 9 45.2003
53 10 42.0864
53 11 38.5977
53 12 34.7047
53 13 30.42
53 14 25.4862
53 15 19.8134
53 16 13.1185
53 17 4.54297
53 18 -1
53 19 -1
53 20 -1
53 21 -1
53 22 -1
53 23 -1
53 24 -1
53 25 -1
53 26 -1
53 27 -1
53 28 -1
53 29 -1
53 30 -1
53 31 -1
53 32 -1
53 33 -1
53 34 -1

54 0 58.4274
54 1 58.91
54 2 58.617
54 3 57.8356
54 4 56.6787
54 5 55.2128
54 6 53.416
54 7 51.3236
54 8 48.9769
54 9 46.2869
54 10 43.3065
54 11 39.9621
54 12 36.2151
54 13 32.0215
54 14 27.3485
54 15 21.9499
54 16 15.6756
54 17 7.83221
54 18 -1
54 19 -1
54 20 -1
54 21 -1
54 22 -1
54 23 -1
54 24 -1
54 25 -1
54 26 -1
54 27 -1
54 28 -1
54 29 -1
54 30 -1
54 31 -1
54 32 -1
54 33 -1
54 34 -1

55 0 58.6895
55 1 59.2511
55 2 59.0445
55 3 58.3445
55 4 57.2622
55 5 55.8619
55 6 54.1884
55 7 52.175
55 8 49.8829
55 9 47.3085
55 10 44.4509
55 11 41.2552
55 12 37.6272
55 13 33.6116
55 14 29.0876
55 15 23.9891
55 16 18.0389
55 17 10.8568
55 18 0.748901
55 19 -1
55 20 -1
55 21 -1
55 22 -1
55 23 -1
55 24 -1
55 25 -1
55 26 -1
55 27 -1
55 28 -1
55 29 -1
55 30 -1
55 31 -1
55 32 -1
55 33 -1
55 34 -1

56 0 58.8947
56 1 59.5268
56 2 59.4143
56 3 58.8026
56 4 57.8185
56 5 56.4954
56 6 54.8585
56 7 52.9778
56 8 50.798
56 9 48.3267
56 10 45.5544
56 11 42.4663
56 12 38.96
56 13 35.106
56 14 30.781
56 15 25.8546
56 16 20.3181
56 17 13.6265
56 18 5.0246
56 19 -1
56 20 -1
56 21 -1
56 22 -1
56 23 -1
56 24 -1
56 25 -1
56 26 -1
56 27 -1
56 28 -1
56 29 -1
56 30 -1
56 31 -1
56 32 -1
56 33 -1
56 34 -1

57 0 59.0222
57 1 59.7491
57 2 59.7197
57 3 59.2144
57 4 58.3054
57 5 57.0679
57 6 55.5351
57 7 53.7242
57 8 51.6644
57 9 49.2833
57 10 46.5919
57 11 43.6161
57 12 40.2776
57 13 36.5461
57 14 32.4014
57 15 27.7231
57 16 22.3846
57 17 16.1863
57 18 8.39612
57 19 -1
57 20 -1
57 21 -1
57 22 -1
57 23 -1
57 24 -1
57 25 -1
57 26 -1
57 27 -1
57 28 -1
57 29 -1
57 30 -1
57 31 -1
57 32 -1
57 33 -1
57 34 -1

58 0 59.0892
58 1 59.9238
58 2 59.9766
58 3 59.5453
58 4 58.74
58 5 57.6075
58 6 56.1818
58 7 54.4462
58 8 52.4496
58 9 50.1785
58 10 47.6119
58 11 44.7303
58 12 41.5216
58 13 37.9345
58 14 33.9186
58 15 29.4448
58 16 24.3593
58 17 18.4218
58 18 11.4743
58 19 1.39758
58 20 -1
58 21 -1
58 22 -1
58 23 -1
58 24 -1
58 25 -1
58 26 -1
58 27 -1
58 28 -1
58 29 -1
58 30 -1
58 31 -1
58 32 -1
58 33 -1
58 34 -1

59 0 59.0877
59 1 60.024
59 2 60.1708
59 3 59.8242
59 4 59.1197
59 5 58.0645
59 6 56.7385
59 7 55.1288
59 8 53.1949
59 9 51.022
59 10 48.5605
59 11 45.7974
59 12 42.7078
59 13 39.2776
59 14 35.3947
59 15 31.0737
59 16 26.2363
59 17 20.6438
59 18 14.0258
59 19 5.54425
59 20 -1
59 21 -1
59 22 -1
59 23 -1
59 24 -1
59 25 -1
59 26 -1
59 27 -1
59 28 -1
59 29 -1
59 30 -1
59 31 -1
59 32 -1
59 33 -1
59 34 -1

60 0 58.9988
60 1 60.0563
60 2 60.3007
60 3 60.0554
60 4 59.4241
60 5 58.4726
60 6 57.2283
60 7 55.726
60 8 53.9072
60 9 51.8012
60 10 49.4577
60 11 46.8045
60 12 43.8298
60 13 40.523
60 14 36.8286
60 15 32.6523
60 16 27.9935
60 17 22.6866
60 18 16.5352
60 19 8.80878
60 20 -1
60 21 -1
60 22 -1
60 23 -1
60 24 -1
60 25 -1
60 26 -1
60 27 -1
60 28 -1
60 29 -1
60 30 -1
60 31 -1
60 32 -1
60 33 -1
60 34 -1

61 0 58.8489
61 1 59.9966
61 2 60.357
61 3 60.2132
61 4 59.6769
61 5 58.8206
61 6 57.6905
61 7 56.2552
61 8 54.5554
61 9 52.5527
61 10 50.2945
61 11 47.7473
61 12 44.9133
61 13 41.7078
61 14 38.1746
61 15 34.2107
61 16 29.6908
61 17 24.6722
61 18 18.8284
61 19 11.7842
61 20 2.36273
61 21 -1
61 22 -1
61 23 -1
61 24 -1
61 25 -1
61 26 -1
61 27 -1
61 28 -1
61 29 -1
61 30 -1
61 31 -1
61 32 -1
61 33 -1
61 34 -1

62 0 58.5991
62 1 59.8544
62 2 60.3265
62 3 60.2831
62 4 59.8687
62 5 59.1199
62 6 58.0773
62 7 56.7382
62 8 55.1213
62 9 53.2424
62 10 51.1104
62 11 48.6575
62 12 45.8892
62 13 42.8487
62 14 39.421
62 15 35.6279
62 16 31.3395
62 17 26.4912
62 18 20.968
62 19 14.4054
62 20 5.86652
62 21 -1
62 22 -1
62 23 -1
62 24 -1
62 25 -1
62 26 -1
62 27 -1
62 28 -1
62 29 -1
62 30 -1
62 31 -1
62 32 -1
62 33 -1
62 34 -1

63 0 58.2532
63 1 59.6484
63 2 60.2221
63 3 60.2964
63 4 59.9884
63 5 59.3375
63 6 58.4123
63 7 57.1624
63 8 55.6503
63 9 53.8654
63 10 51.8248
63 11 49.5075
63 12 46.8588
63 13 43.9162
63 14 40.6614
63 15 36.9675
63 16 32.9089
63 17 28.3205
63 18 23.0046
63 19 16.8299
63 20 9.23444
63 21 -1
63 22 -1
63 23 -1
63 24 -1
63 25 -1
63 26 -1
63 27 -1
63 28 -1
63 29 -1
63 30 -1
63 31 -1
63 32 -1
63 33 -1
63 34 -1

64 0 57.7786
64 1 59.3297
64 2 60.0409
64 3 60.2334
64 4 60.0292
64 5 59.4916
64 6 58.66
64 7 57.5481
64 8 56.1176
64 9 54.452
64 10 52.4872
64 11 50.2772
64 12 47.7704
64 13 44.9355
64 14 41.8151
64 15 38.3124
64 16 34.3132
64 17 29.9766
64 18 24.9864
64 19 19.1452
64 20 12.2198
64 21 1.96112
64 22 -1
64 23 -1
64 24 -1
64 25 -1
64 26 -1
64 27 -1
64 28 -1
64 29 -1
64 30 -1
64 31 -1
64 32 -1
64 33 -1
64 34 -1

65 0 57.1657
65 1 58.8826
65 2 59.7525
65 3 60.0758
65 4 59.9954
65 5 59.5811
65 6 58.829
65 7 57.8275
65 8 56.5228
65 9 54.9492
65 10 53.1081
65 11 50.9828
65 12 48.5793
65 13 45.8954
65 14 42.8554
65 15 39.5095
65 16 35.7079
65 17 31.4969
65 18 26.7692
65 19 21.3196
65 20 14.7784
65 21 6.64496
65 22 -1
65 23 -1
65 24 -1
65 25 -1
65 26 -1
65 27 -1
65 28 -1
65 29 -1
65 30 -1
65 31 -1
65 32 -1
65 33 -1
65 34 -1

66 0 56.3835
66 1 58.3088
66 2 59.3511
66 3 59.8123
66 4 59.863
66 5 59.5557
66 6 58.9572
66 7 58.0233
66 8 56.8444
66 9 55.383
66 10 53.6523
66 11 51.6372
66 12 49.3218
66 13 46.7706
66 14 43.875
66 15 40.6415
66 16 37.0166
66 17 32.9844
66 18 28.4302
66 19 23.2354
66 20 17.2861
66 21 9.91931
66 22 -1
66 23 -1
66 24 -1
66 25 -1
66 26 -1
66 27 -1
66 28 -1
66 29 -1
66 30 -1
66 31 -1
66 32 -1
66 33 -1
66 34 -1

67 0 55.4257
67 1 57.5615
67 2 58.804
67 3 59.4364
67 4 59.6288
67 5 59.4635
67 6 58.9704
67 7 58.1812
67 8 57.082
67 9 55.7399
67 10 54.1298
67 11 52.2209
67 12 50.0428
67 13 47.5724
67 14 44.8145
67 15 41.7093
67 16 38.2636
67 17 34.3683
67 18 30.0107
67 19 25.1301
67 20 19.4557
67 21 12.7007
67 22 3.96075
67 23 -1
67 24 -1
67 25 -1
67 26 -1
67 27 -1
67 28 -1
67 29 -1
67 30 -1
67 31 -1
67 32 -1
67 33 -1
67 34 -1

68 0 54.1868
68 1 56.6392
68 2 58.0889
68 3 58.9247
68 4 59.2789
68 5 59.2457
68 6 58.9029
68 7 58.2242
68 8 57.2747
68 9 56.0366
68 10 54.5322
68 11 52.7461
68 12 50.6736
68 13 48.3145
68 14 45.6995
68 15 42.7379
68 16 39.386
68 17 35.6956
68 18 31.5612
68 19 26.8134
68 20 21.4568
68 21 15.1751
68 22 7.40002
68 23 -1
68 24 -1
68 25 -1
68 26 -1
68 27 -1
68 28 -1
68 29 -1
68 30 -1
68 31 -1
68 32 -1
68 33 -1
68 34 -1

69 0 52.5383
69 1 55.408
69 2 57.1909
69 3 58.2573
69 4 58.7961
69 5 58.9318
69 6 58.714
69 7 58.1876
69 8 57.3406
69 9 56.2549
69 10 54.8491
69 11 53.1827
69 12 51.2433
69 13 49.004
69 14 46.4846
69 15 43.6596
69 16 40.5064
69 17 36.9341
69 18 32.9674
69 19 28.5089
69 20 23.3811
69 21 17.4514
69 22 10.3237
69 23 0.294189
69 24 -1
69 25 -1
69 26 -1
69 27 -1
69 28 -1
69 29 -1
69 30 -1
69 31 -1
69 32 -1
69 33 -1
69 34 -1

70 0 50.2497
70 1 53.8123
70 2 56.004
70 3 57.3827
70 4 58.1569
70 5 58.4734
70 6 58.4354
70 7 58.0425
70 8 57.3592
70 9 56.3414
70 10 55.0817
70 11 53.5333
70 12 51.7219
70 13 49.6275
70 14 47.2021
70 15 44.5194
70 16 41.4951
70 17 38.0913
70 18 34.3052
70 19 30.0087
70 20 25.1334
70 21 19.5814
70 22 12.9294
70 23 4.57703
70 24 -1
70 25 -1
70 26 -1
70 27 -1
70 28 -1
70 29 -1
70 30 -1
70 31 -1
70 32 -1
70 33 -1
70 34 -1

71 0 -1
71 1 51.5649
71 2 54.4498
71 3 56.2304
71 4 57.3287
71 5 57.8727
71 6 58.0031
71 7 57.795
71 8 57.2274
71 9 56.3823
71 10 55.2265
71 11 53.8066
71 12 52.119
71 13 50.1483
71 14 47.8633
71 15 45.3005
71 16 42.4237
71 17 39.1602
71 18 35.5303
71 19 31.4741
71 20 26.799
71 21 21.5584
71 22 15.3148
71 23 7.84705
71 24 -1
71 25 -1
71 26 -1
71 27 -1
71 28 -1
71 29 -1
71 30 -1
71 31 -1
71 32 -1
71 33 -1
71 34 -1

72 0 -1
72 1 -1
72 2 52.1992
72 3 54.6917
72 4 56.2021
72 5 57.0731
72 6 57.4268
72 7 57.3951
72 8 57.0092
72 9 56.2972
72 10 55.2892
72 11 54.0165
72 12 52.4415
72 13 50.5865
72 14 48.4402
72 15 46.0112
72 16 43.2683
72 17 40.171
72 18 36.7029
72 19 32.7961
72 20 28.3967
72 21 23.3417
72 22 17.4688
72 23 10.5275
72 24 1.63763
72 25 -1
72 26 -1
72 27 -1
72 28 -1
72 29 -1
72 30 -1
72 31 -1
72 32 -1
72 33 -1
72 34 -1

73 0 -1
73 1 -1
73 2 -1
73 3 52.4761
73 4 54.6974
73 5 55.9727
73 6 56.6395
73 7 56.8509
73 8 56.6447
73 9 56.1026
73 10 55.2641
73 11 54.1096
73 12 52.6922
73 13 50.9707
73 14 48.9372
73 15 46.6502
73 16 44.0112
73 17 41.0629
73 18 37.749
73 19 34.0457
73 20 29.8585
73 21 25.0847
73 22 19.5287
73 23 12.9872
73 24 4.73602
73 25 -1
73 26 -1
73 27 -1
73 28 -1
73 29 -1
73 30 -1
73 31 -1
73 32 -1
73 33 -1
73 34 -1

74 0 -1
74 1 -1
74 2 -1
74 3 -1
74 4 52.5156
74 5 54.5206
74 6 55.5837
74 7 56.0927
74 8 56.1422
74 9 55.7782
74 10 55.1062
74 11 54.1209
74 12 52.8316
74 13 51.2442
74 14 49.3805
74 15 47.1985
74 16 44.7256
74 17 41.8904
74 18 38.7308
74 19 35.1554
74 20 31.2017
74 21 26.6837
74 22 21.483
74 23 15.2634
74 24 7.58264
74 25 -1
74 26 -1
74 27 -1
74 28 -1
74 29 -1
74 30 -1
74 31 -1
74 32 -1
74 33 -1
74 34 -1

75 0 -1
75 1 -1
75 2 -1
75 3 -1
75 4 -1
75 5 52.3687
75 6 54.1569
75 7 55.0654
75 8 55.4195
75 9 55.3046
75 10 54.8181
75 11 54.0023
75 12 52.8837
75 13 51.4358
75 14 49.7059
75 15 47.6795
75 16 45.3337
75 17 42.6381
75 18 39.6319
75 19 36.2786
75 20 32.4536
75 21 28.1497
75 22 23.1818
75 23 17.5176
75 24 10.3771
75 25 0.485474
75 26 -1
75 27 -1
75 28 -1
75 29 -1
75 30 -1
75 31 -1
75 32 -1
75 33 -1
75 34 -1

76 0 -1
76 1 -1
76 2 -1
76 3 -1
76 4 -1
76 5 -1
76 6 52.0491
76 7 53.6693
76 8 54.4352
76 9 54.6157
76 10 54.3703
76 11 53.7465
76 12 52.7962
76 13 51.5309
76 14 49.9371
76 15 48.0524
76 16 45.8467
76 17 43.3121
76 18 40.4437
76 19 37.2238
76 20 33.6322
76 21 29.5298
76 22 24.8381
76 23 19.4204
76 24 12.9977
76 25 4.41052
76 26 -1
76 27 -1
76 28 -1
76 29 -1
76 30 -1
76 31 -1
76 32 -1
76 33 -1
76 34 -1

77 0 -1
77 1 -1
77 2 -1
77 3 -1
77 4 -1
77 5 -1
77 6 -1
77 7 51.6105
77 8 53.0618
77 9 53.6843
77 10 53.721
77 11 53.3377
77 12 52.5652
77 13 51.4808
77 14 50.0664
77 15 48.3273
77 16 46.2661
77 17 43.8898
77 18 41.1843
77 19 38.114
77 20 34.6627
77 21 30.7819
77 22 26.359
77 23 21.2578
77 24 15.2367
77 25 7.6424
77 26 -1
77 27 -1
77 28 -1
77 29 -1
77 30 -1
77 31 -1
77 32 -1
77 33 -1
77 34 -1

78 0 -1
78 1 -1
78 2 -1
78 3 -1
78 4 -1
78 5 -1
78 6 -1
78 7 -1
78 8 51.0466
78 9 52.3629
78 10 52.8234
78 11 52.7147
78 12 52.2054
78 13 51.2978
78 14 50.0534
78 15 48.4862
78 16 46.5928
78 17 44.3661
78 18 41.8253
78 19 38.9276
78 20 35.6436
78 21 31.9305
78 22 27.7119
78 23 22.9061
78 24 17.274
78 25 10.449
78 26 0
78 27 -1
78 28 -1
78 29 -1
78 30 -1
78 31 -1
78 32 -1
78 33 -1
78 34 -1

79 0 -1
79 1 -1
79 2 -1
79 3 -1
79 4 -1
79 5 -1
79 6 -1
79 7 -1
79 8 -1
79 9 50.3634
79 10 51.5389
79 11 51.8613
79 12 51.6218
79 13 50.9598
79 14 49.9359
79 15 48.5269
79 16 46.8127
79 17 44.7567
79 18 42.3594
79 19 39.6236
79 20 36.5409
79 21 32.9706
79 22 28.9756
79 23 24.4138
79 24 19.1309
79 25 12.8213
79 26 4.63037
79 27 -1
79 28 -1
79 29 -1
79 30 -1
79 31 -1
79 32 -1
79 33 -1
79 34 -1

80 0 -1
80 1 -1
80 2 -1
80 3 -1
80 4 -1
80 5 -1
80 6 -1
80 7 -1
80 8 -1
80 9 -1
80 10 49.5871
80 11 50.6206
80 12 50.8101
80 13 50.428
80 14 49.6285
80 15 48.4551
80 16 46.9061
80 17 45.032
80 18 42.8109
80 19 40.2233
80 20 37.2858
80 21 33.9602
80 22 30.1097
80 23 25.8264
80 24 20.809
80 25 14.911
80 26 7.51758
80 27 -1
80 28 -1
80 29 -1
80 30 -1
80 31 -1
80 32 -1
80 33 -1
80 34 -1

81 0 -1
81 1 -1
81 2 -1
81 3 -1
81 4 -1
81 5 -1
81 6 -1
81 7 -1
81 8 -1
81 9 -1
81 10 -1
81 11 48.7186
81 12 49.6119
81 13 49.6539
81 14 49.1406
81 15 48.2074
81 16 46.8716
81 17 45.1829
81 18 43.1213
81 19 40.7272
81 20 37.9581
81 21 34.8099
81 22 31.1955
81 23 27.0624
81 24 22.3329
81 25 16.775
81 26 10.0428
81 27 0.920593
81 28 -1
81 29 -1
81 30 -1
81 31 -1
81 32 -1
81 33 -1
81 34 -1

82 0 -1
82 1 -1
82 2 -1
82 3 -1
82 4 -1
82 5 -1
82 6 -1
82 7 -1
82 8 -1
82 9 -1
82 10 -1
82 11 -1
82 12 47.7505
82 13 48.5049
82 14 48.4043
82 15 47.7558
82 16 46.694
82 17 45.2027
82 18 43.3414
82 19 41.093
82 20 38.5149
82 21 35.5223
82 22 32.1527
82 23 28.2247
82 24 23.7818
82 25 18.5291
82 26 12.2953
82 27 4.19714
82 28 -1
82 29 -1
82 30 -1
82 31 -1
82 32 -1
82 33 -1
82 34 -1

83 0 -1
83 1 -1
83 2 -1
83 3 -1
83 4 -1
83 5 -1
83 6 -1
83 7 -1
83 8 -1
83 9 -1
83 10 -1
83 11 -1
83 12 -1
83 13 46.6879
83 14 47.3029
83 15 47.0732
83 16 46.2762
83 17 45.0538
83 18 43.4103
83 19 41.3743
83 20 38.963
83 21 36.1564
83 22 32.9329
83 23 29.3068
83 24 25.0315
83 25 20.1595
83 26 14.3492
83 27 7.09711
83 28 -1
83 29 -1
83 30 -1
83 31 -1
83 32 -1
83 33 -1
83 34 -1

84 0 -1
84 1 -1
84 2 -1
84 3 -1
84 4 -1
84 5 -1
84 6 -1
84 7 -1
84 8 -1
84 9 -1
84 10 -1
84 11 -1
84 12 -1
84 13 -1
84 14 45.5374
84 15 46.0132
84 16 45.6339
84 17 44.6862
84 18 43.2949
84 19 41.5028
84 20 39.2921
84 21 36.6832
84 22 33.642
84 23 30.1766
84 24 26.2394
84 25 21.5873
84 26 16.1774
84 27 9.53607
84 28 0.309448
84 29 -1
84 30 -1
84 31 -1
84 32 -1
84 33 -1
84 34 -1

85 0 -1
85 1 -1
85 2 -1
85 3 -1
85 4 -1
85 5 -1
85 6 -1
85 7 -1
85 8 -1
85 9 -1
85 10 -1
85 11 -1
85 12 -1
85 13 -1
85 14 -1
85 15 44.2972
85 16 44.6176
85 17 44.0831
85 18 43.0017
85 19 41.4509
85 20 39.4705
85 21 37.064
85 22 34.2252
85 23 30.9614
85 24 27.2164
85 25 22.9139
85 26 17.8184
85 27 11.6599
85 28 3.52081
85 29 -1
85 30 -1
85 31 -1
85 32 -1
85 33 -1
85 34 -1

86 0 -1
86 1 -1
86 2 -1
86 3 -1
86 4 -1
86 5 -1
86 6 -1
86 7 -1
86 8 -1
86 9 -1
86 10 -1
86 11 -1
86 12 -1
86 13 -1
86 14 -1
86 15 -1
86 16 42.9646
86 17 43.1301
86 18 42.4492
86 19 41.2213
86 20 39.4902
86 21 37.2889
86 22 34.7072
86 23 31.6111
86 24 28.1102
86 25 24.0444
86 26 19.2937
86 27 13.5783
86 28 6.297
86 29 -1
86 30 -1
86 31 -1
86 32 -1
86 33 -1
86 34 -1

87 0 -1
87 1 -1
87 2 -1
87 3 -1
87 4 -1
87 5 -1
87 6 -1
87 7 -1
87 8 -1
87 9 -1
87 10 -1
87 11 -1
87 12 -1
87 13 -1
87 14 -1
87 15 -1
87 16 -1
87 17 41.5346
87 18 41.5632
87 19 40.7233
87 20 39.3171
87 21 37.3978
87 22 35.0109
87 23 32.1979
87 24 28.8461
87 25 25.0213
87 26 20.5841
87 27 15.2385
87 28 8.71014
87 29 -1
87 30 -1
87 31 -1
87 32 -1
87 33 -1
87 34 -1

88 0 -1
88 1 -1
88 2 -1
88 3 -1
88 4 -1
88 5 -1
88 6 -1
88 7 -1
88 8 -1
88 9 -1
88 10 -1
88 11 -1
88 12 -1
88 13 -1
88 14 -1
88 15 -1
88 16 -1
88 17 -1
88 18 40.014
88 19 39.9004
88 20 38.8777
88 21 37.29
88 22 35.1878
88 23 32.5786
88 24 29.5247
88 25 25.8962
88 26 21.6755
88 27 16.7749
88 28 10.6697
88 29 2.63879
88 30 -1
88 31 -1
88 32 -1
88 33 -1
88 34 -1

89 0 -1
89 1 -1
89 2 -1
89 3 -1
89 4 -1
89 5 -1
89 6 -1
89 7 -1
89 8 -1
89 9 -1
89 10 -1
89 11 -1
89 12 -1
89 13 -1
89 14 -1
89 15 -1
89 16 -1
89 17 -1
89 18 -1
89 19 38.4095
89 20 38.1267
89 21 36.9292
89 22 35.1589
89 23 32.8214
89 24 29.9709
89 25 26.6353
89 26 22.6803
89 27 18.04
89 28 12.4565
89 29 5.09406
89 30 -1
89 31 -1
89 32 -1
89 33 -1
89 34 -1

90 0 -1
90 1 -1
90 2 -1
90 3 -1
90 4 -1
90 5 -1
90 6 -1
90 7 -1
90 8 -1
90 9 -1
90 10 -1
90 11 -1
90 12 -1
90 13 -1
90 14 -1
90 15 -1
90 16 -1
90 17 -1
90 18 -1
90 19 -1
90 20 36.7085
90 21 36.2357
90 22 34.8619
90 23 32.8776
90 24 30.3035
90 25 27.2188
90 26 23.5529
90 27 19.1843
90 28 14.0413
90 29 7.51306
90 30 -1
90 31 -1
90 32 -1
90 33 -1
90 34 -1

91 0 -1
91 1 -1
91 2 -1
91 3 -1
91 4 -1
91 5 -1
91 6 -1
91 7 -1
91 8 -1
91 9 -1
91 10 -1
91 11 -1
91 12 -1
91 13 -1
91 14 -1
91 15 -1
91 16 -1
91 17 -1
91 18 -1
91 19 -1
91 20 -1
91 21 34.9096
91 22 34.2388
91 23 32.6722
91 24 30.4434
91 25 27.6316
91 26 24.2562
91 27 20.1875
91 28 15.3713
91 29 9.43939
91 30 0.443237
91 31 -1
91 32 -1
91 33 -1
91 34 -1

92 0 -1
92 1 -1
92 2 -1
92 3 -1
92 4 -1
92 5 -1
92 6 -1
92 7 -1
92 8 -1
92 9 -1
92 10 -1
92 11 -1
92 12 -1
92 13 -1
92 14 -1
92 15 -1
92 16 -1
92 17 -1
92 18 -1
92 19 -1
92 20 -1
92 21 -1
92 22 33.0063
92 23 32.1265
92 24 30.3337
92 25 27.8392
92 26 24.7518
92 27 21.0109
92 28 16.5681
92 29 11.0301
92 30 3.80255
92 31 -1
92 32 -1
92 33 -1
92 34 -1

93 0 -1
93 1 -1
93 2 -1
93 3 -1
93 4 -1
93 5 -1
93 6 -1
93 7 -1
93 8 -1
93 9 -1
93 10 -1
93 11 -1
93 12 -1
93 13 -1
93 14 -1
93 15 -1
93 16 -1
93 17 -1
93 18 -1
93 19 -1
93 20 -1
93 21 -1
93 22 -1
93 23 30.9815
93 24 29.8773
93 25 27.8441
93 26 25.0862
93 27 21.6781
93 28 17.5245
93 29 12.4894
93 30 5.92871
93 31 -1
93 32 -1
93 33 -1
93 34 -1

94 0 -1
94 1 -1
94 2 -1
94 3 -1
94 4 -1
94 5 -1
94 6 -1
94 7 -1
94 8 -1
94 9 -1
94 10 -1
94 11 -1
94 12 -1
94 13 -1
94 14 -1
94 15 -1
94 16 -1
94 17 -1
94 18 -1
94 19 -1
94 20 -1
94 21 -1
94 22 -1
94 23 -1
94 24 28.8262
94 25 27.4869
94 26 25.1669
94 27 22.1277
94 28 18.3004
94 29 13.6069
94 30 7.75745
94 31 -1
94 32 -1
94 33 -1
94 34 -1

95 0 -1
95 1 -1
95 2 -1
95 3 -1
95 4 -1
95 5 -1
95 6 -1
95 7 -1
95 8 -1
95 9 -1
95 10 -1
95 11 -1
95 12 -1
95 13 -1
95 14 -1
95 15 -1
95 16 -1
95 17 -1
95 18 -1
95 19 -1
95 20 -1
95 21 -1
95 22 -1
95 23 -1
95 24 -1
95 25 26.5497
95 26 24.941
95 27 22.3232
95 28 18.897
95 29 14.6031
95 30 9.15741
95 31 1.81976
95 32 -1
95 33 -1
95 34 -1

96 0 -1
96 1 -1
96 2 -1
96 3 -1
96 4 -1
96 5 -1
96 6 -1
96 7 -1
96 8 -1
96 9 -1
96 10 -1
96 11 -1
96 12 -1
96 13 -1
96 14 -1
96 15 -1
96 16 -1
96 17 -1
96 18 -1
96 19 -1
96 20 -1
96 21 -1
96 22 -1
96 23 -1
96 24 -1
96 25 -1
96 26 24.1417
96 27 22.235
96 28 19.2457
96 29 15.3854
96 30 10.4453
96 31 3.75305
96 32 -1
96 33 -1
96 34 -1

97 0 -1
97 1 -1
97 2 -1
97 3 -1
97 4 -1
97 5 -1
97 6 -1
97 7 -1
97 8 -1
97 9 -1
97 10 -1
97 11 -1
97 12 -1
97 13 -1
97 14 -1
97 15 -1
97 16 -1
97 17 -1
97 18 -1
97 19 -1
97 20 -1
97 21 -1
97 22 -1
97 23 -1
97 24 -1
97 25 -1
97 26 -1
97 27 21.6009
97 28 19.3131
97 29 15.899
97 30 11.5301
97 31 5.5365
97 32 -1
97 33 -1
97 34 -1

98 0 -1
98 1 -1
98 2 -1
98 3 -1
98 4 -1
98 5 -1
98 6 -1
98 7 -1
98 8 -1
98 9 -1
98 10 -1
98 11 -1
98 12 -1
98 13 -1
98 14 -1
98 15 -1
98 16 -1
98 17 -1
98 18 -1
98 19 -1
98 20 -1
98 21 -1
98 22 -1
98 23 -1
98 24 -1
98 25 -1
98 26 -1
98 27 -1
98 28 18.8696
98 29 16.1492
98 30 12.2227
98 31 7.10785
98 32 -1
98 33 -1
98 34 -1

99 0 -1
99 1 -1
99 2 -1
99 3 -1
99 4 -1
99 5 -1
99 6 -1
99 7 -1
99 8 -1
99 9 -1
99 10 -1
99 11 -1
99 12 -1
99 13 -1
99 14 -1
99 15 -1
99 16 -1
99 17 -1
99 18 -1
99 19 -1
99 20 -1
99 21 -1
99 22 -1
99 23 -1
99 24 -1
99 25 -1
99 26 -1
99 27 -1
99 28 -1
99 29 15.9244
99 30 12.6823
99 31 8.005
99 32 1.77557
99 33 -1
99 34 -1

100 0 -1
100 1 -1
100 2 -1
100 3 -1
100 4 -1
100 5 -1
100 6 -1
100 7 -1
100 8 -1
100 9 -1
100 10 -1
100 11 -1
100 12 -1
100 13 -1
100 14 -1
100 15 -1
100 16 -1
100 17 -1
100 18 -1
100 19 -1
100 20 -1
100 21 -1
100 22 -1
100 23 -1
100 24 -1
100 25 -1
100 26 -1
100 27 -1
100 28 -1
100 29 -1
100 30 12.74
100 31 8.79932
100 32 2.95386
100 33 -1
100 34 -1

101 0 -1
101 1 -1
101 2 -1
101 3 -1
101 4 -1
101 5 -1
101 6 -1
101 7 -1
101 8 -1
101 9 -1
101 10 -1
101 11 -1
101 12 -1
101 13 -1
101 14 -1
101 15 -1
101 16 -1
101 17 -1
101 18 -1
101 19 -1
101 20 -1
101 21 -1
101 22 -1
101 23 -1
101 24 -1
101 25 -1
101 26 -1
101 27 -1
101 28 -1
101 29 -1
101 30 -1
101 31 9.24591
101 32 4.18622
101 33 -1
101 34 -1

102 0 -1
102 1 -1
102 2 -1
102 3 -1
102 4 -1
102 5 -1
102 6 -1
102 7 -1
102 8 -1
102 9 -1
102 10 -1
102 11 -1
102 12 -1
102 13 -1
102 14 -1
102 15 -1
102 16 -1
102 17 -1
102 18 -1
102 19 -1
102 20 -1
102 21 -1
102 22 -1
102 23 -1
102 24 -1
102 25 -1
102 26 -1
102 27 -1
102 28 -1
102 29 -1
102 30 -1
102 31 -1
102 32 5.32556
102 33 -1
102 34 -1

103 0 -1
103 1 -1
103 2 -1
103 3 -1
103 4 -1
103 5 -1
103 6 -1
103 7 -1
103 8 -1
103 9 -1
103 10 -1
103 11 -1
103 12 -1
103 13 -1
103 14 -1
103 15 -1
103 16 -1
103 17 -1
103 18 -1
103 19 -1
103 20 -1
103 21 -1
103 22 -1
103 23 -1
103 24 -1
103 25 -1
103 26 -1
103 27 -1
103 28 -1
103 29 -1
103 30 -1
103 31 -1
103 32 -1
103 33 0.689514
103 34 -1

