0 0 0
0 1 0
0 2 0
0 3 0
0 4 0
0 5 0
0 6 0
0 7 0
0 8 0
0 9 0
0 10 0
0 11 0
0 12 0
0 13 0
0 14 0
0 15 0
0 16 0
0 17 0
0 18 0
0 19 0
0 20 0
0 21 0
0 22 0
0 23 0
0 24 0
0 25 0
0 26 0
0 27 0
0 28 0
0 29 0
0 30 0
0 31 0
0 32 0
0 33 0
0 34 -1

1 0 3983
1 1 0
1 2 0
1 3 0
1 4 0
1 5 0
1 6 0
1 7 0
1 8 0
1 9 0
1 10 0
1 11 0
1 12 0
1 13 0
1 14 0
1 15 0
1 16 0
1 17 0
1 18 0
1 19 0
1 20 0
1 21 0
1 22 0
1 23 0
1 24 0
1 25 0
1 26 0
1 27 0
1 28 0
1 29 0
1 30 0
1 31 0
1 32 0
1 33 0
1 34 -1

2 0 3935
2 1 0
2 2 0
2 3 0
2 4 0
2 5 0
2 6 0
2 7 0
2 8 0
2 9 0
2 10 0
2 11 0
2 12 0
2 13 0
2 14 0
2 15 0
2 16 0
2 17 0
2 18 0
2 19 0
2 20 0
2 21 0
2 22 0
2 23 0
2 24 0
2 25 0
2 26 0
2 27 0
2 28 0
2 29 0
2 30 0
2 31 0
2 32 0
2 33 0
2 34 -1

3 0 3999
3 1 0
3 2 0
3 3 0
3 4 0
3 5 0
3 6 0
3 7 0
3 8 0
3 9 0
3 10 0
3 11 0
3 12 0
3 13 0
3 14 0
3 15 0
3 16 0
3 17 0
3 18 0
3 19 0
3 20 0
3 21 0
3 22 0
3 23 0
3 24 0
3 25 0
3 26 0
3 27 0
3 28 0
3 29 0
3 30 0
3 31 0
3 32 0
3 33 0
3 34 -1

4 0 3844
4 1 0
4 2 0
4 3 0
4 4 0
4 5 0
4 6 0
4 7 0
4 8 0
4 9 0
4 10 0
4 11 0
4 12 0
4 13 0
4 14 0
4 15 0
4 16 0
4 17 0
4 18 0
4 19 0
4 20 0
4 21 0
4 22 0
4 23 0
4 24 0
4 25 0
4 26 0
4 27 0
4 28 0
4 29 0
4 30 0
4 31 0
4 32 0
4 33 0
4 34 -1

5 0 3947
5 1 0
5 2 0
5 3 0
5 4 0
5 5 0
5 6 0
5 7 0
5 8 0
5 9 0
5 10 0
5 11 0
5 12 0
5 13 0
5 14 0
5 15 0
5 16 0
5 17 0
5 18 0
5 19 0
5 20 0
5 21 0
5 22 0
5 23 0
5 24 0
5 25 0
5 26 0
5 27 0
5 28 0
5 29 0
5 30 0
5 31 0
5 32 0
5 33 0
5 34 -1

6 0 3934
6 1 3830
6 2 0
6 3 0
6 4 0
6 5 0
6 6 0
6 7 0
6 8 0
6 9 0
6 10 0
6 11 0
6 12 0
6 13 0
6 14 0
6 15 0
6 16 0
6 17 0
6 18 0
6 19 0
6 20 0
6 21 0
6 22 0
6 23 0
6 24 0
6 25 0
6 26 0
6 27 0
6 28 0
6 29 0
6 30 0
6 31 0
6 32 0
6 33 0
6 34 -1

7 0 4010
7 1 3883
7 2 0
7 3 0
7 4 0
7 5 0
7 6 0
7 7 0
7 8 0
7 9 0
7 10 0
7 11 0
7 12 0
7 13 0
7 14 0
7 15 0
7 16 0
7 17 0
7 18 0
7 19 0
7 20 0
7 21 0
7 22 0
7 23 0
7 24 0
7 25 0
7 26 0
7 27 0
7 28 0
7 29 0
7 30 0
7 31 0
7 32 0
7 33 0
7 34 -1

8 0 3941
8 1 3992
8 2 0
8 3 0
8 4 0
8 5 0
8 6 0
8 7 0
8 8 0
8 9 0
8 10 0
8 11 0
8 12 0
8 13 0
8 14 0
8 15 0
8 16 0
8 17 0
8 18 0
8 19 0
8 20 0
8 21 0
8 22 0
8 23 0
8 24 0
8 25 0
8 26 0
8 27 0
8 28 0
8 29 0
8 30 0
8 31 0
8 32 0
8 33 0
8 34 -1

9 0 4005
9 1 3862
9 2 0
9 3 0
9 4 0
9 5 0
9 6 0
9 7 0
9 8 0
9 9 0
9 10 0
9 11 0
9 12 0
9 13 0
9 14 0
9 15 0
9 16 0
9 17 0
9 18 0
9 19 0
9 20 0
9 21 0
9 22 0
9 23 0
9 24 0
9 25 0
9 26 0
9 27 0
9 28 0
9 29 0
9 30 0
9 31 0
9 32 0
9 33 0
9 34 -1

10 0 4026
10 1 4048
10 2 4384
10 3 0
10 4 0
10 5 0
10 6 0
10 7 0
10 8 0
10 9 0
10 10 0
10 11 0
10 12 0
10 13 0
10 14 0
10 15 0
10 16 0
10 17 0
10 18 0
10 19 0
10 20 0
10 21 0
10 22 0
10 23 0
10 24 0
10 25 0
10 26 0
10 27 0
10 28 0
10 29 0
10 30 0
10 31 0
10 32 0
10 33 0
10 34 -1

11 0 3926
11 1 3984
11 2 4066
11 3 0
11 4 0
11 5 0
11 6 0
11 7 0
11 8 0
11 9 0
11 10 0
11 11 0
11 12 0
11 13 0
11 14 0
11 15 0
11 16 0
11 17 0
11 18 0
11 19 0
11 20 0
11 21 0
11 22 0
11 23 0
11 24 0
11 25 0
11 26 0
11 27 0
11 28 0
11 29 0
11 30 0
11 31 0
11 32 0
11 33 0
11 34 -1

12 0 4031
12 1 4031
12 2 4367
12 3 4169
12 4 0
12 5 0
12 6 0
12 7 0
12 8 0
12 9 0
12 10 0
12 11 0
12 12 0
12 13 0
12 14 0
12 15 0
12 16 0
12 17 0
12 18 0
12 19 0
12 20 0
12 21 0
12 22 0
12 23 0
12 24 0
12 25 0
12 26 0
12 27 0
12 28 0
12 29 0
12 30 0
12 31 0
12 32 0
12 33 0
12 34 -1

13 0 3976
13 1 4145
13 2 4447
13 3 4414
13 4 0
13 5 0
13 6 0
13 7 0
13 8 0
13 9 0
13 10 0
13 11 0
13 12 0
13 13 0
13 14 0
13 15 0
13 16 0
13 17 0
13 18 0
13 19 0
13 20 0
13 21 0
13 22 0
13 23 0
13 24 0
13 25 0
13 26 0
13 27 0
13 28 0
13 29 0
13 30 0
13 31 0
13 32 0
13 33 0
13 34 -1

14 0 3870
14 1 3956
14 2 4429
14 3 4238
14 4 0
14 5 0
14 6 0
14 7 0
14 8 0
14 9 0
14 10 0
14 11 0
14 12 0
14 13 0
14 14 0
14 15 0
14 16 0
14 17 0
14 18 0
14 19 0
14 20 0
14 21 0
14 22 0
14 23 0
14 24 0
14 25 0
14 26 0
14 27 0
14 28 0
14 29 0
14 30 0
14 31 0
14 32 0
14 33 0
14 34 -1

15 0 3801
15 1 4120
15 2 4297
15 3 4487
15 4 0
15 5 0
15 6 0
15 7 0
15 8 0
15 9 0
15 10 0
15 11 0
15 12 0
15 13 0
15 14 0
15 15 0
15 16 0
15 17 0
15 18 0
15 19 0
15 20 0
15 21 0
15 22 0
15 23 0
15 24 0
15 25 0
15 26 0
15 27 0
15 28 0
15 29 0
15 30 0
15 31 0
15 32 0
15 33 0
15 34 -1

16 0 3948
16 1 4077
16 2 4430
16 3 4300
16 4 5049
16 5 0
16 6 0
16 7 0
16 8 0
16 9 0
16 10 0
16 11 0
16 12 0
16 13 0
16 14 0
16 15 0
16 16 0
16 17 0
16 18 0
16 19 0
16 20 0
16 21 0
16 22 0
16 23 0
16 24 0
16 25 0
16 26 0
16 27 0
16 28 0
16 29 0
16 30 0
16 31 0
16 32 0
16 33 0
16 34 -1

17 0 3916
17 1 4131
17 2 4287
17 3 4042
17 4 4930
17 5 0
17 6 0
17 7 0
17 8 0
17 9 0
17 10 0
17 11 0
17 12 0
17 13 0
17 14 0
17 15 0
17 16 0
17 17 0
17 18 0
17 19 0
17 20 0
17 21 0
17 22 0
17 23 0
17 24 0
17 25 0
17 26 0
17 27 0
17 28 0
17 29 0
17 30 0
17 31 0
17 32 0
17 33 0
17 34 -1

18 0 3993
18 1 4016
18 2 4048
18 3 4188
18 4 4521
18 5 4032
18 6 0
18 7 0
18 8 0
18 9 0
18 10 0
18 11 0
18 12 0
18 13 0
18 14 0
18 15 0
18 16 0
18 17 0
18 18 0
18 19 0
18 20 0
18 21 0
18 22 0
18 23 0
18 24 0
18 25 0
18 26 0
18 27 0
18 28 0
18 29 0
18 30 0
18 31 0
18 32 0
18 33 0
18 34 -1

19 0 3969
19 1 4130
19 2 4133
19 3 4015
19 4 4326
19 5 3991
19 6 0
19 7 0
19 8 0
19 9 0
19 10 0
19 11 0
19 12 0
19 13 0
19 14 0
19 15 0
19 16 0
19 17 0
19 18 0
19 19 0
19 20 0
19 21 0
19 22 0
19 23 0
19 24 0
19 25 0
19 26 0
19 27 0
19 28 0
19 29 0
19 30 0
19 31 0
19 32 0
19 33 0
19 34 -1

20 0 3994
20 1 4045
20 2 4086
20 3 4149
20 4 4324
20 5 4488
20 6 0
20 7 0
20 8 0
20 9 0
20 10 0
20 11 0
20 12 0
20 13 0
20 14 0
20 15 0
20 16 0
20 17 0
20 18 0
20 19 0
20 20 0
20 21 0
20 22 0
20 23 0
20 24 0
20 25 0
20 26 0
20 27 0
20 28 0
20 29 0
20 30 0
20 31 0
20 32 0
20 33 0
20 34 -1

21 0 3959
21 1 4075
21 2 3909
21 3 4130
21 4 4390
21 5 4647
21 6 0
21 7 0
21 8 0
21 9 0
21 10 0
21 11 0
21 12 0
21 13 0
21 14 0
21 15 0
21 16 0
21 17 0
21 18 0
21 19 0
21 20 0
21 21 0
21 22 0
21 23 0
21 24 0
21 25 0
21 26 0
21 27 0
21 28 0
21 29 0
21 30 0
21 31 0
21 32 0
21 33 0
21 34 -1

22 0 3944
22 1 3828
22 2 4009
22 3 3995
22 4 4033
22 5 4509
22 6 4590
22 7 0
22 8 0
22 9 0
22 10 0
22 11 0
22 12 0
22 13 0
22 14 0
22 15 0
22 16 0
22 17 0
22 18 0
22 19 0
22 20 0
22 21 0
22 22 0
22 23 0
22 24 0
22 25 0
22 26 0
22 27 0
22 28 0
22 29 0
22 30 0
22 31 0
22 32 0
22 33 0
22 34 -1

23 0 4019
23 1 3832
23 2 4082
23 3 4030
23 4 4238
23 5 4483
23 6 4573
23 7 0
23 8 0
23 9 0
23 10 0
23 11 0
23 12 0
23 13 0
23 14 0
23 15 0
23 16 0
23 17 0
23 18 0
23 19 0
23 20 0
23 21 0
23 22 0
23 23 0
23 24 0
23 25 0
23 26 0
23 27 0
23 28 0
23 29 0
23 30 0
23 31 0
23 32 0
23 33 0
23 34 -1

24 0 3917
24 1 3883
24 2 3890
24 3 4177
24 4 4045
24 5 4401
24 6 4337
24 7 4497
24 8 0
24 9 0
24 10 0
24 11 0
24 12 0
24 13 0
24 14 0
24 15 0
24 16 0
24 17 0
24 18 0
24 19 0
24 20 0
24 21 0
24 22 0
24 23 0
24 24 0
24 25 0
24 26 0
24 27 0
24 28 0
24 29 0
24 30 0
24 31 0
24 32 0
24 33 0
24 34 -1

25 0 3875
25 1 3705
25 2 3919
25 3 4094
25 4 4216
25 5 4380
25 6 4321
25 7 4772
25 8 0
25 9 0
25 10 0
25 11 0
25 12 0
25 13 0
25 14 0
25 15 0
25 16 0
25 17 0
25 18 0
25 19 0
25 20 0
25 21 0
25 22 0
25 23 0
25 24 0
25 25 0
25 26 0
25 27 0
25 28 0
25 29 0
25 30 0
25 31 0
25 32 0
25 33 0
25 34 -1

26 0 3817
26 1 3983
26 2 3830
26 3 4007
26 4 4223
26 5 4131
26 6 4300
26 7 4839
26 8 0
26 9 0
26 10 0
26 11 0
26 12 0
26 13 0
26 14 0
26 15 0
26 16 0
26 17 0
26 18 0
26 19 0
26 20 0
26 21 0
26 22 0
26 23 0
26 24 0
26 25 0
26 26 0
26 27 0
26 28 0
26 29 0
26 30 0
26 31 0
26 32 0
26 33 0
26 34 -1

27 0 3735
27 1 4043
27 2 3872
27 3 4092
27 4 4263
27 5 4125
27 6 4335
27 7 4646
27 8 0
27 9 0
27 10 0
27 11 0
27 12 0
27 13 0
27 14 0
27 15 0
27 16 0
27 17 0
27 18 0
27 19 0
27 20 0
27 21 0
27 22 0
27 23 0
27 24 0
27 25 0
27 26 0
27 27 0
27 28 0
27 29 0
27 30 0
27 31 0
27 32 0
27 33 0
27 34 -1

28 0 3873
28 1 3835
28 2 3901
28 3 3852
28 4 4180
28 5 4049
28 6 4290
28 7 4352
28 8 4726
28 9 0
28 10 0
28 11 0
28 12 0
28 13 0
28 14 0
28 15 0
28 16 0
28 17 0
28 18 0
28 19 0
28 20 0
28 21 0
28 22 0
28 23 0
28 24 0
28 25 0
28 26 0
28 27 0
28 28 0
28 29 0
28 30 0
28 31 0
28 32 0
28 33 0
28 34 -1

29 0 3916
29 1 3774
29 2 3870
29 3 3992
29 4 4061
29 5 4023
29 6 4197
29 7 4528
29 8 4351
29 9 0
29 10 0
29 11 0
29 12 0
29 13 0
29 14 0
29 15 0
29 16 0
29 17 0
29 18 0
29 19 0
29 20 0
29 21 0
29 22 0
29 23 0
29 24 0
29 25 0
29 26 0
29 27 0
29 28 0
29 29 0
29 30 0
29 31 0
29 32 0
29 33 0
29 34 -1

30 0 3969
30 1 3836
30 2 3820
30 3 3928
30 4 4082
30 5 4053
30 6 4185
30 7 4576
30 8 4473
30 9 4607
30 10 0
30 11 0
30 12 0
30 13 0
30 14 0
30 15 0
30 16 0
30 17 0
30 18 0
30 19 0
30 20 0
30 21 0
30 22 0
30 23 0
30 24 0
30 25 0
30 26 0
30 27 0
30 28 0
30 29 0
30 30 0
30 31 0
30 32 0
30 33 0
30 34 -1

31 0 3797
31 1 3788
31 2 3845
31 3 3920
31 4 3942
31 5 4210
31 6 4040
31 7 4058
31 8 3965
31 9 4379
31 10 0
31 11 0
31 12 0
31 13 0
31 14 0
31 15 0
31 16 0
31 17 0
31 18 0
31 19 0
31 20 0
31 21 0
31 22 0
31 23 0
31 24 0
31 25 0
31 26 0
31 27 0
31 28 0
31 29 0
31 30 0
31 31 0
31 32 0
31 33 0
31 34 -1

32 0 3808
32 1 3791
32 2 3895
32 3 4016
32 4 3921
32 5 4031
32 6 3974
32 7 4013
32 8 3807
32 9 3732
32 10 0
32 11 0
32 12 0
32 13 0
32 14 0
32 15 0
32 16 0
32 17 0
32 18 0
32 19 0
32 20 0
32 21 0
32 22 0
32 23 0
32 24 0
32 25 0
32 26 0
32 27 0
32 28 0
32 29 0
32 30 0
32 31 0
32 32 0
32 33 0
32 34 -1

33 0 3827
33 1 3927
33 2 3906
33 3 3840
33 4 4018
33 5 3953
33 6 3940
33 7 3888
33 8 3708
33 9 3907
33 10 3639
33 11 0
33 12 0
33 13 0
33 14 0
33 15 0
33 16 0
33 17 0
33 18 0
33 19 0
33 20 0
33 21 0
33 22 0
33 23 0
33 24 0
33 25 0
33 26 0
33 27 0
33 28 0
33 29 0
33 30 0
33 31 0
33 32 0
33 33 0
33 34 -1

34 0 3884
34 1 4014
34 2 3896
34 3 3847
34 4 3894
34 5 3927
34 6 4054
34 7 3884
34 8 3742
34 9 3741
34 10 3530
34 11 0
34 12 0
34 13 0
34 14 0
34 15 0
34 16 0
34 17 0
34 18 0
34 19 0
34 20 0
34 21 0
34 22 0
34 23 0
34 24 0
34 25 0
34 26 0
34 27 0
34 28 0
34 29 0
34 30 0
34 31 0
34 32 0
34 33 0
34 34 -1

35 0 3857
35 1 3884
35 2 3901
35 3 3884
35 4 3967
35 5 3933
35 6 3843
35 7 3988
35 8 3893
35 9 3550
35 10 3426
35 11 3543
35 12 0
35 13 0
35 14 0
35 15 0
35 16 0
35 17 0
35 18 0
35 19 0
35 20 0
35 21 0
35 22 0
35 23 0
35 24 0
35 25 0
35 26 0
35 27 0
35 28 0
35 29 0
35 30 0
35 31 0
35 32 0
35 33 0
35 34 -1

36 0 4019
36 1 3977
36 2 3779
36 3 3881
36 4 3897
36 5 3868
36 6 3817
36 7 3949
36 8 3956
36 9 3786
36 10 3677
36 11 3445
36 12 0
36 13 0
36 14 0
36 15 0
36 16 0
36 17 0
36 18 0
36 19 0
36 20 0
36 21 0
36 22 0
36 23 0
36 24 0
36 25 0
36 26 0
36 27 0
36 28 0
36 29 0
36 30 0
36 31 0
36 32 0
36 33 0
36 34 -1

37 0 3925
37 1 3950
37 2 3925
37 3 3870
37 4 4062
37 5 3970
37 6 3964
37 7 3958
37 8 4036
37 9 4173
37 10 3714
37 11 3974
37 12 0
37 13 0
37 14 0
37 15 0
37 16 0
37 17 0
37 18 0
37 19 0
37 20 0
37 21 0
37 22 0
37 23 0
37 24 0
37 25 0
37 26 0
37 27 0
37 28 0
37 29 0
37 30 0
37 31 0
37 32 0
37 33 0
37 34 -1

38 0 3892
38 1 3961
38 2 3934
38 3 3797
38 4 3666
38 5 3852
38 6 4071
38 7 3838
38 8 4018
38 9 4249
38 10 3817
38 11 3646
38 12 0
38 13 0
38 14 0
38 15 0
38 16 0
38 17 0
38 18 0
38 19 0
38 20 0
38 21 0
38 22 0
38 23 0
38 24 0
38 25 0
38 26 0
38 27 0
38 28 0
38 29 0
38 30 0
38 31 0
38 32 0
38 33 0
38 34 -1

39 0 3964
39 1 4011
39 2 3952
39 3 3964
39 4 4019
39 5 3878
39 6 3789
39 7 4135
39 8 3943
39 9 4048
39 10 4164
39 11 3889
39 12 4455
39 13 0
39 14 0
39 15 0
39 16 0
39 17 0
39 18 0
39 19 0
39 20 0
39 21 0
39 22 0
39 23 0
39 24 0
39 25 0
39 26 0
39 27 0
39 28 0
39 29 0
39 30 0
39 31 0
39 32 0
39 33 0
39 34 -1

40 0 3898
40 1 4022
40 2 3882
40 3 3938
40 4 3984
40 5 3938
40 6 3899
40 7 4078
40 8 4096
40 9 3920
40 10 4196
40 11 4333
40 12 4538
40 13 0
40 14 0
40 15 0
40 16 0
40 17 0
40 18 0
40 19 0
40 20 0
40 21 0
40 22 0
40 23 0
40 24 0
40 25 0
40 26 0
40 27 0
40 28 0
40 29 0
40 30 0
40 31 0
40 32 0
40 33 0
40 34 -1

41 0 4012
41 1 3850
41 2 3961
41 3 3814
41 4 3899
41 5 3853
41 6 4026
41 7 3985
41 8 3976
41 9 3893
41 10 4096
41 11 4301
41 12 4261
41 13 4373
41 14 0
41 15 0
41 16 0
41 17 0
41 18 0
41 19 0
41 20 0
41 21 0
41 22 0
41 23 0
41 24 0
41 25 0
41 26 0
41 27 0
41 28 0
41 29 0
41 30 0
41 31 0
41 32 0
41 33 0
41 34 -1

42 0 3948
42 1 3861
42 2 3720
42 3 3726
42 4 3935
42 5 4060
42 6 3926
42 7 4022
42 8 3989
42 9 3957
42 10 4015
42 11 3954
42 12 4114
42 13 4324
42 14 0
42 15 0
42 16 0
42 17 0
42 18 0
42 19 0
42 20 0
42 21 0
42 22 0
42 23 0
42 24 0
42 25 0
42 26 0
42 27 0
42 28 0
42 29 0
42 30 0
42 31 0
42 32 0
42 33 0
42 34 -1

43 0 3832
43 1 4036
43 2 3838
43 3 3770
43 4 3742
43 5 4031
43 6 3919
43 7 3850
43 8 3936
43 9 4104
43 10 3790
43 11 3829
43 12 3855
43 13 4269
43 14 0
43 15 0
43 16 0
43 17 0
43 18 0
43 19 0
43 20 0
43 21 0
43 22 0
43 23 0
43 24 0
43 25 0
43 26 0
43 27 0
43 28 0
43 29 0
43 30 0
43 31 0
43 32 0
43 33 0
43 34 -1

44 0 3953
44 1 3923
44 2 3969
44 3 3834
44 4 4003
44 5 4051
44 6 4053
44 7 3938
44 8 3995
44 9 3970
44 10 4012
44 11 4018
44 12 3932
44 13 4238
44 14 3521
44 15 0
44 16 0
44 17 0
44 18 0
44 19 0
44 20 0
44 21 0
44 22 0
44 23 0
44 24 0
44 25 0
44 26 0
44 27 0
44 28 0
44 29 0
44 30 0
44 31 0
44 32 0
44 33 0
44 34 -1

45 0 3959
45 1 3746
45 2 3962
45 3 3817
45 4 3770
45 5 3989
45 6 3904
45 7 4053
45 8 4063
45 9 3910
45 10 4050
45 11 4198
45 12 3810
45 13 4198
45 14 4114
45 15 0
45 16 0
45 17 0
45 18 0
45 19 0
45 20 0
45 21 0
45 22 0
45 23 0
45 24 0
45 25 0
45 26 0
45 27 0
45 28 0
45 29 0
45 30 0
45 31 0
45 32 0
45 33 0
45 34 -1

46 0 3981
46 1 4004
46 2 3877
46 3 3924
46 4 3859
46 5 4024
46 6 3984
46 7 4011
46 8 3776
46 9 3936
46 10 3920
46 11 3964
46 12 3968
46 13 3953
46 14 4315
46 15 6071
46 16 0
46 17 0
46 18 0
46 19 0
46 20 0
46 21 0
46 22 0
46 23 0
46 24 0
46 25 0
46 26 0
46 27 0
46 28 0
46 29 0
46 30 0
46 31 0
46 32 0
46 33 0
46 34 -1

47 0 3959
47 1 4000
47 2 3865
47 3 3780
47 4 3968
47 5 4013
47 6 3963
47 7 4067
47 8 4007
47 9 3887
47 10 3918
47 11 3916
47 12 4088
47 13 3947
47 14 4011
47 15 5440
47 16 0
47 17 0
47 18 0
47 19 0
47 20 0
47 21 0
47 22 0
47 23 0
47 24 0
47 25 0
47 26 0
47 27 0
47 28 0
47 29 0
47 30 0
47 31 0
47 32 0
47 33 0
47 34 -1

48 0 3889
48 1 3817
48 2 4077
48 3 3940
48 4 3896
48 5 3930
48 6 3991
48 7 3992
48 8 4091
48 9 3872
48 10 3964
48 11 4186
48 12 3780
48 13 3862
48 14 4053
48 15 4329
48 16 0
48 17 0
48 18 0
48 19 0
48 20 0
48 21 0
48 22 0
48 23 0
48 24 0
48 25 0
48 26 0
48 27 0
48 28 0
48 29 0
48 30 0
48 31 0
48 32 0
48 33 0
48 34 -1

49 0 3866
49 1 3881
49 2 3791
49 3 3844
49 4 4006
49 5 3906
49 6 3901
49 7 3979
49 8 4088
49 9 4127
49 10 3997
49 11 4113
49 12 4108
49 13 4156
49 14 3851
49 15 3782
49 16 0
49 17 0
49 18 0
49 19 0
49 20 0
49 21 0
49 22 0
49 23 0
49 24 0
49 25 0
49 26 0
49 27 0
49 28 0
49 29 0
49 30 0
49 31 0
49 32 0
49 33 0
49 34 -1

50 0 3809
50 1 3974
50 2 3962
50 3 3915
50 4 3910
50 5 3878
50 6 3976
50 7 4116
50 8 3970
50 9 4284
50 10 3965
50 11 3861
50 12 3874
50 13 4096
50 14 3918
50 15 4142
50 16 2963
50 17 0
50 18 0
50 19 0
50 20 0
50 21 0
50 22 0
50 23 0
50 24 0
50 25 0
50 26 0
50 27 0
50 28 0
50 29 0
50 30 0
50 31 0
50 32 0
50 33 0
50 34 -1

51 0 3982
51 1 4004
51 2 3930
51 3 3795
51 4 3762
51 5 3867
51 6 3936
51 7 3882
51 8 4024
51 9 4004
51 10 4074
51 11 4079
51 12 4088
51 13 4176
51 14 4012
51 15 4000
51 16 3629
51 17 0
51 18 0
51 19 0
51 20 0
51 21 0
51 22 0
51 23 0
51 24 0
51 25 0
51 26 0
51 27 0
51 28 0
51 29 0
51 30 0
51 31 0
51 32 0
51 33 0
51 34 -1

52 0 4085
52 1 3971
52 2 3916
52 3 3959
52 4 3864
52 5 3898
52 6 3836
52 7 3976
52 8 3919
52 9 3957
52 10 4065
52 11 4073
52 12 4042
52 13 4204
52 14 4195
52 15 4307
52 16 4213
52 17 4634
52 18 0
52 19 0
52 20 0
52 21 0
52 22 0
52 23 0
52 24 0
52 25 0
52 26 0
52 27 0
52 28 0
52 29 0
52 30 0
52 31 0
52 32 0
52 33 0
52 34 -1

53 0 4102
53 1 3995
53 2 3840
53 3 3973
53 4 3945
53 5 3902
53 6 3875
53 7 3842
53 8 4028
53 9 3840
53 10 3884
53 11 3980
53 12 3870
53 13 4107
53 14 4241
53 15 4165
53 16 4605
53 17 5055
53 18 0
53 19 0
53 20 0
53 21 0
53 22 0
53 23 0
53 24 0
53 25 0
53 26 0
53 27 0
53 28 0
53 29 0
53 30 0
53 31 0
53 32 0
53 33 0
53 34 -1

54 0 4040
54 1 3879
54 2 3920
54 3 4032
54 4 3999
54 5 3958
54 6 3801
54 7 3927
54 8 3933
54 9 3822
54 10 3913
54 11 3939
54 12 4133
54 13 4077
54 14 4268
54 15 4440
54 16 4420
54 17 5536
54 18 0
54 19 0
54 20 0
54 21 0
54 22 0
54 23 0
54 24 0
54 25 0
54 26 0
54 27 0
54 28 0
54 29 0
54 30 0
54 31 0
54 32 0
54 33 0
54 34 -1

55 0 4129
55 1 4102
55 2 4042
55 3 4016
55 4 4046
55 5 4011
55 6 3912
55 7 3883
55 8 3925
55 9 3848
55 10 3998
55 11 3862
55 12 3879
55 13 4149
55 14 4197
55 15 4577
55 16 4673
55 17 5040
55 18 4253
55 19 0
55 20 0
55 21 0
55 22 0
55 23 0
55 24 0
55 25 0
55 26 0
55 27 0
55 28 0
55 29 0
55 30 0
55 31 0
55 32 0
55 33 0
55 34 -1

56 0 4076
56 1 4019
56 2 4020
56 3 4107
56 4 4006
56 5 3989
56 6 3938
56 7 3937
56 8 3947
56 9 3959
56 10 3872
56 11 3935
56 12 3836
56 13 3835
56 14 4238
56 15 4304
56 16 4629
56 17 5012
56 18 5399
56 19 0
56 20 0
56 21 0
56 22 0
56 23 0
56 24 0
56 25 0
56 26 0
56 27 0
56 28 0
56 29 0
56 30 0
56 31 0
56 32 0
56 33 0
56 34 -1

57 0 3965
57 1 4030
57 2 4033
57 3 4108
57 4 4061
57 5 3970
57 6 3982
57 7 4004
57 8 3942
57 9 3866
57 10 3951
57 11 3889
57 12 3877
57 13 3962
57 14 4076
57 15 4363
57 16 4215
57 17 4539
57 18 4461
57 19 0
57 20 0
57 21 0
57 22 0
57 23 0
57 24 0
57 25 0
57 26 0
57 27 0
57 28 0
57 29 0
57 30 0
57 31 0
57 32 0
57 33 0
57 34 -1

58 0 4011
58 1 4028
58 2 3998
58 3 4186
58 4 4170
58 5 3944
58 6 4099
58 7 3908
58 8 3831
58 9 3934
58 10 3915
58 11 3845
58 12 3771
58 13 4007
58 14 4012
58 15 3962
58 16 4356
58 17 4230
58 18 5237
58 19 6016
58 20 0
58 21 0
58 22 0
58 23 0
58 24 0
58 25 0
58 26 0
58 27 0
58 28 0
58 29 0
58 30 0
58 31 0
58 32 0
58 33 0
58 34 -1

59 0 4075
59 1 3972
59 2 4086
59 3 3983
59 4 4097
59 5 4048
59 6 3993
59 7 3959
59 8 3929
59 9 4022
59 10 4063
59 11 3897
59 12 3926
59 13 3782
59 14 4072
59 15 4022
59 16 4134
59 17 4115
59 18 4787
59 19 4961
59 20 0
59 21 0
59 22 0
59 23 0
59 24 0
59 25 0
59 26 0
59 27 0
59 28 0
59 29 0
59 30 0
59 31 0
59 32 0
59 33 0
59 34 -1

60 0 3982
60 1 4113
60 2 4083
60 3 4085
60 4 4032
60 5 4099
60 6 4022
60 7 4097
60 8 4001
60 9 3927
60 10 4008
60 11 3939
60 12 3796
60 13 4060
60 14 4018
60 15 4188
60 16 4151
60 17 4345
60 18 4567
60 19 4918
60 20 0
60 21 0
60 22 0
60 23 0
60 24 0
60 25 0
60 26 0
60 27 0
60 28 0
60 29 0
60 30 0
60 31 0
60 32 0
60 33 0
60 34 -1

61 0 3974
61 1 3815
61 2 4025
61 3 3950
61 4 4127
61 5 4001
61 6 4028
61 7 3965
61 8 4086
61 9 3965
61 10 3903
61 11 3956
61 12 3793
61 13 3939
61 14 3960
61 15 4123
61 16 4232
61 17 4165
61 18 4573
61 19 4392
61 20 4225
61 21 0
61 22 0
61 23 0
61 24 0
61 25 0
61 26 0
61 27 0
61 28 0
61 29 0
61 30 0
61 31 0
61 32 0
61 33 0
61 34 -1

62 0 3937
62 1 3956
62 2 3977
62 3 3979
62 4 3990
62 5 4119
62 6 4203
62 7 4007
62 8 3927
62 9 3936
62 10 3948
62 11 3885
62 12 3866
62 13 3887
62 14 3877
62 15 4061
62 16 4067
62 17 4204
62 18 4442
62 19 4699
62 20 4613
62 21 0
62 22 0
62 23 0
62 24 0
62 25 0
62 26 0
62 27 0
62 28 0
62 29 0
62 30 0
62 31 0
62 32 0
62 33 0
62 34 -1

63 0 3937
63 1 4038
63 2 4039
63 3 4005
63 4 4098
63 5 4071
63 6 4068
63 7 4014
63 8 3970
63 9 4059
63 10 3835
63 11 3831
63 12 3963
63 13 3926
63 14 3964
63 15 3948
63 16 4073
63 17 4053
63 18 4449
63 19 4386
63 20 4568
63 21 0
63 22 0
63 23 0
63 24 0
63 25 0
63 26 0
63 27 0
63 28 0
63 29 0
63 30 0
63 31 0
63 32 0
63 33 0
63 34 -1

64 0 4065
64 1 3965
64 2 4001
64 3 3905
64 4 3961
64 5 4124
64 6 4103
64 7 4045
64 8 4060
64 9 4011
64 10 4021
64 11 3853
64 12 3730
64 13 3987
64 14 3969
64 15 3939
64 16 3922
64 17 4142
64 18 4347
64 19 4469
64 20 4477
64 21 3527
64 22 0
64 23 0
64 24 0
64 25 0
64 26 0
64 27 0
64 28 0
64 29 0
64 30 0
64 31 0
64 32 0
64 33 0
64 34 -1

65 0 4055
65 1 3837
65 2 3965
65 3 4078
65 4 4093
65 5 3999
65 6 4097
65 7 4221
65 8 3953
65 9 4084
65 10 3937
65 11 3909
65 12 3732
65 13 3830
65 14 3906
65 15 3911
65 16 3932
65 17 3828
65 18 4011
65 19 4259
65 20 4306
65 21 4121
65 22 0
65 23 0
65 24 0
65 25 0
65 26 0
65 27 0
65 28 0
65 29 0
65 30 0
65 31 0
65 32 0
65 33 0
65 34 -1

66 0 4160
66 1 4064
66 2 4040
66 3 3995
66 4 4057
66 5 4012
66 6 4045
66 7 4026
66 8 4065
66 9 4077
66 10 4113
66 11 3988
66 12 3913
66 13 3897
66 14 3799
66 15 3873
66 16 3896
66 17 3928
66 18 3869
66 19 4110
66 20 4357
66 21 3939
66 22 0
66 23 0
66 24 0
66 25 0
66 26 0
66 27 0
66 28 0
66 29 0
66 30 0
66 31 0
66 32 0
66 33 0
66 34 -1

67 0 3795
67 1 3844
67 2 3961
67 3 3970
67 4 4025
67 5 3984
67 6 3914
67 7 3992
67 8 4085
67 9 4157
67 10 3853
67 11 4112
67 12 3840
67 13 3859
67 14 3888
67 15 3777
67 16 3867
67 17 4044
67 18 4053
67 19 4151
67 20 4275
67 21 4281
67 22 3480
67 23 0
67 24 0
67 25 0
67 26 0
67 27 0
67 28 0
67 29 0
67 30 0
67 31 0
67 32 0
67 33 0
67 34 -1

68 0 3972
68 1 3956
68 2 3952
68 3 4041
68 4 4055
68 5 3994
68 6 3984
68 7 3977
68 8 4001
68 9 3945
68 10 3990
68 11 4087
68 12 3955
68 13 3883
68 14 3800
68 15 3946
68 16 3854
68 17 3956
68 18 3935
68 19 4344
68 20 4248
68 21 4447
68 22 4058
68 23 0
68 24 0
68 25 0
68 26 0
68 27 0
68 28 0
68 29 0
68 30 0
68 31 0
68 32 0
68 33 0
68 34 -1

69 0 4070
69 1 3983
69 2 3984
69 3 3989
69 4 4104
69 5 3945
69 6 3919
69 7 3932
69 8 4113
69 9 3937
69 10 4057
69 11 3938
69 12 3890
69 13 4062
69 14 3903
69 15 3869
69 16 3964
69 17 3911
69 18 4002
69 19 4009
69 20 4055
69 21 4271
69 22 4195
69 23 2640
69 24 0
69 25 0
69 26 0
69 27 0
69 28 0
69 29 0
69 30 0
69 31 0
69 32 0
69 33 0
69 34 -1

70 0 3977
70 1 4018
70 2 4033
70 3 3889
70 4 3998
70 5 4049
70 6 3970
70 7 4100
70 8 4034
70 9 3981
70 10 4014
70 11 3878
70 12 3912
70 13 3831
70 14 3963
70 15 3807
70 16 3925
70 17 3794
70 18 3857
70 19 4038
70 20 3954
70 21 3813
70 22 4234
70 23 3341
70 24 0
70 25 0
70 26 0
70 27 0
70 28 0
70 29 0
70 30 0
70 31 0
70 32 0
70 33 0
70 34 -1

71 0 0
71 1 3957
71 2 4126
71 3 3986
71 4 4005
71 5 3849
71 6 4015
71 7 3986
71 8 4133
71 9 4040
71 10 3983
71 11 4166
71 12 3839
71 13 3723
71 14 3899
71 15 4002
71 16 3834
71 17 3814
71 18 3933
71 19 4001
71 20 3955
71 21 3924
71 22 3969
71 23 3420
71 24 0
71 25 0
71 26 0
71 27 0
71 28 0
71 29 0
71 30 0
71 31 0
71 32 0
71 33 0
71 34 -1

72 0 0
72 1 0
72 2 4006
72 3 3968
72 4 4033
72 5 3952
72 6 3996
72 7 3998
72 8 3998
72 9 4033
72 10 4124
72 11 4020
72 12 3948
72 13 3949
72 14 3841
72 15 3829
72 16 3906
72 17 3660
72 18 3977
72 19 4001
72 20 3935
72 21 3707
72 22 3871
72 23 3535
72 24 2401
72 25 0
72 26 0
72 27 0
72 28 0
72 29 0
72 30 0
72 31 0
72 32 0
72 33 0
72 34 -1

73 0 0
73 1 0
73 2 0
73 3 4011
73 4 4044
73 5 4038
73 6 4064
73 7 4061
73 8 4033
73 9 3997
73 10 4041
73 11 3883
73 12 4054
73 13 3962
73 14 3832
73 15 3947
73 16 3756
73 17 3907
73 18 3679
73 19 3930
73 20 3960
73 21 3826
73 22 3939
73 23 3736
73 24 3380
73 25 0
73 26 0
73 27 0
73 28 0
73 29 0
73 30 0
73 31 0
73 32 0
73 33 0
73 34 -1

74 0 0
74 1 0
74 2 0
74 3 0
74 4 3993
74 5 3842
74 6 3916
74 7 3954
74 8 3998
74 9 3967
74 10 4044
74 11 4133
74 12 3819
74 13 4094
74 14 3886
74 15 3800
74 16 3709
74 17 3794
74 18 3783
74 19 3735
74 20 3910
74 21 4098
74 22 3786
74 23 3722
74 24 4040
74 25 0
74 26 0
74 27 0
74 28 0
74 29 0
74 30 0
74 31 0
74 32 0
74 33 0
74 34 -1

75 0 0
75 1 0
75 2 0
75 3 0
75 4 0
75 5 3908
75 6 3820
75 7 3916
75 8 3958
75 9 4018
75 10 3936
75 11 4111
75 12 4027
75 13 3997
75 14 3985
75 15 3984
75 16 3773
75 17 3986
75 18 3844
75 19 4033
75 20 3969
75 21 3814
75 22 4061
75 23 3771
75 24 3693
75 25 3369
75 26 0
75 27 0
75 28 0
75 29 0
75 30 0
75 31 0
75 32 0
75 33 0
75 34 -1

76 0 0
76 1 0
76 2 0
76 3 0
76 4 0
76 5 0
76 6 3830
76 7 3912
76 8 4028
76 9 3953
76 10 3967
76 11 3979
76 12 3957
76 13 3979
76 14 3915
76 15 3907
76 16 3884
76 17 3994
76 18 3852
76 19 3713
76 20 3945
76 21 3876
76 22 4062
76 23 4056
76 24 3962
76 25 4065
76 26 0
76 27 0
76 28 0
76 29 0
76 30 0
76 31 0
76 32 0
76 33 0
76 34 -1

77 0 0
77 1 0
77 2 0
77 3 0
77 4 0
77 5 0
77 6 0
77 7 3937
77 8 3969
77 9 3897
77 10 4024
77 11 3937
77 12 3945
77 13 3993
77 14 3931
77 15 3926
77 16 3983
77 17 3882
77 18 3904
77 19 3817
77 20 3938
77 21 4014
77 22 3814
77 23 4050
77 24 3657
77 25 3777
77 26 0
77 27 0
77 28 0
77 29 0
77 30 0
77 31 0
77 32 0
77 33 0
77 34 -1

78 0 0
78 1 0
78 2 0
78 3 0
78 4 0
78 5 0
78 6 0
78 7 0
78 8 3899
78 9 3990
78 10 3915
78 11 3849
78 12 3927
78 13 3947
78 14 3997
78 15 3972
78 16 3988
78 17 3891
78 18 3799
78 19 3978
78 20 3943
78 21 3849
78 22 3868
78 23 3978
78 24 3992
78 25 3552
78 26 2149
78 27 0
78 28 0
78 29 0
78 30 0
78 31 0
78 32 0
78 33 0
78 34 -1

79 0 0
79 1 0
79 2 0
79 3 0
79 4 0
79 5 0
79 6 0
79 7 0
79 8 0
79 9 4081
79 10 4042
79 11 3877
79 12 3892
79 13 3919
79 14 3866
79 15 3930
79 16 3962
79 17 3924
79 18 3850
79 19 3809
79 20 3884
79 21 3975
79 22 3933
79 23 3957
79 24 4012
79 25 3928
79 26 2847
79 27 0
79 28 0
79 29 0
79 30 0
79 31 0
79 32 0
79 33 0
79 34 -1

80 0 0
80 1 0
80 2 0
80 3 0
80 4 0
80 5 0
80 6 0
80 7 0
80 8 0
80 9 0
80 10 3923
80 11 4030
80 12 3924
80 13 3890
80 14 3919
80 15 4023
80 16 3948
80 17 3934
80 18 4011
80 19 3817
80 20 3784
80 21 3869
80 22 4113
80 23 3777
80 24 4095
80 25 3866
80 26 3544
80 27 0
80 28 0
80 29 0
80 30 0
80 31 0
80 32 0
80 33 0
80 34 -1

81 0 0
81 1 0
81 2 0
81 3 0
81 4 0
81 5 0
81 6 0
81 7 0
81 8 0
81 9 0
81 10 0
81 11 4106
81 12 4039
81 13 4007
81 14 3990
81 15 3952
81 16 4116
81 17 3973
81 18 4068
81 19 3901
81 20 3826
81 21 3866
81 22 3857
81 23 3975
81 24 3759
81 25 3816
81 26 3574
81 27 2693
81 28 0
81 29 0
81 30 0
81 31 0
81 32 0
81 33 0
81 34 -1

82 0 0
82 1 0
82 2 0
82 3 0
82 4 0
82 5 0
82 6 0
82 7 0
82 8 0
82 9 0
82 10 0
82 11 0
82 12 4054
82 13 4064
82 14 3910
82 15 3899
82 16 4008
82 17 4156
82 18 4040
82 19 4050
82 20 3770
82 21 3915
82 22 3900
82 23 3890
82 24 3735
82 25 3748
82 26 3934
82 27 3492
82 28 0
82 29 0
82 30 0
82 31 0
82 32 0
82 33 0
82 34 -1

83 0 0
83 1 0
83 2 0
83 3 0
83 4 0
83 5 0
83 6 0
83 7 0
83 8 0
83 9 0
83 10 0
83 11 0
83 12 0
83 13 3998
83 14 4161
83 15 3888
83 16 3960
83 17 4032
83 18 4060
83 19 3967
83 20 3981
83 21 3954
83 22 3853
83 23 4085
83 24 3856
83 25 3877
83 26 3601
83 27 3779
83 28 0
83 29 0
83 30 0
83 31 0
83 32 0
83 33 0
83 34 -1

84 0 0
84 1 0
84 2 0
84 3 0
84 4 0
84 5 0
84 6 0
84 7 0
84 8 0
84 9 0
84 10 0
84 11 0
84 12 0
84 13 0
84 14 4087
84 15 4078
84 16 3991
84 17 3975
84 18 4151
84 19 4252
84 20 3991
84 21 4070
84 22 4127
84 23 3809
84 24 3993
84 25 3773
84 26 3941
84 27 3513
84 28 2977
84 29 0
84 30 0
84 31 0
84 32 0
84 33 0
84 34 -1

85 0 0
85 1 0
85 2 0
85 3 0
85 4 0
85 5 0
85 6 0
85 7 0
85 8 0
85 9 0
85 10 0
85 11 0
85 12 0
85 13 0
85 14 0
85 15 4108
85 16 4055
85 17 4151
85 18 4020
85 19 4221
85 20 4131
85 21 4026
85 22 4170
85 23 3959
85 24 3749
85 25 3849
85 26 3783
85 27 3982
85 28 3218
85 29 0
85 30 0
85 31 0
85 32 0
85 33 0
85 34 -1

86 0 0
86 1 0
86 2 0
86 3 0
86 4 0
86 5 0
86 6 0
86 7 0
86 8 0
86 9 0
86 10 0
86 11 0
86 12 0
86 13 0
86 14 0
86 15 0
86 16 4085
86 17 4072
86 18 4200
86 19 4003
86 20 4012
86 21 4109
86 22 4137
86 23 4326
86 24 3908
86 25 3880
86 26 3776
86 27 3962
86 28 3693
86 29 0
86 30 0
86 31 0
86 32 0
86 33 0
86 34 -1

87 0 0
87 1 0
87 2 0
87 3 0
87 4 0
87 5 0
87 6 0
87 7 0
87 8 0
87 9 0
87 10 0
87 11 0
87 12 0
87 13 0
87 14 0
87 15 0
87 16 0
87 17 4026
87 18 3995
87 19 4034
87 20 4071
87 21 4034
87 22 4108
87 23 4057
87 24 3965
87 25 4107
87 26 3753
87 27 3392
87 28 3700
87 29 0
87 30 0
87 31 0
87 32 0
87 33 0
87 34 -1

88 0 0
88 1 0
88 2 0
88 3 0
88 4 0
88 5 0
88 6 0
88 7 0
88 8 0
88 9 0
88 10 0
88 11 0
88 12 0
88 13 0
88 14 0
88 15 0
88 16 0
88 17 0
88 18 3932
88 19 4011
88 20 4127
88 21 4199
88 22 4162
88 23 4113
88 24 4080
88 25 4070
88 26 3984
88 27 3653
88 28 3835
88 29 3312
88 30 0
88 31 0
88 32 0
88 33 0
88 34 -1

89 0 0
89 1 0
89 2 0
89 3 0
89 4 0
89 5 0
89 6 0
89 7 0
89 8 0
89 9 0
89 10 0
89 11 0
89 12 0
89 13 0
89 14 0
89 15 0
89 16 0
89 17 0
89 18 0
89 19 3959
89 20 4037
89 21 4082
89 22 4228
89 23 4131
89 24 4032
89 25 4081
89 26 3963
89 27 3789
89 28 3675
89 29 3780
89 30 0
89 31 0
89 32 0
89 33 0
89 34 -1

90 0 0
90 1 0
90 2 0
90 3 0
90 4 0
90 5 0
90 6 0
90 7 0
90 8 0
90 9 0
90 10 0
90 11 0
90 12 0
90 13 0
90 14 0
90 15 0
90 16 0
90 17 0
90 18 0
90 19 0
90 20 4163
90 21 4086
90 22 3990
90 23 4127
90 24 4090
90 25 4069
90 26 4057
90 27 4013
90 28 3720
90 29 3365
90 30 0
90 31 0
90 32 0
90 33 0
90 34 -1

91 0 0
91 1 0
91 2 0
91 3 0
91 4 0
91 5 0
91 6 0
91 7 0
91 8 0
91 9 0
91 10 0
91 11 0
91 12 0
91 13 0
91 14 0
91 15 0
91 16 0
91 17 0
91 18 0
91 19 0
91 20 0
91 21 3994
91 22 4050
91 23 4183
91 24 4270
91 25 4198
91 26 4022
91 27 3890
91 28 3880
91 29 3552
91 30 3129
91 31 0
91 32 0
91 33 0
91 34 -1

92 0 0
92 1 0
92 2 0
92 3 0
92 4 0
92 5 0
92 6 0
92 7 0
92 8 0
92 9 0
92 10 0
92 11 0
92 12 0
92 13 0
92 14 0
92 15 0
92 16 0
92 17 0
92 18 0
92 19 0
92 20 0
92 21 0
92 22 3999
92 23 4157
92 24 4133
92 25 4284
92 26 4148
92 27 4074
92 28 3894
92 29 3776
92 30 3327
92 31 0
92 32 0
92 33 0
92 34 -1

93 0 0
93 1 0
93 2 0
93 3 0
93 4 0
93 5 0
93 6 0
93 7 0
93 8 0
93 9 0
93 10 0
93 11 0
93 12 0
93 13 0
93 14 0
93 15 0
93 16 0
93 17 0
93 18 0
93 19 0
93 20 0
93 21 0
93 22 0
93 23 3975
93 24 4169
93 25 4135
93 26 4136
93 27 4181
93 28 3897
93 29 4052
93 30 3508
93 31 0
93 32 0
93 33 0
93 34 -1

94 0 0
94 1 0
94 2 0
94 3 0
94 4 0
94 5 0
94 6 0
94 7 0
94 8 0
94 9 0
94 10 0
94 11 0
94 12 0
94 13 0
94 14 0
94 15 0
94 16 0
94 17 0
94 18 0
94 19 0
94 20 0
94 21 0
94 22 0
94 23 0
94 24 3888
94 25 4164
94 26 4107
94 27 4083
94 28 4061
94 29 4144
94 30 3830
94 31 0
94 32 0
94 33 0
94 34 -1

95 0 0
95 1 0
95 2 0
95 3 0
95 4 0
95 5 0
95 6 0
95 7 0
95 8 0
95 9 0
95 10 0
95 11 0
95 12 0
95 13 0
95 14 0
95 15 0
95 16 0
95 17 0
95 18 0
95 19 0
95 20 0
95 21 0
95 22 0
95 23 0
95 24 0
95 25 4026
95 26 4090
95 27 4143
95 28 4194
95 29 3912
95 30 4171
95 31 3811
95 32 0
95 33 0
95 34 -1

96 0 0
96 1 0
96 2 0
96 3 0
96 4 0
96 5 0
96 6 0
96 7 0
96 8 0
96 9 0
96 10 0
96 11 0
96 12 0
96 13 0
96 14 0
96 15 0
96 16 0
96 17 0
96 18 0
96 19 0
96 20 0
96 21 0
96 22 0
96 23 0
96 24 0
96 25 0
96 26 4047
96 27 4143
96 28 3997
96 29 4178
96 30 4207
96 31 3817
96 32 0
96 33 0
96 34 -1

97 0 0
97 1 0
97 2 0
97 3 0
97 4 0
97 5 0
97 6 0
97 7 0
97 8 0
97 9 0
97 10 0
97 11 0
97 12 0
97 13 0
97 14 0
97 15 0
97 16 0
97 17 0
97 18 0
97 19 0
97 20 0
97 21 0
97 22 0
97 23 0
97 24 0
97 25 0
97 26 0
97 27 4034
97 28 4019
97 29 4015
97 30 4208
97 31 4009
97 32 0
97 33 0
97 34 -1

98 0 0
98 1 0
98 2 0
98 3 0
98 4 0
98 5 0
98 6 0
98 7 0
98 8 0
98 9 0
98 10 0
98 11 0
98 12 0
98 13 0
98 14 0
98 15 0
98 16 0
98 17 0
98 18 0
98 19 0
98 20 0
98 21 0
98 22 0
98 23 0
98 24 0
98 25 0
98 26 0
98 27 0
98 28 4034
98 29 3974
98 30 4112
98 31 4223
98 32 0
98 33 0
98 34 -1

99 0 0
99 1 0
99 2 0
99 3 0
99 4 0
99 5 0
99 6 0
99 7 0
99 8 0
99 9 0
99 10 0
99 11 0
99 12 0
99 13 0
99 14 0
99 15 0
99 16 0
99 17 0
99 18 0
99 19 0
99 20 0
99 21 0
99 22 0
99 23 0
99 24 0
99 25 0
99 26 0
99 27 0
99 28 0
99 29 4080
99 30 3970
99 31 4135
99 32 4293
99 33 0
99 34 -1

100 0 0
100 1 0
100 2 0
100 3 0
100 4 0
100 5 0
100 6 0
100 7 0
100 8 0
100 9 0
100 10 0
100 11 0
100 12 0
100 13 0
100 14 0
100 15 0
100 16 0
100 17 0
100 18 0
100 19 0
100 20 0
100 21 0
100 22 0
100 23 0
100 24 0
100 25 0
100 26 0
100 27 0
100 28 0
100 29 0
100 30 4166
100 31 3955
100 32 4328
100 33 0
100 34 -1

101 0 0
101 1 0
101 2 0
101 3 0
101 4 0
101 5 0
101 6 0
101 7 0
101 8 0
101 9 0
101 10 0
101 11 0
101 12 0
101 13 0
101 14 0
101 15 0
101 16 0
101 17 0
101 18 0
101 19 0
101 20 0
101 21 0
101 22 0
101 23 0
101 24 0
101 25 0
101 26 0
101 27 0
101 28 0
101 29 0
101 30 0
101 31 4093
101 32 4044
101 33 0
101 34 -1

102 0 0
102 1 0
102 2 0
102 3 0
102 4 0
102 5 0
102 6 0
102 7 0
102 8 0
102 9 0
102 10 0
102 11 0
102 12 0
102 13 0
102 14 0
102 15 0
102 16 0
102 17 0
102 18 0
102 19 0
102 20 0
102 21 0
102 22 0
102 23 0
102 24 0
102 25 0
102 26 0
102 27 0
102 28 0
102 29 0
102 30 0
102 31 0
102 32 3872
102 33 0
102 34 -1

103 0 0
103 1 0
103 2 0
103 3 0
103 4 0
103 5 0
103 6 0
103 7 0
103 8 0
103 9 0
103 10 0
103 11 0
103 12 0
103 13 0
103 14 0
103 15 0
103 16 0
103 17 0
103 18 0
103 19 0
103 20 0
103 21 0
103 22 0
103 23 0
103 24 0
103 25 0
103 26 0
103 27 0
103 28 0
103 29 0
103 30 0
103 31 0
103 32 0
103 33 3869
103 34 -1

