# qcoord = 4
# qdih = 3

0 0 -1
0 1 -1
0 2 -1
0 3 -1
0 4 -1
0 5 -1
0 6 -1
0 7 -1
0 8 -1
0 9 -1
0 10 -1
0 11 -1
0 12 -1
0 13 -1
0 14 -1
0 15 -1
0 16 -1
0 17 -1
0 18 -1
0 19 -1
0 20 -1
0 21 -1
0 22 -1
0 23 -1
0 24 -1
0 25 -1
0 26 -1
0 27 -1
0 28 -1
0 29 -1
0 30 -1
0 31 -1
0 32 -1
0 33 -1
0 34 -1
0 35 -1
0 36 -1
0 37 -1
0 38 -1

1 0 -0
1 1 -1
1 2 -1
1 3 -1
1 4 -1
1 5 -1
1 6 -1
1 7 -1
1 8 -1
1 9 -1
1 10 -1
1 11 -1
1 12 -1
1 13 -1
1 14 -1
1 15 -1
1 16 -1
1 17 -1
1 18 -1
1 19 -1
1 20 -1
1 21 -1
1 22 -1
1 23 -1
1 24 -1
1 25 -1
1 26 -1
1 27 -1
1 28 -1
1 29 -1
1 30 -1
1 31 -1
1 32 -1
1 33 -1
1 34 -1
1 35 -1
1 36 -1
1 37 -1
1 38 -1

2 0 -0
2 1 -1
2 2 -1
2 3 -1
2 4 -1
2 5 -1
2 6 -1
2 7 -1
2 8 -1
2 9 -1
2 10 -1
2 11 -1
2 12 -1
2 13 -1
2 14 -1
2 15 -1
2 16 -1
2 17 -1
2 18 -1
2 19 -1
2 20 -1
2 21 -1
2 22 -1
2 23 -1
2 24 -1
2 25 -1
2 26 -1
2 27 -1
2 28 -1
2 29 -1
2 30 -1
2 31 -1
2 32 -1
2 33 -1
2 34 -1
2 35 -1
2 36 -1
2 37 -1
2 38 -1

3 0 -0
3 1 -1
3 2 -1
3 3 -1
3 4 -1
3 5 -1
3 6 -1
3 7 -1
3 8 -1
3 9 -1
3 10 -1
3 11 -1
3 12 -1
3 13 -1
3 14 -1
3 15 -1
3 16 -1
3 17 -1
3 18 -1
3 19 -1
3 20 -1
3 21 -1
3 22 -1
3 23 -1
3 24 -1
3 25 -1
3 26 -1
3 27 -1
3 28 -1
3 29 -1
3 30 -1
3 31 -1
3 32 -1
3 33 -1
3 34 -1
3 35 -1
3 36 -1
3 37 -1
3 38 -1

4 0 -0
4 1 -1
4 2 -1
4 3 -1
4 4 -1
4 5 -1
4 6 -1
4 7 -1
4 8 -1
4 9 -1
4 10 -1
4 11 -1
4 12 -1
4 13 -1
4 14 -1
4 15 -1
4 16 -1
4 17 -1
4 18 -1
4 19 -1
4 20 -1
4 21 -1
4 22 -1
4 23 -1
4 24 -1
4 25 -1
4 26 -1
4 27 -1
4 28 -1
4 29 -1
4 30 -1
4 31 -1
4 32 -1
4 33 -1
4 34 -1
4 35 -1
4 36 -1
4 37 -1
4 38 -1

5 0 -0
5 1 -1
5 2 -1
5 3 -1
5 4 -1
5 5 -1
5 6 -1
5 7 -1
5 8 -1
5 9 -1
5 10 -1
5 11 -1
5 12 -1
5 13 -1
5 14 -1
5 15 -1
5 16 -1
5 17 -1
5 18 -1
5 19 -1
5 20 -1
5 21 -1
5 22 -1
5 23 -1
5 24 -1
5 25 -1
5 26 -1
5 27 -1
5 28 -1
5 29 -1
5 30 -1
5 31 -1
5 32 -1
5 33 -1
5 34 -1
5 35 -1
5 36 -1
5 37 -1
5 38 -1

6 0 -0
6 1 5.49306
6 2 -1
6 3 -1
6 4 -1
6 5 -1
6 6 -1
6 7 -1
6 8 -1
6 9 -1
6 10 -1
6 11 -1
6 12 -1
6 13 -1
6 14 -1
6 15 -1
6 16 -1
6 17 -1
6 18 -1
6 19 -1
6 20 -1
6 21 -1
6 22 -1
6 23 -1
6 24 -1
6 25 -1
6 26 -1
6 27 -1
6 28 -1
6 29 -1
6 30 -1
6 31 -1
6 32 -1
6 33 -1
6 34 -1
6 35 -1
6 36 -1
6 37 -1
6 38 -1

7 0 -0
7 1 5.49306
7 2 -1
7 3 -1
7 4 -1
7 5 -1
7 6 -1
7 7 -1
7 8 -1
7 9 -1
7 10 -1
7 11 -1
7 12 -1
7 13 -1
7 14 -1
7 15 -1
7 16 -1
7 17 -1
7 18 -1
7 19 -1
7 20 -1
7 21 -1
7 22 -1
7 23 -1
7 24 -1
7 25 -1
7 26 -1
7 27 -1
7 28 -1
7 29 -1
7 30 -1
7 31 -1
7 32 -1
7 33 -1
7 34 -1
7 35 -1
7 36 -1
7 37 -1
7 38 -1

8 0 -0
8 1 5.50741
8 2 -1
8 3 -1
8 4 -1
8 5 -1
8 6 -1
8 7 -1
8 8 -1
8 9 -1
8 10 -1
8 11 -1
8 12 -1
8 13 -1
8 14 -1
8 15 -1
8 16 -1
8 17 -1
8 18 -1
8 19 -1
8 20 -1
8 21 -1
8 22 -1
8 23 -1
8 24 -1
8 25 -1
8 26 -1
8 27 -1
8 28 -1
8 29 -1
8 30 -1
8 31 -1
8 32 -1
8 33 -1
8 34 -1
8 35 -1
8 36 -1
8 37 -1
8 38 -1

9 0 -0
9 1 5.53126
9 2 -1
9 3 -1
9 4 -1
9 5 -1
9 6 -1
9 7 -1
9 8 -1
9 9 -1
9 10 -1
9 11 -1
9 12 -1
9 13 -1
9 14 -1
9 15 -1
9 16 -1
9 17 -1
9 18 -1
9 19 -1
9 20 -1
9 21 -1
9 22 -1
9 23 -1
9 24 -1
9 25 -1
9 26 -1
9 27 -1
9 28 -1
9 29 -1
9 30 -1
9 31 -1
9 32 -1
9 33 -1
9 34 -1
9 35 -1
9 36 -1
9 37 -1
9 38 -1

10 0 -0
10 1 5.54671
10 2 8.7889
10 3 -1
10 4 -1
10 5 -1
10 6 -1
10 7 -1
10 8 -1
10 9 -1
10 10 -1
10 11 -1
10 12 -1
10 13 -1
10 14 -1
10 15 -1
10 16 -1
10 17 -1
10 18 -1
10 19 -1
10 20 -1
10 21 -1
10 22 -1
10 23 -1
10 24 -1
10 25 -1
10 26 -1
10 27 -1
10 28 -1
10 29 -1
10 30 -1
10 31 -1
10 32 -1
10 33 -1
10 34 -1
10 35 -1
10 36 -1
10 37 -1
10 38 -1

11 0 -0
11 1 5.56777
11 2 8.87779
11 3 -1
11 4 -1
11 5 -1
11 6 -1
11 7 -1
11 8 -1
11 9 -1
11 10 -1
11 11 -1
11 12 -1
11 13 -1
11 14 -1
11 15 -1
11 16 -1
11 17 -1
11 18 -1
11 19 -1
11 20 -1
11 21 -1
11 22 -1
11 23 -1
11 24 -1
11 25 -1
11 26 -1
11 27 -1
11 28 -1
11 29 -1
11 30 -1
11 31 -1
11 32 -1
11 33 -1
11 34 -1
11 35 -1
11 36 -1
11 37 -1
11 38 -1

12 0 -0
12 1 5.5818
12 2 8.94908
12 3 9.88751
12 4 -1
12 5 -1
12 6 -1
12 7 -1
12 8 -1
12 9 -1
12 10 -1
12 11 -1
12 12 -1
12 13 -1
12 14 -1
12 15 -1
12 16 -1
12 17 -1
12 18 -1
12 19 -1
12 20 -1
12 21 -1
12 22 -1
12 23 -1
12 24 -1
12 25 -1
12 26 -1
12 27 -1
12 28 -1
12 29 -1
12 30 -1
12 31 -1
12 32 -1
12 33 -1
12 34 -1
12 35 -1
12 36 -1
12 37 -1
12 38 -1

13 0 -0
13 1 5.59353
13 2 9.04088
13 3 9.88751
13 4 -1
13 5 -1
13 6 -1
13 7 -1
13 8 -1
13 9 -1
13 10 -1
13 11 -1
13 12 -1
13 13 -1
13 14 -1
13 15 -1
13 16 -1
13 17 -1
13 18 -1
13 19 -1
13 20 -1
13 21 -1
13 22 -1
13 23 -1
13 24 -1
13 25 -1
13 26 -1
13 27 -1
13 28 -1
13 29 -1
13 30 -1
13 31 -1
13 32 -1
13 33 -1
13 34 -1
13 35 -1
13 36 -1
13 37 -1
13 38 -1

14 0 -0
14 1 5.61393
14 2 9.09276
14 3 10.0575
14 4 -1
14 5 -1
14 6 -1
14 7 -1
14 8 -1
14 9 -1
14 10 -1
14 11 -1
14 12 -1
14 13 -1
14 14 -1
14 15 -1
14 16 -1
14 17 -1
14 18 -1
14 19 -1
14 20 -1
14 21 -1
14 22 -1
14 23 -1
14 24 -1
14 25 -1
14 26 -1
14 27 -1
14 28 -1
14 29 -1
14 30 -1
14 31 -1
14 32 -1
14 33 -1
14 34 -1
14 35 -1
14 36 -1
14 37 -1
14 38 -1

15 0 -0
15 1 5.63103
15 2 9.17968
15 3 10.3072
15 4 -1
15 5 -1
15 6 -1
15 7 -1
15 8 -1
15 9 -1
15 10 -1
15 11 -1
15 12 -1
15 13 -1
15 14 -1
15 15 -1
15 16 -1
15 17 -1
15 18 -1
15 19 -1
15 20 -1
15 21 -1
15 22 -1
15 23 -1
15 24 -1
15 25 -1
15 26 -1
15 27 -1
15 28 -1
15 29 -1
15 30 -1
15 31 -1
15 32 -1
15 33 -1
15 34 -1
15 35 -1
15 36 -1
15 37 -1
15 38 -1

16 0 -0
16 1 5.64103
16 2 9.23994
16 3 10.5582
16 4 13.1833
16 5 -1
16 6 -1
16 7 -1
16 8 -1
16 9 -1
16 10 -1
16 11 -1
16 12 -1
16 13 -1
16 14 -1
16 15 -1
16 16 -1
16 17 -1
16 18 -1
16 19 -1
16 20 -1
16 21 -1
16 22 -1
16 23 -1
16 24 -1
16 25 -1
16 26 -1
16 27 -1
16 28 -1
16 29 -1
16 30 -1
16 31 -1
16 32 -1
16 33 -1
16 34 -1
16 35 -1
16 36 -1
16 37 -1
16 38 -1

17 0 -0
17 1 5.65672
17 2 9.31048
17 3 10.7961
17 4 13.2698
17 5 -1
17 6 -1
17 7 -1
17 8 -1
17 9 -1
17 10 -1
17 11 -1
17 12 -1
17 13 -1
17 14 -1
17 15 -1
17 16 -1
17 17 -1
17 18 -1
17 19 -1
17 20 -1
17 21 -1
17 22 -1
17 23 -1
17 24 -1
17 25 -1
17 26 -1
17 27 -1
17 28 -1
17 29 -1
17 30 -1
17 31 -1
17 32 -1
17 33 -1
17 34 -1
17 35 -1
17 36 -1
17 37 -1
17 38 -1

18 0 -0
18 1 5.67442
18 2 9.40221
18 3 11.0021
18 4 13.3857
18 5 14.282
18 6 -1
18 7 -1
18 8 -1
18 9 -1
18 10 -1
18 11 -1
18 12 -1
18 13 -1
18 14 -1
18 15 -1
18 16 -1
18 17 -1
18 18 -1
18 19 -1
18 20 -1
18 21 -1
18 22 -1
18 23 -1
18 24 -1
18 25 -1
18 26 -1
18 27 -1
18 28 -1
18 29 -1
18 30 -1
18 31 -1
18 32 -1
18 33 -1
18 34 -1
18 35 -1
18 36 -1
18 37 -1
18 38 -1

19 0 -0
19 1 5.69296
19 2 9.4184
19 3 11.1188
19 4 13.5434
19 5 14.282
19 6 -1
19 7 -1
19 8 -1
19 9 -1
19 10 -1
19 11 -1
19 12 -1
19 13 -1
19 14 -1
19 15 -1
19 16 -1
19 17 -1
19 18 -1
19 19 -1
19 20 -1
19 21 -1
19 22 -1
19 23 -1
19 24 -1
19 25 -1
19 26 -1
19 27 -1
19 28 -1
19 29 -1
19 30 -1
19 31 -1
19 32 -1
19 33 -1
19 34 -1
19 35 -1
19 36 -1
19 37 -1
19 38 -1

20 0 -0
20 1 5.71845
20 2 9.49721
20 3 11.3883
20 4 13.7274
20 5 14.5321
20 6 -1
20 7 -1
20 8 -1
20 9 -1
20 10 -1
20 11 -1
20 12 -1
20 13 -1
20 14 -1
20 15 -1
20 16 -1
20 17 -1
20 18 -1
20 19 -1
20 20 -1
20 21 -1
20 22 -1
20 23 -1
20 24 -1
20 25 -1
20 26 -1
20 27 -1
20 28 -1
20 29 -1
20 30 -1
20 31 -1
20 32 -1
20 33 -1
20 34 -1
20 35 -1
20 36 -1
20 37 -1
20 38 -1

21 0 -0
21 1 5.70784
21 2 9.58623
21 3 11.5681
21 4 13.9015
21 5 14.8597
21 6 -1
21 7 -1
21 8 -1
21 9 -1
21 10 -1
21 11 -1
21 12 -1
21 13 -1
21 14 -1
21 15 -1
21 16 -1
21 17 -1
21 18 -1
21 19 -1
21 20 -1
21 21 -1
21 22 -1
21 23 -1
21 24 -1
21 25 -1
21 26 -1
21 27 -1
21 28 -1
21 29 -1
21 30 -1
21 31 -1
21 32 -1
21 33 -1
21 34 -1
21 35 -1
21 36 -1
21 37 -1
21 38 -1

22 0 -0
22 1 5.74218
22 2 9.6203
22 3 11.6602
22 4 14.0531
22 5 15.1955
22 6 17.5778
22 7 -1
22 8 -1
22 9 -1
22 10 -1
22 11 -1
22 12 -1
22 13 -1
22 14 -1
22 15 -1
22 16 -1
22 17 -1
22 18 -1
22 19 -1
22 20 -1
22 21 -1
22 22 -1
22 23 -1
22 24 -1
22 25 -1
22 26 -1
22 27 -1
22 28 -1
22 29 -1
22 30 -1
22 31 -1
22 32 -1
22 33 -1
22 34 -1
22 35 -1
22 36 -1
22 37 -1
22 38 -1

23 0 -0
23 1 5.74708
23 2 9.69603
23 3 11.866
23 4 14.2277
23 5 15.4877
23 6 17.6545
23 7 -1
23 8 -1
23 9 -1
23 10 -1
23 11 -1
23 12 -1
23 13 -1
23 14 -1
23 15 -1
23 16 -1
23 17 -1
23 18 -1
23 19 -1
23 20 -1
23 21 -1
23 22 -1
23 23 -1
23 24 -1
23 25 -1
23 26 -1
23 27 -1
23 28 -1
23 29 -1
23 30 -1
23 31 -1
23 32 -1
23 33 -1
23 34 -1
23 35 -1
23 36 -1
23 37 -1
23 38 -1

24 0 -0
24 1 5.76374
24 2 9.73865
24 3 11.9542
24 4 14.398
24 5 15.7667
24 6 17.7972
24 7 18.6764
24 8 -1
24 9 -1
24 10 -1
24 11 -1
24 12 -1
24 13 -1
24 14 -1
24 15 -1
24 16 -1
24 17 -1
24 18 -1
24 19 -1
24 20 -1
24 21 -1
24 22 -1
24 23 -1
24 24 -1
24 25 -1
24 26 -1
24 27 -1
24 28 -1
24 29 -1
24 30 -1
24 31 -1
24 32 -1
24 33 -1
24 34 -1
24 35 -1
24 36 -1
24 37 -1
24 38 -1

25 0 -0
25 1 5.76648
25 2 9.77996
25 3 12.0709
25 4 14.567
25 5 16.0332
25 6 18.0048
25 7 18.6764
25 8 -1
25 9 -1
25 10 -1
25 11 -1
25 12 -1
25 13 -1
25 14 -1
25 15 -1
25 16 -1
25 17 -1
25 18 -1
25 19 -1
25 20 -1
25 21 -1
25 22 -1
25 23 -1
25 24 -1
25 25 -1
25 26 -1
25 27 -1
25 28 -1
25 29 -1
25 30 -1
25 31 -1
25 32 -1
25 33 -1
25 34 -1
25 35 -1
25 36 -1
25 37 -1
25 38 -1

26 0 -0
26 1 5.77998
26 2 9.8358
26 3 12.1693
26 4 14.7022
26 5 16.3094
26 6 18.2371
26 7 19.0139
26 8 -1
26 9 -1
26 10 -1
26 11 -1
26 12 -1
26 13 -1
26 14 -1
26 15 -1
26 16 -1
26 17 -1
26 18 -1
26 19 -1
26 20 -1
26 21 -1
26 22 -1
26 23 -1
26 24 -1
26 25 -1
26 26 -1
26 27 -1
26 28 -1
26 29 -1
26 30 -1
26 31 -1
26 32 -1
26 33 -1
26 34 -1
26 35 -1
26 36 -1
26 37 -1
26 38 -1

27 0 -0
27 1 5.80219
27 2 9.89453
27 3 12.3984
27 4 14.8663
27 5 16.5239
27 6 18.428
27 7 19.3958
27 8 -1
27 9 -1
27 10 -1
27 11 -1
27 12 -1
27 13 -1
27 14 -1
27 15 -1
27 16 -1
27 17 -1
27 18 -1
27 19 -1
27 20 -1
27 21 -1
27 22 -1
27 23 -1
27 24 -1
27 25 -1
27 26 -1
27 27 -1
27 28 -1
27 29 -1
27 30 -1
27 31 -1
27 32 -1
27 33 -1
27 34 -1
27 35 -1
27 36 -1
27 37 -1
27 38 -1

28 0 -0
28 1 5.80344
28 2 9.92619
28 3 12.5257
28 4 15.0187
28 5 16.7802
28 6 18.6878
28 7 19.8191
28 8 21.9722
28 9 -1
28 10 -1
28 11 -1
28 12 -1
28 13 -1
28 14 -1
28 15 -1
28 16 -1
28 17 -1
28 18 -1
28 19 -1
28 20 -1
28 21 -1
28 22 -1
28 23 -1
28 24 -1
28 25 -1
28 26 -1
28 27 -1
28 28 -1
28 29 -1
28 30 -1
28 31 -1
28 32 -1
28 33 -1
28 34 -1
28 35 -1
28 36 -1
28 37 -1
28 38 -1

29 0 -0
29 1 5.83305
29 2 9.95585
29 3 12.6269
29 4 15.1556
29 5 16.9486
29 6 18.9188
29 7 20.122
29 8 22.0856
29 9 -1
29 10 -1
29 11 -1
29 12 -1
29 13 -1
29 14 -1
29 15 -1
29 16 -1
29 17 -1
29 18 -1
29 19 -1
29 20 -1
29 21 -1
29 22 -1
29 23 -1
29 24 -1
29 25 -1
29 26 -1
29 27 -1
29 28 -1
29 29 -1
29 30 -1
29 31 -1
29 32 -1
29 33 -1
29 34 -1
29 35 -1
29 36 -1
29 37 -1
29 38 -1

30 0 -0
30 1 5.83473
30 2 10.0356
30 3 12.6525
30 4 15.2931
30 5 17.1506
30 6 19.1867
30 7 20.4971
30 8 22.271
30 9 23.0709
30 10 -1
30 11 -1
30 12 -1
30 13 -1
30 14 -1
30 15 -1
30 16 -1
30 17 -1
30 18 -1
30 19 -1
30 20 -1
30 21 -1
30 22 -1
30 23 -1
30 24 -1
30 25 -1
30 26 -1
30 27 -1
30 28 -1
30 29 -1
30 30 -1
30 31 -1
30 32 -1
30 33 -1
30 34 -1
30 35 -1
30 36 -1
30 37 -1
30 38 -1

31 0 -0
31 1 5.84815
31 2 10.0451
31 3 12.6606
31 4 15.4467
31 5 17.2646
31 6 19.3305
31 7 20.7678
31 8 22.4942
31 9 23.2574
31 10 -1
31 11 -1
31 12 -1
31 13 -1
31 14 -1
31 15 -1
31 16 -1
31 17 -1
31 18 -1
31 19 -1
31 20 -1
31 21 -1
31 22 -1
31 23 -1
31 24 -1
31 25 -1
31 26 -1
31 27 -1
31 28 -1
31 29 -1
31 30 -1
31 31 -1
31 32 -1
31 33 -1
31 34 -1
31 35 -1
31 36 -1
31 37 -1
31 38 -1

32 0 -0
32 1 5.84868
32 2 10.1267
32 3 12.9212
32 4 15.599
32 5 17.5661
32 6 19.5303
32 7 20.953
32 8 22.7334
32 9 23.6173
32 10 -1
32 11 -1
32 12 -1
32 13 -1
32 14 -1
32 15 -1
32 16 -1
32 17 -1
32 18 -1
32 19 -1
32 20 -1
32 21 -1
32 22 -1
32 23 -1
32 24 -1
32 25 -1
32 26 -1
32 27 -1
32 28 -1
32 29 -1
32 30 -1
32 31 -1
32 32 -1
32 33 -1
32 34 -1
32 35 -1
32 36 -1
32 37 -1
32 38 -1

33 0 -0
33 1 5.87379
33 2 10.1573
33 3 12.9235
33 4 15.6781
33 5 17.738
33 6 19.7355
33 7 21.2845
33 8 22.9493
33 9 24.0222
33 10 25.2681
33 11 -1
33 12 -1
33 13 -1
33 14 -1
33 15 -1
33 16 -1
33 17 -1
33 18 -1
33 19 -1
33 20 -1
33 21 -1
33 22 -1
33 23 -1
33 24 -1
33 25 -1
33 26 -1
33 27 -1
33 28 -1
33 29 -1
33 30 -1
33 31 -1
33 32 -1
33 33 -1
33 34 -1
33 35 -1
33 36 -1
33 37 -1
33 38 -1

34 0 -0
34 1 5.88647
34 2 10.2004
34 3 12.9824
34 4 15.8188
34 5 17.9671
34 6 19.903
34 7 21.53
34 8 23.2621
34 9 24.3276
34 10 25.6147
34 11 -1
34 12 -1
34 13 -1
34 14 -1
34 15 -1
34 16 -1
34 17 -1
34 18 -1
34 19 -1
34 20 -1
34 21 -1
34 22 -1
34 23 -1
34 24 -1
34 25 -1
34 26 -1
34 27 -1
34 28 -1
34 29 -1
34 30 -1
34 31 -1
34 32 -1
34 33 -1
34 34 -1
34 35 -1
34 36 -1
34 37 -1
34 38 -1

35 0 -0
35 1 5.89687
35 2 10.2813
35 3 13.1868
35 4 15.894
35 5 18.0012
35 6 20.1427
35 7 21.7299
35 8 23.4994
35 9 24.695
35 10 25.8949
35 11 26.3667
35 12 -1
35 13 -1
35 14 -1
35 15 -1
35 16 -1
35 17 -1
35 18 -1
35 19 -1
35 20 -1
35 21 -1
35 22 -1
35 23 -1
35 24 -1
35 25 -1
35 26 -1
35 27 -1
35 28 -1
35 29 -1
35 30 -1
35 31 -1
35 32 -1
35 33 -1
35 34 -1
35 35 -1
35 36 -1
35 37 -1
35 38 -1

36 0 -0
36 1 5.89291
36 2 10.2616
36 3 13.3423
36 4 16.0826
36 5 18.1192
36 6 20.32
36 7 22.0766
36 8 23.7686
36 9 25.0378
36 10 26.2112
36 11 26.5692
36 12 -1
36 13 -1
36 14 -1
36 15 -1
36 16 -1
36 17 -1
36 18 -1
36 19 -1
36 20 -1
36 21 -1
36 22 -1
36 23 -1
36 24 -1
36 25 -1
36 26 -1
36 27 -1
36 28 -1
36 29 -1
36 30 -1
36 31 -1
36 32 -1
36 33 -1
36 34 -1
36 35 -1
36 36 -1
36 37 -1
36 38 -1

37 0 -0
37 1 5.91714
37 2 10.3356
37 3 13.3507
37 4 16.1549
37 5 18.411
37 6 20.5284
37 7 22.2244
37 8 23.9475
37 9 25.2727
37 10 26.5405
37 11 27.0071
37 12 27.4653
37 13 -1
37 14 -1
37 15 -1
37 16 -1
37 17 -1
37 18 -1
37 19 -1
37 20 -1
37 21 -1
37 22 -1
37 23 -1
37 24 -1
37 25 -1
37 26 -1
37 27 -1
37 28 -1
37 29 -1
37 30 -1
37 31 -1
37 32 -1
37 33 -1
37 34 -1
37 35 -1
37 36 -1
37 37 -1
37 38 -1

38 0 -0
38 1 5.92124
38 2 10.3258
38 3 13.567
38 4 16.307
38 5 18.6219
38 6 20.6154
38 7 22.399
38 8 24.2181
38 9 25.5697
38 10 26.8267
38 11 27.4652
38 12 27.4653
38 13 -1
38 14 -1
38 15 -1
38 16 -1
38 17 -1
38 18 -1
38 19 -1
38 20 -1
38 21 -1
38 22 -1
38 23 -1
38 24 -1
38 25 -1
38 26 -1
38 27 -1
38 28 -1
38 29 -1
38 30 -1
38 31 -1
38 32 -1
38 33 -1
38 34 -1
38 35 -1
38 36 -1
38 37 -1
38 38 -1

39 0 -0
39 1 5.93425
39 2 10.4208
39 3 13.566
39 4 16.3276
39 5 18.5408
39 6 20.9389
39 7 22.8356
39 8 24.4588
39 9 25.8453
39 10 27.1417
39 11 27.9267
39 12 28.3799
39 13 -1
39 14 -1
39 15 -1
39 16 -1
39 17 -1
39 18 -1
39 19 -1
39 20 -1
39 21 -1
39 22 -1
39 23 -1
39 24 -1
39 25 -1
39 26 -1
39 27 -1
39 28 -1
39 29 -1
39 30 -1
39 31 -1
39 32 -1
39 33 -1
39 34 -1
39 35 -1
39 36 -1
39 37 -1
39 38 -1

40 0 -0
40 1 5.92616
40 2 10.4501
40 3 13.617
40 4 16.646
40 5 18.8151
40 6 21.0943
40 7 22.9265
40 8 24.7564
40 9 26.1685
40 10 27.4715
40 11 28.3922
40 12 29.0196
40 13 -1
40 14 -1
40 15 -1
40 16 -1
40 17 -1
40 18 -1
40 19 -1
40 20 -1
40 21 -1
40 22 -1
40 23 -1
40 24 -1
40 25 -1
40 26 -1
40 27 -1
40 28 -1
40 29 -1
40 30 -1
40 31 -1
40 32 -1
40 33 -1
40 34 -1
40 35 -1
40 36 -1
40 37 -1
40 38 -1

41 0 -0
41 1 5.95414
41 2 10.4977
41 3 13.6464
41 4 16.5503
41 5 19.0152
41 6 21.2126
41 7 23.0695
41 8 24.8203
41 9 26.3578
41 10 27.7983
41 11 28.7597
41 12 29.5602
41 13 30.7611
41 14 -1
41 15 -1
41 16 -1
41 17 -1
41 18 -1
41 19 -1
41 20 -1
41 21 -1
41 22 -1
41 23 -1
41 24 -1
41 25 -1
41 26 -1
41 27 -1
41 28 -1
41 29 -1
41 30 -1
41 31 -1
41 32 -1
41 33 -1
41 34 -1
41 35 -1
41 36 -1
41 37 -1
41 38 -1

42 0 -0
42 1 5.96341
42 2 10.5491
42 3 13.7922
42 4 16.6802
42 5 19.3407
42 6 21.2869
42 7 23.4481
42 8 25.2545
42 9 26.706
42 10 28.0545
42 11 29.0712
42 12 30.0663
42 13 30.98
42 14 -1
42 15 -1
42 16 -1
42 17 -1
42 18 -1
42 19 -1
42 20 -1
42 21 -1
42 22 -1
42 23 -1
42 24 -1
42 25 -1
42 26 -1
42 27 -1
42 28 -1
42 29 -1
42 30 -1
42 31 -1
42 32 -1
42 33 -1
42 34 -1
42 35 -1
42 36 -1
42 37 -1
42 38 -1

43 0 -0
43 1 5.95873
43 2 10.57
43 3 13.7805
43 4 16.8011
43 5 19.0637
43 6 21.4864
43 7 23.6577
43 8 25.345
43 9 26.9582
43 10 28.3628
43 11 29.4799
43 12 30.5189
43 13 31.3577
43 14 31.8598
43 15 -1
43 16 -1
43 17 -1
43 18 -1
43 19 -1
43 20 -1
43 21 -1
43 22 -1
43 23 -1
43 24 -1
43 25 -1
43 26 -1
43 27 -1
43 28 -1
43 29 -1
43 30 -1
43 31 -1
43 32 -1
43 33 -1
43 34 -1
43 35 -1
43 36 -1
43 37 -1
43 38 -1

44 0 -0
44 1 5.98062
44 2 10.5998
44 3 13.9356
44 4 16.8569
44 5 19.4417
44 6 21.6311
44 7 23.7086
44 8 25.5998
44 9 27.1636
44 10 28.6726
44 11 29.8124
44 12 30.8788
44 13 31.758
44 14 32.3032
44 15 -1
44 16 -1
44 17 -1
44 18 -1
44 19 -1
44 20 -1
44 21 -1
44 22 -1
44 23 -1
44 24 -1
44 25 -1
44 26 -1
44 27 -1
44 28 -1
44 29 -1
44 30 -1
44 31 -1
44 32 -1
44 33 -1
44 34 -1
44 35 -1
44 36 -1
44 37 -1
44 38 -1

45 0 -0
45 1 5.98703
45 2 10.6302
45 3 13.9149
45 4 16.9177
45 5 19.4547
45 6 21.9304
45 7 23.9006
45 8 25.827
45 9 27.3637
45 10 28.8423
45 11 30.1367
45 12 31.263
45 13 32.1778
45 14 32.8684
45 15 -1
45 16 -1
45 17 -1
45 18 -1
45 19 -1
45 20 -1
45 21 -1
45 22 -1
45 23 -1
45 24 -1
45 25 -1
45 26 -1
45 27 -1
45 28 -1
45 29 -1
45 30 -1
45 31 -1
45 32 -1
45 33 -1
45 34 -1
45 35 -1
45 36 -1
45 37 -1
45 38 -1

46 0 -0
46 1 5.99818
46 2 10.6461
46 3 14.0102
46 4 17.094
46 5 19.6197
46 6 22.029
46 7 23.9752
46 8 25.9901
46 9 27.6309
46 10 29.177
46 11 30.5506
46 12 31.6215
46 13 32.5758
46 14 33.3132
46 15 34.057
46 16 -1
46 17 -1
46 18 -1
46 19 -1
46 20 -1
46 21 -1
46 22 -1
46 23 -1
46 24 -1
46 25 -1
46 26 -1
46 27 -1
46 28 -1
46 29 -1
46 30 -1
46 31 -1
46 32 -1
46 33 -1
46 34 -1
46 35 -1
46 36 -1
46 37 -1
46 38 -1

47 0 -0
47 1 6.01037
47 2 10.7287
47 3 14.1099
47 4 17.3198
47 5 19.9774
47 6 22.263
47 7 24.2639
47 8 26.3183
47 9 27.8618
47 10 29.4352
47 11 30.7492
47 12 31.9436
47 13 32.9322
47 14 33.7251
47 15 34.364
47 16 -1
47 17 -1
47 18 -1
47 19 -1
47 20 -1
47 21 -1
47 22 -1
47 23 -1
47 24 -1
47 25 -1
47 26 -1
47 27 -1
47 28 -1
47 29 -1
47 30 -1
47 31 -1
47 32 -1
47 33 -1
47 34 -1
47 35 -1
47 36 -1
47 37 -1
47 38 -1

48 0 -0
48 1 6.0017
48 2 10.7361
48 3 14.181
48 4 17.4945
48 5 19.9723
48 6 22.3032
48 7 24.2623
48 8 26.3133
48 9 28.1213
48 10 29.6704
48 11 31.0956
48 12 32.2217
48 13 33.4245
48 14 34.1668
48 15 34.7825
48 16 35.1556
48 17 -1
48 18 -1
48 19 -1
48 20 -1
48 21 -1
48 22 -1
48 23 -1
48 24 -1
48 25 -1
48 26 -1
48 27 -1
48 28 -1
48 29 -1
48 30 -1
48 31 -1
48 32 -1
48 33 -1
48 34 -1
48 35 -1
48 36 -1
48 37 -1
48 38 -1

49 0 -0
49 1 6.04101
49 2 10.6753
49 3 14.2715
49 4 17.3033
49 5 19.8375
49 6 22.566
49 7 24.537
49 8 26.6799
49 9 28.3493
49 10 29.9813
49 11 31.3354
49 12 32.5382
49 13 33.7127
49 14 34.5649
49 15 35.2733
49 16 35.2873
49 17 -1
49 18 -1
49 19 -1
49 20 -1
49 21 -1
49 22 -1
49 23 -1
49 24 -1
49 25 -1
49 26 -1
49 27 -1
49 28 -1
49 29 -1
49 30 -1
49 31 -1
49 32 -1
49 33 -1
49 34 -1
49 35 -1
49 36 -1
49 37 -1
49 38 -1

50 0 -0
50 1 6.04104
50 2 10.7028
50 3 14.2268
50 4 17.5152
50 5 20.2696
50 6 22.7765
50 7 24.7109
50 8 26.7862
50 9 28.5406
50 10 30.1361
50 11 31.664
50 12 32.9577
50 13 34.1364
50 14 34.9939
50 15 35.7229
50 16 36.0349
50 17 -1
50 18 -1
50 19 -1
50 20 -1
50 21 -1
50 22 -1
50 23 -1
50 24 -1
50 25 -1
50 26 -1
50 27 -1
50 28 -1
50 29 -1
50 30 -1
50 31 -1
50 32 -1
50 33 -1
50 34 -1
50 35 -1
50 36 -1
50 37 -1
50 38 -1

51 0 -0
51 1 6.04958
51 2 10.8207
51 3 14.385
51 4 17.5473
51 5 20.3788
51 6 22.7719
51 7 25.1174
51 8 27.2654
51 9 28.7926
51 10 30.4336
51 11 31.8886
51 12 33.2021
51 13 34.3951
51 14 35.4998
51 15 36.2234
51 16 36.7561
51 17 -1
51 18 -1
51 19 -1
51 20 -1
51 21 -1
51 22 -1
51 23 -1
51 24 -1
51 25 -1
51 26 -1
51 27 -1
51 28 -1
51 29 -1
51 30 -1
51 31 -1
51 32 -1
51 33 -1
51 34 -1
51 35 -1
51 36 -1
51 37 -1
51 38 -1

52 0 -0
52 1 6.07084
52 2 10.8113
52 3 14.4728
52 4 17.696
52 5 20.3216
52 6 22.7787
52 7 25.1137
52 8 27.3046
52 9 29.1495
52 10 30.6062
52 11 32.0794
52 12 33.5987
52 13 34.6145
52 14 35.7237
52 15 36.6104
52 16 37.3442
52 17 38.4514
52 18 -1
52 19 -1
52 20 -1
52 21 -1
52 22 -1
52 23 -1
52 24 -1
52 25 -1
52 26 -1
52 27 -1
52 28 -1
52 29 -1
52 30 -1
52 31 -1
52 32 -1
52 33 -1
52 34 -1
52 35 -1
52 36 -1
52 37 -1
52 38 -1

53 0 -0
53 1 6.04225
53 2 10.8555
53 3 14.434
53 4 17.7461
53 5 20.2494
53 6 23.2204
53 7 25.1074
53 8 27.7128
53 9 29.4326
53 10 31.075
53 11 32.3516
53 12 33.8271
53 13 35.0197
53 14 36.131
53 15 37.1145
53 16 37.7735
53 17 38.6856
53 18 -1
53 19 -1
53 20 -1
53 21 -1
53 22 -1
53 23 -1
53 24 -1
53 25 -1
53 26 -1
53 27 -1
53 28 -1
53 29 -1
53 30 -1
53 31 -1
53 32 -1
53 33 -1
53 34 -1
53 35 -1
53 36 -1
53 37 -1
53 38 -1

54 0 -0
54 1 6.06131
54 2 10.8911
54 3 14.5
54 4 18.1079
54 5 21.0225
54 6 23.0046
54 7 25.6449
54 8 27.6086
54 9 29.3803
54 10 31.1959
54 11 32.7265
54 12 34.1434
54 13 35.4702
54 14 36.4763
54 15 37.5837
54 16 38.3019
54 17 39.0627
54 18 39.55
54 19 -1
54 20 -1
54 21 -1
54 22 -1
54 23 -1
54 24 -1
54 25 -1
54 26 -1
54 27 -1
54 28 -1
54 29 -1
54 30 -1
54 31 -1
54 32 -1
54 33 -1
54 34 -1
54 35 -1
54 36 -1
54 37 -1
54 38 -1

55 0 -0
55 1 6.08235
55 2 10.9076
55 3 14.4474
55 4 17.8444
55 5 20.7256
55 6 23.1615
55 7 25.4949
55 8 27.6026
55 9 29.6131
55 10 31.4414
55 11 32.907
55 12 34.4892
55 13 35.8725
55 14 37.0089
55 15 37.8096
55 16 38.7306
55 17 39.5393
55 18 39.8699
55 19 -1
55 20 -1
55 21 -1
55 22 -1
55 23 -1
55 24 -1
55 25 -1
55 26 -1
55 27 -1
55 28 -1
55 29 -1
55 30 -1
55 31 -1
55 32 -1
55 33 -1
55 34 -1
55 35 -1
55 36 -1
55 37 -1
55 38 -1

56 0 -0
56 1 6.06589
56 2 10.9362
56 3 14.6493
56 4 18.1319
56 5 21.1789
56 6 23.4889
56 7 25.6528
56 8 27.7989
56 9 29.5853
56 10 31.5211
56 11 33.2071
56 12 34.6736
56 13 36.1909
56 14 37.2895
56 15 38.3217
56 16 39.0886
56 17 39.9824
56 18 40.4759
56 19 -1
56 20 -1
56 21 -1
56 22 -1
56 23 -1
56 24 -1
56 25 -1
56 26 -1
56 27 -1
56 28 -1
56 29 -1
56 30 -1
56 31 -1
56 32 -1
56 33 -1
56 34 -1
56 35 -1
56 36 -1
56 37 -1
56 38 -1

57 0 -0
57 1 6.09656
57 2 10.9175
57 3 14.4852
57 4 18.1584
57 5 21.0714
57 6 23.6559
57 7 26.1488
57 8 28.1196
57 9 30.4903
57 10 32.0604
57 11 33.6034
57 12 34.9374
57 13 36.3334
57 14 37.6599
57 15 38.5849
57 16 39.5451
57 17 40.4477
57 18 41.0518
57 19 41.7473
57 20 -1
57 21 -1
57 22 -1
57 23 -1
57 24 -1
57 25 -1
57 26 -1
57 27 -1
57 28 -1
57 29 -1
57 30 -1
57 31 -1
57 32 -1
57 33 -1
57 34 -1
57 35 -1
57 36 -1
57 37 -1
57 38 -1

58 0 -0
58 1 6.06432
58 2 10.9573
58 3 14.9118
58 4 18.2875
58 5 21.2275
58 6 23.8807
58 7 26.3835
58 8 28.2783
58 9 29.8078
58 10 32.0591
58 11 33.5155
58 12 35.2145
58 13 36.7071
58 14 37.8671
58 15 39
58 16 40.0125
58 17 40.8829
58 18 41.5124
58 19 42.1674
58 20 -1
58 21 -1
58 22 -1
58 23 -1
58 24 -1
58 25 -1
58 26 -1
58 27 -1
58 28 -1
58 29 -1
58 30 -1
58 31 -1
58 32 -1
58 33 -1
58 34 -1
58 35 -1
58 36 -1
58 37 -1
58 38 -1

59 0 -0
59 1 6.10964
59 2 10.9776
59 3 14.8751
59 4 18.2122
59 5 21.1858
59 6 23.75
59 7 26.4957
59 8 28.8475
59 9 30.8067
59 10 32.3705
59 11 33.9384
59 12 35.8189
59 13 36.9093
59 14 38.1775
59 15 39.4845
59 16 40.3989
59 17 41.2721
59 18 42.0591
59 19 42.6644
59 20 42.8459
59 21 -1
59 22 -1
59 23 -1
59 24 -1
59 25 -1
59 26 -1
59 27 -1
59 28 -1
59 29 -1
59 30 -1
59 31 -1
59 32 -1
59 33 -1
59 34 -1
59 35 -1
59 36 -1
59 37 -1
59 38 -1

60 0 -0
60 1 6.09296
60 2 11.1158
60 3 14.8479
60 4 18.2644
60 5 21.6092
60 6 24.496
60 7 26.8286
60 8 28.5807
60 9 30.7107
60 10 32.6118
60 11 34.3667
60 12 35.7157
60 13 37.0466
60 14 38.5473
60 15 39.8123
60 16 40.633
60 17 41.7175
60 18 42.5253
60 19 43.2091
60 20 43.1199
60 21 -1
60 22 -1
60 23 -1
60 24 -1
60 25 -1
60 26 -1
60 27 -1
60 28 -1
60 29 -1
60 30 -1
60 31 -1
60 32 -1
60 33 -1
60 34 -1
60 35 -1
60 36 -1
60 37 -1
60 38 -1

61 0 -0
61 1 6.1312
61 2 11.1198
61 3 14.9496
61 4 18.3879
61 5 21.5265
61 6 23.7952
61 7 26.5074
61 8 28.804
61 9 30.4537
61 10 33.0287
61 11 34.5596
61 12 36.0171
61 13 37.2815
61 14 39.0974
61 15 40.1459
61 16 41.1562
61 17 42.0395
61 18 42.8844
61 19 43.657
61 20 44.0222
61 21 -1
61 22 -1
61 23 -1
61 24 -1
61 25 -1
61 26 -1
61 27 -1
61 28 -1
61 29 -1
61 30 -1
61 31 -1
61 32 -1
61 33 -1
61 34 -1
61 35 -1
61 36 -1
61 37 -1
61 38 -1

62 0 -0
62 1 6.11122
62 2 11.1173
62 3 15.0566
62 4 18.3357
62 5 21.5842
62 6 23.9559
62 7 26.5954
62 8 28.9427
62 9 31.3687
62 10 33.2314
62 11 34.9893
62 12 36.482
62 13 37.8542
62 14 39.2451
62 15 40.2337
62 16 41.5159
62 17 42.571
62 18 43.3785
62 19 44.1724
62 20 44.7167
62 21 -1
62 22 -1
62 23 -1
62 24 -1
62 25 -1
62 26 -1
62 27 -1
62 28 -1
62 29 -1
62 30 -1
62 31 -1
62 32 -1
62 33 -1
62 34 -1
62 35 -1
62 36 -1
62 37 -1
62 38 -1

63 0 -0
63 1 6.15442
63 2 11.0795
63 3 15.0536
63 4 18.7431
63 5 21.7911
63 6 24.5067
63 7 26.9113
63 8 29.0349
63 9 31.3344
63 10 32.9929
63 11 34.8438
63 12 36.5262
63 13 38.1041
63 14 39.0933
63 15 40.6947
63 16 41.8071
63 17 42.9449
63 18 43.8727
63 19 44.6419
63 20 45.2357
63 21 46.1417
63 22 -1
63 23 -1
63 24 -1
63 25 -1
63 26 -1
63 27 -1
63 28 -1
63 29 -1
63 30 -1
63 31 -1
63 32 -1
63 33 -1
63 34 -1
63 35 -1
63 36 -1
63 37 -1
63 38 -1

64 0 -0
64 1 6.15081
64 2 11.1313
64 3 15.1664
64 4 18.5804
64 5 21.2547
64 6 24.5804
64 7 27.132
64 8 29.2862
64 9 31.3913
64 10 33.3349
64 11 35.2022
64 12 36.5206
64 13 38.3626
64 14 39.7615
64 15 41.245
64 16 42.3284
64 17 43.2948
64 18 44.2833
64 19 45.1106
64 20 45.7822
64 21 46.4178
64 22 -1
64 23 -1
64 24 -1
64 25 -1
64 26 -1
64 27 -1
64 28 -1
64 29 -1
64 30 -1
64 31 -1
64 32 -1
64 33 -1
64 34 -1
64 35 -1
64 36 -1
64 37 -1
64 38 -1

65 0 -0
65 1 6.1338
65 2 11.1959
65 3 15.3806
65 4 18.5167
65 5 21.1619
65 6 24.4587
65 7 26.42
65 8 29.8107
65 9 32.2642
65 10 33.9962
65 11 35.0447
65 12 37.1887
65 13 38.4866
65 14 40.3631
65 15 41.2694
65 16 42.4132
65 17 43.6839
65 18 44.707
65 19 45.4956
65 20 46.2882
65 21 46.8308
65 22 47.2403
65 23 -1
65 24 -1
65 25 -1
65 26 -1
65 27 -1
65 28 -1
65 29 -1
65 30 -1
65 31 -1
65 32 -1
65 33 -1
65 34 -1
65 35 -1
65 36 -1
65 37 -1
65 38 -1

66 0 -0
66 1 6.1496
66 2 11.2376
66 3 14.8864
66 4 18.8215
66 5 21.9856
66 6 25.0494
66 7 27.8986
66 8 29.6696
66 9 32.2582
66 10 33.8082
66 11 36.1001
66 12 37.3573
66 13 38.4713
66 14 40.148
66 15 41.5851
66 16 43.1068
66 17 43.9405
66 18 45.1108
66 19 45.966
66 20 46.7419
66 21 47.3122
66 22 47.648
66 23 -1
66 24 -1
66 25 -1
66 26 -1
66 27 -1
66 28 -1
66 29 -1
66 30 -1
66 31 -1
66 32 -1
66 33 -1
66 34 -1
66 35 -1
66 36 -1
66 37 -1
66 38 -1

67 0 -0
67 1 6.16476
67 2 11.244
67 3 15.306
67 4 18.6654
67 5 21.3884
67 6 25.3437
67 7 27.7571
67 8 30.4263
67 9 32.1618
67 10 34.0325
67 11 35.9519
67 12 37.5907
67 13 39.0787
67 14 40.8345
67 15 41.7713
67 16 43.2581
67 17 44.2828
67 18 45.6464
67 19 46.3233
67 20 47.1693
67 21 47.8533
67 22 48.2617
67 23 -1
67 24 -1
67 25 -1
67 26 -1
67 27 -1
67 28 -1
67 29 -1
67 30 -1
67 31 -1
67 32 -1
67 33 -1
67 34 -1
67 35 -1
67 36 -1
67 37 -1
67 38 -1

68 0 -0
68 1 6.15542
68 2 11.2532
68 3 15.0499
68 4 18.9269
68 5 22.4283
68 6 25.4605
68 7 27.7962
68 8 30.0312
68 9 32.0319
68 10 34.787
68 11 36.2272
68 12 37.6546
68 13 39.5699
68 14 41.2157
68 15 42.2228
68 16 43.5123
68 17 44.8981
68 18 45.7357
68 19 46.8458
68 20 47.6455
68 21 48.3043
68 22 48.8527
68 23 49.4376
68 24 -1
68 25 -1
68 26 -1
68 27 -1
68 28 -1
68 29 -1
68 30 -1
68 31 -1
68 32 -1
68 33 -1
68 34 -1
68 35 -1
68 36 -1
68 37 -1
68 38 -1

69 0 -0
69 1 6.16278
69 2 11.2024
69 3 15.3722
69 4 19.2588
69 5 22.104
69 6 25.191
69 7 27.9742
69 8 30.5277
69 9 30.9903
69 10 34.681
69 11 36.4927
69 12 38.2824
69 13 39.6235
69 14 41.4951
69 15 42.4356
69 16 44.0236
69 17 45.175
69 18 46.1732
69 19 47.3557
69 20 48.0706
69 21 48.8494
69 22 49.4259
69 23 49.8364
69 24 -1
69 25 -1
69 26 -1
69 27 -1
69 28 -1
69 29 -1
69 30 -1
69 31 -1
69 32 -1
69 33 -1
69 34 -1
69 35 -1
69 36 -1
69 37 -1
69 38 -1

70 0 -0
70 1 6.19233
70 2 11.2719
70 3 15.1219
70 4 18.8665
70 5 22.7072
70 6 24.6311
70 7 27.8543
70 8 30.4524
70 9 32.7726
70 10 34.7575
70 11 36.2856
70 12 38.3001
70 13 40.0456
70 14 41.1921
70 15 42.8139
70 16 44.2392
70 17 45.6933
70 18 46.5052
70 19 47.7085
70 20 48.4516
70 21 49.258
70 22 49.9347
70 23 50.4137
70 24 50.5362
70 25 -1
70 26 -1
70 27 -1
70 28 -1
70 29 -1
70 30 -1
70 31 -1
70 32 -1
70 33 -1
70 34 -1
70 35 -1
70 36 -1
70 37 -1
70 38 -1

71 0 -0
71 1 6.18678
71 2 11.2999
71 3 15.4215
71 4 19.1068
71 5 22.958
71 6 25.9527
71 7 28.2018
71 8 31.4141
71 9 32.4633
71 10 34.5419
71 11 36.9252
71 12 38.5977
71 13 40.3543
71 14 41.5771
71 15 43.4329
71 16 44.4372
71 17 45.1462
71 18 46.7743
71 19 47.9277
71 20 48.9164
71 21 49.6924
71 22 50.4705
71 23 51.031
71 24 50.8216
71 25 -1
71 26 -1
71 27 -1
71 28 -1
71 29 -1
71 30 -1
71 31 -1
71 32 -1
71 33 -1
71 34 -1
71 35 -1
71 36 -1
71 37 -1
71 38 -1

72 0 -0
72 1 6.18284
72 2 11.3584
72 3 15.5297
72 4 19.0693
72 5 22.6822
72 6 25.7602
72 7 28.3867
72 8 30.4276
72 9 32.959
72 10 35.7613
72 11 37.1502
72 12 38.7111
72 13 40.4737
72 14 41.6736
72 15 42.9068
72 16 44.6766
72 17 45.9674
72 18 47.2766
72 19 48.3144
72 20 49.296
72 21 50.2461
72 22 50.8173
72 23 51.5516
72 24 51.8643
72 25 -1
72 26 -1
72 27 -1
72 28 -1
72 29 -1
72 30 -1
72 31 -1
72 32 -1
72 33 -1
72 34 -1
72 35 -1
72 36 -1
72 37 -1
72 38 -1

73 0 -0
73 1 6.18831
73 2 11.3662
73 3 15.406
73 4 19.2048
73 5 23.0359
73 6 25.1946
73 7 27.8923
73 8 29.9321
73 9 33.1028
73 10 34.7596
73 11 37.6416
73 12 38.5885
73 13 40.7912
73 14 42.2286
73 15 43.2649
73 16 45.2654
73 17 46.4134
73 18 47.7272
73 19 48.7056
73 20 49.6238
73 21 50.5928
73 22 51.3664
73 23 52.0803
73 24 52.5838
73 25 -1
73 26 -1
73 27 -1
73 28 -1
73 29 -1
73 30 -1
73 31 -1
73 32 -1
73 33 -1
73 34 -1
73 35 -1
73 36 -1
73 37 -1
73 38 -1

74 0 -0
74 1 6.19325
74 2 11.3701
74 3 15.4729
74 4 19.2404
74 5 22.8272
74 6 26.1758
74 7 28.7072
74 8 31.015
74 9 33.8886
74 10 33.3981
74 11 37.6635
74 12 39.4197
74 13 40.3446
74 14 42.5126
74 15 43.8966
74 16 45.2709
74 17 46.2996
74 18 48.0839
74 19 49.2038
74 20 50.0579
74 21 51.0078
74 22 51.8049
74 23 52.6116
74 24 53.1693
74 25 53.832
74 26 -1
74 27 -1
74 28 -1
74 29 -1
74 30 -1
74 31 -1
74 32 -1
74 33 -1
74 34 -1
74 35 -1
74 36 -1
74 37 -1
74 38 -1

75 0 -1
75 1 6.18965
75 2 11.3127
75 3 15.8245
75 4 19.0583
75 5 22.6259
75 6 26.1833
75 7 28.5703
75 8 31.8392
75 9 32.997
75 10 35.8806
75 11 37.7234
75 12 39.8374
75 13 41.2278
75 14 41.8142
75 15 44.3836
75 16 45.4052
75 17 47.3328
75 18 48.3886
75 19 49.3452
75 20 50.4188
75 21 51.4296
75 22 52.3262
75 23 53.0188
75 24 53.6715
75 25 54.2196
75 26 -1
75 27 -1
75 28 -1
75 29 -1
75 30 -1
75 31 -1
75 32 -1
75 33 -1
75 34 -1
75 35 -1
75 36 -1
75 37 -1
75 38 -1

76 0 -1
76 1 -1
76 2 11.3277
76 3 15.4259
76 4 19.9114
76 5 22.9453
76 6 26.1678
76 7 28.9804
76 8 31.4571
76 9 33.6363
76 10 34.9166
76 11 36.3237
76 12 39.7469
76 13 41.9046
76 14 43.18
76 15 44.8768
76 16 46.3208
76 17 46.8007
76 18 48.7578
76 19 49.981
76 20 50.7296
76 21 51.8573
76 22 52.6256
76 23 53.4835
76 24 54.1359
76 25 54.6931
76 26 54.9306
76 27 -1
76 28 -1
76 29 -1
76 30 -1
76 31 -1
76 32 -1
76 33 -1
76 34 -1
76 35 -1
76 36 -1
76 37 -1
76 38 -1

77 0 -1
77 1 -1
77 2 -1
77 3 15.5891
77 4 19.7325
77 5 22.9375
77 6 26.1476
77 7 29.7064
77 8 31.74
77 9 33.917
77 10 36.2635
77 11 37.997
77 12 40.6641
77 13 41.5795
77 14 43.4849
77 15 45.4718
77 16 46.2736
77 17 47.0756
77 18 49.1258
77 19 50.0432
77 20 50.8461
77 21 52.0932
77 22 53.1362
77 23 53.9572
77 24 54.6066
77 25 55.1794
77 26 55.5915
77 27 -1
77 28 -1
77 29 -1
77 30 -1
77 31 -1
77 32 -1
77 33 -1
77 34 -1
77 35 -1
77 36 -1
77 37 -1
77 38 -1

78 0 -1
78 1 -1
78 2 -1
78 3 -1
78 4 19.4312
78 5 22.1409
78 6 26.1146
78 7 29.5459
78 8 32.3869
78 9 34.6167
78 10 36.4177
78 11 38.839
78 12 39.5488
78 13 41.9718
78 14 43.4276
78 15 44.8961
78 16 46.8802
78 17 47.8754
78 18 48.9545
78 19 50.3568
78 20 51.5446
78 21 52.3799
78 22 53.5806
78 23 54.3208
78 24 55.1703
78 25 55.6549
78 26 56.1303
78 27 -1
78 28 -1
78 29 -1
78 30 -1
78 31 -1
78 32 -1
78 33 -1
78 34 -1
78 35 -1
78 36 -1
78 37 -1
78 38 -1

79 0 -1
79 1 -1
79 2 -1
79 3 -1
79 4 -1
79 5 23.0446
79 6 26.0959
79 7 30.0053
79 8 31.9065
79 9 33.0772
79 10 37.0785
79 11 39.0941
79 12 40.3233
79 13 42.2002
79 14 43.5361
79 15 45.2219
79 16 45.3692
79 17 48.4052
79 18 49.2859
79 19 50.7246
79 20 51.9521
79 21 52.7213
79 22 53.8741
79 23 54.7308
79 24 55.5647
79 25 56.212
79 26 56.6651
79 27 57.1278
79 28 -1
79 29 -1
79 30 -1
79 31 -1
79 32 -1
79 33 -1
79 34 -1
79 35 -1
79 36 -1
79 37 -1
79 38 -1

80 0 -1
80 1 -1
80 2 -1
80 3 -1
80 4 -1
80 5 -1
80 6 27.0377
80 7 28.6797
80 8 33.1095
80 9 34.6486
80 10 36.6793
80 11 39.2534
80 12 40.8048
80 13 42.5684
80 14 43.1955
80 15 45.5139
80 16 47.4293
80 17 48.5773
80 18 50.0402
80 19 51.2363
80 20 51.6069
80 21 53.2114
80 22 54.2853
80 23 55.1949
80 24 56.0566
80 25 56.6805
80 26 57.1982
80 27 57.523
80 28 -1
80 29 -1
80 30 -1
80 31 -1
80 32 -1
80 33 -1
80 34 -1
80 35 -1
80 36 -1
80 37 -1
80 38 -1

81 0 -1
81 1 -1
81 2 -1
81 3 -1
81 4 -1
81 5 -1
81 6 -1
81 7 28.775
81 8 32.4371
81 9 35.5802
81 10 36.315
81 11 39.2031
81 12 41.442
81 13 42.9075
81 14 44.2897
81 15 46.0071
81 16 47.2302
81 17 48.7943
81 18 50.2798
81 19 51.4975
81 20 52.793
81 21 53.4485
81 22 54.7146
81 23 55.5597
81 24 56.4277
81 25 57.0851
81 26 57.7955
81 27 58.1344
81 28 58.2265
81 29 -1
81 30 -1
81 31 -1
81 32 -1
81 33 -1
81 34 -1
81 35 -1
81 36 -1
81 37 -1
81 38 -1

82 0 -1
82 1 -1
82 2 -1
82 3 -1
82 4 -1
82 5 -1
82 6 -1
82 7 -1
82 8 31.1875
82 9 34.2739
82 10 36.3718
82 11 38.4961
82 12 40.4503
82 13 43.4077
82 14 43.6181
82 15 46.7841
82 16 47.7898
82 17 48.8737
82 18 50.7029
82 19 51.9757
82 20 53.0589
82 21 53.8658
82 22 55.1026
82 23 56.096
82 24 56.6916
82 25 57.6257
82 26 58.222
82 27 58.7403
82 28 58.7547
82 29 -1
82 30 -1
82 31 -1
82 32 -1
82 33 -1
82 34 -1
82 35 -1
82 36 -1
82 37 -1
82 38 -1

83 0 -1
83 1 -1
83 2 -1
83 3 -1
83 4 -1
83 5 -1
83 6 -1
83 7 -1
83 8 -1
83 9 35.2645
83 10 35.5639
83 11 38.6016
83 12 42.5842
83 13 42.9981
83 14 45.1133
83 15 46.4528
83 16 48.326
83 17 50.0271
83 18 50.556
83 19 52.4947
83 20 53.482
83 21 54.4907
83 22 55.3289
83 23 56.2904
83 24 57.2937
83 25 58.0514
83 26 58.7211
83 27 59.2961
83 28 59.5811
83 29 -1
83 30 -1
83 31 -1
83 32 -1
83 33 -1
83 34 -1
83 35 -1
83 36 -1
83 37 -1
83 38 -1

84 0 -1
84 1 -1
84 2 -1
84 3 -1
84 4 -1
84 5 -1
84 6 -1
84 7 -1
84 8 -1
84 9 -1
84 10 38.3801
84 11 39.6175
84 12 41.4751
84 13 43.5842
84 14 44.8855
84 15 46.564
84 16 47.9482
84 17 49.9751
84 18 51.1631
84 19 51.3414
84 20 53.6512
84 21 54.4468
84 22 55.7011
84 23 56.873
84 24 57.656
84 25 58.555
84 26 59.1412
84 27 59.8348
84 28 60.27
84 29 60.4237
84 30 -1
84 31 -1
84 32 -1
84 33 -1
84 34 -1
84 35 -1
84 36 -1
84 37 -1
84 38 -1

85 0 -1
85 1 -1
85 2 -1
85 3 -1
85 4 -1
85 5 -1
85 6 -1
85 7 -1
85 8 -1
85 9 -1
85 10 -1
85 11 40.1833
85 12 42.3312
85 13 44.095
85 14 45.1978
85 15 47.5151
85 16 48.911
85 17 49.8022
85 18 50.825
85 19 52.9397
85 20 53.2929
85 21 55.1017
85 22 56.1986
85 23 57.2041
85 24 58.0794
85 25 58.8399
85 26 59.5507
85 27 60.3157
85 28 60.9124
85 29 61.1418
85 30 -1
85 31 -1
85 32 -1
85 33 -1
85 34 -1
85 35 -1
85 36 -1
85 37 -1
85 38 -1

86 0 -1
86 1 -1
86 2 -1
86 3 -1
86 4 -1
86 5 -1
86 6 -1
86 7 -1
86 8 -1
86 9 -1
86 10 -1
86 11 -1
86 12 42.6263
86 13 42.7844
86 14 46.3661
86 15 48.0519
86 16 48.3784
86 17 48.5313
86 18 50.8604
86 19 52.6829
86 20 53.9196
86 21 55.4567
86 22 56.2345
86 23 57.2739
86 24 58.453
86 25 59.3908
86 26 60.0354
86 27 60.7865
86 28 61.4455
86 29 61.904
86 30 -1
86 31 -1
86 32 -1
86 33 -1
86 34 -1
86 35 -1
86 36 -1
86 37 -1
86 38 -1

87 0 -1
87 1 -1
87 2 -1
87 3 -1
87 4 -1
87 5 -1
87 6 -1
87 7 -1
87 8 -1
87 9 -1
87 10 -1
87 11 -1
87 12 -1
87 13 44.0379
87 14 46.4157
87 15 47.9496
87 16 50.231
87 17 50.8518
87 18 52.0875
87 19 53.523
87 20 54.5483
87 21 55.8599
87 22 56.9681
87 23 57.4291
87 24 58.9401
87 25 59.7193
87 26 60.439
87 27 61.2167
87 28 61.8823
87 29 62.4523
87 30 62.6209
87 31 -1
87 32 -1
87 33 -1
87 34 -1
87 35 -1
87 36 -1
87 37 -1
87 38 -1

88 0 -1
88 1 -1
88 2 -1
88 3 -1
88 4 -1
88 5 -1
88 6 -1
88 7 -1
88 8 -1
88 9 -1
88 10 -1
88 11 -1
88 12 -1
88 13 -1
88 14 46.7632
88 15 48.1714
88 16 49.1509
88 17 51.051
88 18 52.9022
88 19 53.6326
88 20 55.0563
88 21 56.3949
88 22 56.9357
88 23 58.4086
88 24 59.2251
88 25 59.9375
88 26 60.9346
88 27 61.6631
88 28 62.348
88 29 62.9171
88 30 63.4597
88 31 -1
88 32 -1
88 33 -1
88 34 -1
88 35 -1
88 36 -1
88 37 -1
88 38 -1

89 0 -1
89 1 -1
89 2 -1
89 3 -1
89 4 -1
89 5 -1
89 6 -1
89 7 -1
89 8 -1
89 9 -1
89 10 -1
89 11 -1
89 12 -1
89 13 -1
89 14 -1
89 15 48.0074
89 16 50.0208
89 17 51.1887
89 18 52.724
89 19 54.4174
89 20 55.3329
89 21 57.1104
89 22 57.8865
89 23 58.3022
89 24 59.4611
89 25 60.5059
89 26 61.383
89 27 62.055
89 28 62.7485
89 29 63.4618
89 30 63.9346
89 31 -1
89 32 -1
89 33 -1
89 34 -1
89 35 -1
89 36 -1
89 37 -1
89 38 -1

90 0 -1
90 1 -1
90 2 -1
90 3 -1
90 4 -1
90 5 -1
90 6 -1
90 7 -1
90 8 -1
90 9 -1
90 10 -1
90 11 -1
90 12 -1
90 13 -1
90 14 -1
90 15 -1
90 16 51.6058
90 17 50.8701
90 18 52.9192
90 19 54.1347
90 20 55.3079
90 21 56.8099
90 22 58.1968
90 23 58.8555
90 24 60.1792
90 25 60.8431
90 26 61.64
90 27 62.3949
90 28 63.3487
90 29 63.8408
90 30 64.4494
90 31 64.8181
90 32 -1
90 33 -1
90 34 -1
90 35 -1
90 36 -1
90 37 -1
90 38 -1

91 0 -1
91 1 -1
91 2 -1
91 3 -1
91 4 -1
91 5 -1
91 6 -1
91 7 -1
91 8 -1
91 9 -1
91 10 -1
91 11 -1
91 12 -1
91 13 -1
91 14 -1
91 15 -1
91 16 -1
91 17 52.1961
91 18 54.2066
91 19 55.0887
91 20 56.2916
91 21 57.3324
91 22 58.2578
91 23 59.6993
91 24 60.5658
91 25 61.5146
91 26 61.9887
91 27 62.9618
91 28 63.7799
91 29 64.417
91 30 64.9335
91 31 65.3869
91 32 -1
91 33 -1
91 34 -1
91 35 -1
91 36 -1
91 37 -1
91 38 -1

92 0 -1
92 1 -1
92 2 -1
92 3 -1
92 4 -1
92 5 -1
92 6 -1
92 7 -1
92 8 -1
92 9 -1
92 10 -1
92 11 -1
92 12 -1
92 13 -1
92 14 -1
92 15 -1
92 16 -1
92 17 -1
92 18 54.1697
92 19 54.7011
92 20 56.7479
92 21 57.7274
92 22 58.491
92 23 59.6716
92 24 60.7057
92 25 61.5841
92 26 62.5211
92 27 63.3129
92 28 64.2118
92 29 64.7954
92 30 65.4176
92 31 65.9507
92 32 -1
92 33 -1
92 34 -1
92 35 -1
92 36 -1
92 37 -1
92 38 -1

93 0 -1
93 1 -1
93 2 -1
93 3 -1
93 4 -1
93 5 -1
93 6 -1
93 7 -1
93 8 -1
93 9 -1
93 10 -1
93 11 -1
93 12 -1
93 13 -1
93 14 -1
93 15 -1
93 16 -1
93 17 -1
93 18 -1
93 19 55.7563
93 20 56.9239
93 21 57.7968
93 22 59.0496
93 23 60.2999
93 24 61.3118
93 25 62.1255
93 26 62.8308
93 27 63.978
93 28 64.5758
93 29 65.3666
93 30 65.9617
93 31 66.4503
93 32 67.0153
93 33 -1
93 34 -1
93 35 -1
93 36 -1
93 37 -1
93 38 -1

94 0 -1
94 1 -1
94 2 -1
94 3 -1
94 4 -1
94 5 -1
94 6 -1
94 7 -1
94 8 -1
94 9 -1
94 10 -1
94 11 -1
94 12 -1
94 13 -1
94 14 -1
94 15 -1
94 16 -1
94 17 -1
94 18 -1
94 19 -1
94 20 57.1291
94 21 58.7914
94 22 59.2631
94 23 60.7594
94 24 61.7645
94 25 62.5834
94 26 63.5167
94 27 64.3344
94 28 64.9184
94 29 65.7599
94 30 66.484
94 31 67.0594
94 32 67.46
94 33 -1
94 34 -1
94 35 -1
94 36 -1
94 37 -1
94 38 -1

95 0 -1
95 1 -1
95 2 -1
95 3 -1
95 4 -1
95 5 -1
95 6 -1
95 7 -1
95 8 -1
95 9 -1
95 10 -1
95 11 -1
95 12 -1
95 13 -1
95 14 -1
95 15 -1
95 16 -1
95 17 -1
95 18 -1
95 19 -1
95 20 -1
95 21 58.1226
95 22 60.1993
95 23 61.3148
95 24 62.0208
95 25 63.0202
95 26 63.4339
95 27 64.7377
95 28 65.5104
95 29 66.2023
95 30 66.9677
95 31 67.5953
95 32 68.0803
95 33 -1
95 34 -1
95 35 -1
95 36 -1
95 37 -1
95 38 -1

96 0 -1
96 1 -1
96 2 -1
96 3 -1
96 4 -1
96 5 -1
96 6 -1
96 7 -1
96 8 -1
96 9 -1
96 10 -1
96 11 -1
96 12 -1
96 13 -1
96 14 -1
96 15 -1
96 16 -1
96 17 -1
96 18 -1
96 19 -1
96 20 -1
96 21 -1
96 22 60.568
96 23 61.1137
96 24 62.7837
96 25 63.4535
96 26 64.2305
96 27 64.8215
96 28 65.9594
96 29 66.7377
96 30 67.4284
96 31 68.0215
96 32 68.6843
96 33 69.2126
96 34 -1
96 35 -1
96 36 -1
96 37 -1
96 38 -1

97 0 -1
97 1 -1
97 2 -1
97 3 -1
97 4 -1
97 5 -1
97 6 -1
97 7 -1
97 8 -1
97 9 -1
97 10 -1
97 11 -1
97 12 -1
97 13 -1
97 14 -1
97 15 -1
97 16 -1
97 17 -1
97 18 -1
97 19 -1
97 20 -1
97 21 -1
97 22 -1
97 23 62.1031
97 24 62.2134
97 25 63.9959
97 26 64.3863
97 27 65.6635
97 28 66.5089
97 29 67.3132
97 30 67.9091
97 31 68.6292
97 32 69.2715
97 33 69.8204
97 34 -1
97 35 -1
97 36 -1
97 37 -1
97 38 -1

98 0 -1
98 1 -1
98 2 -1
98 3 -1
98 4 -1
98 5 -1
98 6 -1
98 7 -1
98 8 -1
98 9 -1
98 10 -1
98 11 -1
98 12 -1
98 13 -1
98 14 -1
98 15 -1
98 16 -1
98 17 -1
98 18 -1
98 19 -1
98 20 -1
98 21 -1
98 22 -1
98 23 -1
98 24 63.5572
98 25 63.9955
98 26 65.24
98 27 65.5458
98 28 66.6936
98 29 67.6309
98 30 68.3265
98 31 69.1354
98 32 69.809
98 33 70.4676
98 34 -1
98 35 -1
98 36 -1
98 37 -1
98 38 -1

99 0 -1
99 1 -1
99 2 -1
99 3 -1
99 4 -1
99 5 -1
99 6 -1
99 7 -1
99 8 -1
99 9 -1
99 10 -1
99 11 -1
99 12 -1
99 13 -1
99 14 -1
99 15 -1
99 16 -1
99 17 -1
99 18 -1
99 19 -1
99 20 -1
99 21 -1
99 22 -1
99 23 -1
99 24 -1
99 25 64.6264
99 26 65.8597
99 27 66.4452
99 28 67.2581
99 29 68.1791
99 30 68.9881
99 31 69.5894
99 32 70.357
99 33 71.048
99 34 -1
99 35 -1
99 36 -1
99 37 -1
99 38 -1

100 0 -1
100 1 -1
100 2 -1
100 3 -1
100 4 -1
100 5 -1
100 6 -1
100 7 -1
100 8 -1
100 9 -1
100 10 -1
100 11 -1
100 12 -1
100 13 -1
100 14 -1
100 15 -1
100 16 -1
100 17 -1
100 18 -1
100 19 -1
100 20 -1
100 21 -1
100 22 -1
100 23 -1
100 24 -1
100 25 -1
100 26 66.2945
100 27 67.2241
100 28 67.729
100 29 68.4708
100 30 69.3898
100 31 70.218
100 32 70.8969
100 33 71.571
100 34 72.5084
100 35 -1
100 36 -1
100 37 -1
100 38 -1

101 0 -1
101 1 -1
101 2 -1
101 3 -1
101 4 -1
101 5 -1
101 6 -1
101 7 -1
101 8 -1
101 9 -1
101 10 -1
101 11 -1
101 12 -1
101 13 -1
101 14 -1
101 15 -1
101 16 -1
101 17 -1
101 18 -1
101 19 -1
101 20 -1
101 21 -1
101 22 -1
101 23 -1
101 24 -1
101 25 -1
101 26 -1
101 27 67.5107
101 28 68.28
101 29 68.9629
101 30 69.9637
101 31 70.7277
101 32 71.3529
101 33 72.1607
101 34 72.9174
101 35 -1
101 36 -1
101 37 -1
101 38 -1

102 0 -1
102 1 -1
102 2 -1
102 3 -1
102 4 -1
102 5 -1
102 6 -1
102 7 -1
102 8 -1
102 9 -1
102 10 -1
102 11 -1
102 12 -1
102 13 -1
102 14 -1
102 15 -1
102 16 -1
102 17 -1
102 18 -1
102 19 -1
102 20 -1
102 21 -1
102 22 -1
102 23 -1
102 24 -1
102 25 -1
102 26 -1
102 27 -1
102 28 68.7246
102 29 69.354
102 30 70.018
102 31 71.09
102 32 71.9283
102 33 72.6885
102 34 73.4758
102 35 -1
102 36 -1
102 37 -1
102 38 -1

103 0 -1
103 1 -1
103 2 -1
103 3 -1
103 4 -1
103 5 -1
103 6 -1
103 7 -1
103 8 -1
103 9 -1
103 10 -1
103 11 -1
103 12 -1
103 13 -1
103 14 -1
103 15 -1
103 16 -1
103 17 -1
103 18 -1
103 19 -1
103 20 -1
103 21 -1
103 22 -1
103 23 -1
103 24 -1
103 25 -1
103 26 -1
103 27 -1
103 28 -1
103 29 70.1602
103 30 70.75
103 31 71.7702
103 32 72.6354
103 33 73.2098
103 34 74.0708
103 35 74.7056
103 36 -1
103 37 -1
103 38 -1

104 0 -1
104 1 -1
104 2 -1
104 3 -1
104 4 -1
104 5 -1
104 6 -1
104 7 -1
104 8 -1
104 9 -1
104 10 -1
104 11 -1
104 12 -1
104 13 -1
104 14 -1
104 15 -1
104 16 -1
104 17 -1
104 18 -1
104 19 -1
104 20 -1
104 21 -1
104 22 -1
104 23 -1
104 24 -1
104 25 -1
104 26 -1
104 27 -1
104 28 -1
104 29 -1
104 30 71.5238
104 31 72.2532
104 32 72.9817
104 33 73.6268
104 34 74.5596
104 35 75.3747
104 36 -1
104 37 -1
104 38 -1

105 0 -1
105 1 -1
105 2 -1
105 3 -1
105 4 -1
105 5 -1
105 6 -1
105 7 -1
105 8 -1
105 9 -1
105 10 -1
105 11 -1
105 12 -1
105 13 -1
105 14 -1
105 15 -1
105 16 -1
105 17 -1
105 18 -1
105 19 -1
105 20 -1
105 21 -1
105 22 -1
105 23 -1
105 24 -1
105 25 -1
105 26 -1
105 27 -1
105 28 -1
105 29 -1
105 30 -1
105 31 72.8803
105 32 73.4545
105 33 74.3026
105 34 75.148
105 35 75.9121
105 36 -1
105 37 -1
105 38 -1

106 0 -1
106 1 -1
106 2 -1
106 3 -1
106 4 -1
106 5 -1
106 6 -1
106 7 -1
106 8 -1
106 9 -1
106 10 -1
106 11 -1
106 12 -1
106 13 -1
106 14 -1
106 15 -1
106 16 -1
106 17 -1
106 18 -1
106 19 -1
106 20 -1
106 21 -1
106 22 -1
106 23 -1
106 24 -1
106 25 -1
106 26 -1
106 27 -1
106 28 -1
106 29 -1
106 30 -1
106 31 -1
106 32 73.92
106 33 75.0122
106 34 75.6198
106 35 76.4955
106 36 -1
106 37 -1
106 38 -1

107 0 -1
107 1 -1
107 2 -1
107 3 -1
107 4 -1
107 5 -1
107 6 -1
107 7 -1
107 8 -1
107 9 -1
107 10 -1
107 11 -1
107 12 -1
107 13 -1
107 14 -1
107 15 -1
107 16 -1
107 17 -1
107 18 -1
107 19 -1
107 20 -1
107 21 -1
107 22 -1
107 23 -1
107 24 -1
107 25 -1
107 26 -1
107 27 -1
107 28 -1
107 29 -1
107 30 -1
107 31 -1
107 32 -1
107 33 75.3733
107 34 76.3189
107 35 77.023
107 36 78.0015
107 37 -1
107 38 -1

108 0 -1
108 1 -1
108 2 -1
108 3 -1
108 4 -1
108 5 -1
108 6 -1
108 7 -1
108 8 -1
108 9 -1
108 10 -1
108 11 -1
108 12 -1
108 13 -1
108 14 -1
108 15 -1
108 16 -1
108 17 -1
108 18 -1
108 19 -1
108 20 -1
108 21 -1
108 22 -1
108 23 -1
108 24 -1
108 25 -1
108 26 -1
108 27 -1
108 28 -1
108 29 -1
108 30 -1
108 31 -1
108 32 -1
108 33 -1
108 34 76.9029
108 35 77.6546
108 36 78.4551
108 37 -1
108 38 -1

109 0 -1
109 1 -1
109 2 -1
109 3 -1
109 4 -1
109 5 -1
109 6 -1
109 7 -1
109 8 -1
109 9 -1
109 10 -1
109 11 -1
109 12 -1
109 13 -1
109 14 -1
109 15 -1
109 16 -1
109 17 -1
109 18 -1
109 19 -1
109 20 -1
109 21 -1
109 22 -1
109 23 -1
109 24 -1
109 25 -1
109 26 -1
109 27 -1
109 28 -1
109 29 -1
109 30 -1
109 31 -1
109 32 -1
109 33 -1
109 34 -1
109 35 78.2661
109 36 79.1176
109 37 -1
109 38 -1

110 0 -1
110 1 -1
110 2 -1
110 3 -1
110 4 -1
110 5 -1
110 6 -1
110 7 -1
110 8 -1
110 9 -1
110 10 -1
110 11 -1
110 12 -1
110 13 -1
110 14 -1
110 15 -1
110 16 -1
110 17 -1
110 18 -1
110 19 -1
110 20 -1
110 21 -1
110 22 -1
110 23 -1
110 24 -1
110 25 -1
110 26 -1
110 27 -1
110 28 -1
110 29 -1
110 30 -1
110 31 -1
110 32 -1
110 33 -1
110 34 -1
110 35 -1
110 36 79.7534
110 37 -1
110 38 -1

111 0 -1
111 1 -1
111 2 -1
111 3 -1
111 4 -1
111 5 -1
111 6 -1
111 7 -1
111 8 -1
111 9 -1
111 10 -1
111 11 -1
111 12 -1
111 13 -1
111 14 -1
111 15 -1
111 16 -1
111 17 -1
111 18 -1
111 19 -1
111 20 -1
111 21 -1
111 22 -1
111 23 -1
111 24 -1
111 25 -1
111 26 -1
111 27 -1
111 28 -1
111 29 -1
111 30 -1
111 31 -1
111 32 -1
111 33 -1
111 34 -1
111 35 -1
111 36 -1
111 37 81.2973
111 38 -1

