0 0 0
0 1 0
0 2 0
0 3 0
0 4 0
0 5 0
0 6 0
0 7 0
0 8 0
0 9 0
0 10 0
0 11 0
0 12 0
0 13 0
0 14 0
0 15 0
0 16 0
0 17 0
0 18 0
0 19 0
0 20 0
0 21 0
0 22 0
0 23 0
0 24 0
0 25 0
0 26 0
0 27 0
0 28 0
0 29 0
0 30 0
0 31 0
0 32 0
0 33 0
0 34 0
0 35 0
0 36 0
0 37 0
0 38 -1

1 0 3774
1 1 0
1 2 0
1 3 0
1 4 0
1 5 0
1 6 0
1 7 0
1 8 0
1 9 0
1 10 0
1 11 0
1 12 0
1 13 0
1 14 0
1 15 0
1 16 0
1 17 0
1 18 0
1 19 0
1 20 0
1 21 0
1 22 0
1 23 0
1 24 0
1 25 0
1 26 0
1 27 0
1 28 0
1 29 0
1 30 0
1 31 0
1 32 0
1 33 0
1 34 0
1 35 0
1 36 0
1 37 0
1 38 -1

2 0 3699
2 1 0
2 2 0
2 3 0
2 4 0
2 5 0
2 6 0
2 7 0
2 8 0
2 9 0
2 10 0
2 11 0
2 12 0
2 13 0
2 14 0
2 15 0
2 16 0
2 17 0
2 18 0
2 19 0
2 20 0
2 21 0
2 22 0
2 23 0
2 24 0
2 25 0
2 26 0
2 27 0
2 28 0
2 29 0
2 30 0
2 31 0
2 32 0
2 33 0
2 34 0
2 35 0
2 36 0
2 37 0
2 38 -1

3 0 3691
3 1 0
3 2 0
3 3 0
3 4 0
3 5 0
3 6 0
3 7 0
3 8 0
3 9 0
3 10 0
3 11 0
3 12 0
3 13 0
3 14 0
3 15 0
3 16 0
3 17 0
3 18 0
3 19 0
3 20 0
3 21 0
3 22 0
3 23 0
3 24 0
3 25 0
3 26 0
3 27 0
3 28 0
3 29 0
3 30 0
3 31 0
3 32 0
3 33 0
3 34 0
3 35 0
3 36 0
3 37 0
3 38 -1

4 0 3764
4 1 0
4 2 0
4 3 0
4 4 0
4 5 0
4 6 0
4 7 0
4 8 0
4 9 0
4 10 0
4 11 0
4 12 0
4 13 0
4 14 0
4 15 0
4 16 0
4 17 0
4 18 0
4 19 0
4 20 0
4 21 0
4 22 0
4 23 0
4 24 0
4 25 0
4 26 0
4 27 0
4 28 0
4 29 0
4 30 0
4 31 0
4 32 0
4 33 0
4 34 0
4 35 0
4 36 0
4 37 0
4 38 -1

5 0 3847
5 1 0
5 2 0
5 3 0
5 4 0
5 5 0
5 6 0
5 7 0
5 8 0
5 9 0
5 10 0
5 11 0
5 12 0
5 13 0
5 14 0
5 15 0
5 16 0
5 17 0
5 18 0
5 19 0
5 20 0
5 21 0
5 22 0
5 23 0
5 24 0
5 25 0
5 26 0
5 27 0
5 28 0
5 29 0
5 30 0
5 31 0
5 32 0
5 33 0
5 34 0
5 35 0
5 36 0
5 37 0
5 38 -1

6 0 3866
6 1 3727
6 2 0
6 3 0
6 4 0
6 5 0
6 6 0
6 7 0
6 8 0
6 9 0
6 10 0
6 11 0
6 12 0
6 13 0
6 14 0
6 15 0
6 16 0
6 17 0
6 18 0
6 19 0
6 20 0
6 21 0
6 22 0
6 23 0
6 24 0
6 25 0
6 26 0
6 27 0
6 28 0
6 29 0
6 30 0
6 31 0
6 32 0
6 33 0
6 34 0
6 35 0
6 36 0
6 37 0
6 38 -1

7 0 3728
7 1 3897
7 2 0
7 3 0
7 4 0
7 5 0
7 6 0
7 7 0
7 8 0
7 9 0
7 10 0
7 11 0
7 12 0
7 13 0
7 14 0
7 15 0
7 16 0
7 17 0
7 18 0
7 19 0
7 20 0
7 21 0
7 22 0
7 23 0
7 24 0
7 25 0
7 26 0
7 27 0
7 28 0
7 29 0
7 30 0
7 31 0
7 32 0
7 33 0
7 34 0
7 35 0
7 36 0
7 37 0
7 38 -1

8 0 3825
8 1 3745
8 2 0
8 3 0
8 4 0
8 5 0
8 6 0
8 7 0
8 8 0
8 9 0
8 10 0
8 11 0
8 12 0
8 13 0
8 14 0
8 15 0
8 16 0
8 17 0
8 18 0
8 19 0
8 20 0
8 21 0
8 22 0
8 23 0
8 24 0
8 25 0
8 26 0
8 27 0
8 28 0
8 29 0
8 30 0
8 31 0
8 32 0
8 33 0
8 34 0
8 35 0
8 36 0
8 37 0
8 38 -1

9 0 3737
9 1 3629
9 2 0
9 3 0
9 4 0
9 5 0
9 6 0
9 7 0
9 8 0
9 9 0
9 10 0
9 11 0
9 12 0
9 13 0
9 14 0
9 15 0
9 16 0
9 17 0
9 18 0
9 19 0
9 20 0
9 21 0
9 22 0
9 23 0
9 24 0
9 25 0
9 26 0
9 27 0
9 28 0
9 29 0
9 30 0
9 31 0
9 32 0
9 33 0
9 34 0
9 35 0
9 36 0
9 37 0
9 38 -1

10 0 3827
10 1 3780
10 2 3625
10 3 0
10 4 0
10 5 0
10 6 0
10 7 0
10 8 0
10 9 0
10 10 0
10 11 0
10 12 0
10 13 0
10 14 0
10 15 0
10 16 0
10 17 0
10 18 0
10 19 0
10 20 0
10 21 0
10 22 0
10 23 0
10 24 0
10 25 0
10 26 0
10 27 0
10 28 0
10 29 0
10 30 0
10 31 0
10 32 0
10 33 0
10 34 0
10 35 0
10 36 0
10 37 0
10 38 -1

11 0 3797
11 1 3581
11 2 3778
11 3 0
11 4 0
11 5 0
11 6 0
11 7 0
11 8 0
11 9 0
11 10 0
11 11 0
11 12 0
11 13 0
11 14 0
11 15 0
11 16 0
11 17 0
11 18 0
11 19 0
11 20 0
11 21 0
11 22 0
11 23 0
11 24 0
11 25 0
11 26 0
11 27 0
11 28 0
11 29 0
11 30 0
11 31 0
11 32 0
11 33 0
11 34 0
11 35 0
11 36 0
11 37 0
11 38 -1

12 0 3659
12 1 3465
12 2 3785
12 3 3436
12 4 0
12 5 0
12 6 0
12 7 0
12 8 0
12 9 0
12 10 0
12 11 0
12 12 0
12 13 0
12 14 0
12 15 0
12 16 0
12 17 0
12 18 0
12 19 0
12 20 0
12 21 0
12 22 0
12 23 0
12 24 0
12 25 0
12 26 0
12 27 0
12 28 0
12 29 0
12 30 0
12 31 0
12 32 0
12 33 0
12 34 0
12 35 0
12 36 0
12 37 0
12 38 -1

13 0 3774
13 1 3645
13 2 3696
13 3 3532
13 4 0
13 5 0
13 6 0
13 7 0
13 8 0
13 9 0
13 10 0
13 11 0
13 12 0
13 13 0
13 14 0
13 15 0
13 16 0
13 17 0
13 18 0
13 19 0
13 20 0
13 21 0
13 22 0
13 23 0
13 24 0
13 25 0
13 26 0
13 27 0
13 28 0
13 29 0
13 30 0
13 31 0
13 32 0
13 33 0
13 34 0
13 35 0
13 36 0
13 37 0
13 38 -1

14 0 3978
14 1 3712
14 2 3706
14 3 3765
14 4 0
14 5 0
14 6 0
14 7 0
14 8 0
14 9 0
14 10 0
14 11 0
14 12 0
14 13 0
14 14 0
14 15 0
14 16 0
14 17 0
14 18 0
14 19 0
14 20 0
14 21 0
14 22 0
14 23 0
14 24 0
14 25 0
14 26 0
14 27 0
14 28 0
14 29 0
14 30 0
14 31 0
14 32 0
14 33 0
14 34 0
14 35 0
14 36 0
14 37 0
14 38 -1

15 0 3941
15 1 3699
15 2 3724
15 3 3505
15 4 0
15 5 0
15 6 0
15 7 0
15 8 0
15 9 0
15 10 0
15 11 0
15 12 0
15 13 0
15 14 0
15 15 0
15 16 0
15 17 0
15 18 0
15 19 0
15 20 0
15 21 0
15 22 0
15 23 0
15 24 0
15 25 0
15 26 0
15 27 0
15 28 0
15 29 0
15 30 0
15 31 0
15 32 0
15 33 0
15 34 0
15 35 0
15 36 0
15 37 0
15 38 -1

16 0 3927
16 1 3706
16 2 3666
16 3 3494
16 4 3734
16 5 0
16 6 0
16 7 0
16 8 0
16 9 0
16 10 0
16 11 0
16 12 0
16 13 0
16 14 0
16 15 0
16 16 0
16 17 0
16 18 0
16 19 0
16 20 0
16 21 0
16 22 0
16 23 0
16 24 0
16 25 0
16 26 0
16 27 0
16 28 0
16 29 0
16 30 0
16 31 0
16 32 0
16 33 0
16 34 0
16 35 0
16 36 0
16 37 0
16 38 -1

17 0 3851
17 1 3689
17 2 3772
17 3 3635
17 4 3548
17 5 0
17 6 0
17 7 0
17 8 0
17 9 0
17 10 0
17 11 0
17 12 0
17 13 0
17 14 0
17 15 0
17 16 0
17 17 0
17 18 0
17 19 0
17 20 0
17 21 0
17 22 0
17 23 0
17 24 0
17 25 0
17 26 0
17 27 0
17 28 0
17 29 0
17 30 0
17 31 0
17 32 0
17 33 0
17 34 0
17 35 0
17 36 0
17 37 0
17 38 -1

18 0 3911
18 1 3727
18 2 3720
18 3 3786
18 4 3436
18 5 3306
18 6 0
18 7 0
18 8 0
18 9 0
18 10 0
18 11 0
18 12 0
18 13 0
18 14 0
18 15 0
18 16 0
18 17 0
18 18 0
18 19 0
18 20 0
18 21 0
18 22 0
18 23 0
18 24 0
18 25 0
18 26 0
18 27 0
18 28 0
18 29 0
18 30 0
18 31 0
18 32 0
18 33 0
18 34 0
18 35 0
18 36 0
18 37 0
18 38 -1

19 0 3882
19 1 3725
19 2 3889
19 3 3688
19 4 3526
19 5 3396
19 6 0
19 7 0
19 8 0
19 9 0
19 10 0
19 11 0
19 12 0
19 13 0
19 14 0
19 15 0
19 16 0
19 17 0
19 18 0
19 19 0
19 20 0
19 21 0
19 22 0
19 23 0
19 24 0
19 25 0
19 26 0
19 27 0
19 28 0
19 29 0
19 30 0
19 31 0
19 32 0
19 33 0
19 34 0
19 35 0
19 36 0
19 37 0
19 38 -1

20 0 3849
20 1 3850
20 2 3874
20 3 3762
20 4 3523
20 5 3117
20 6 0
20 7 0
20 8 0
20 9 0
20 10 0
20 11 0
20 12 0
20 13 0
20 14 0
20 15 0
20 16 0
20 17 0
20 18 0
20 19 0
20 20 0
20 21 0
20 22 0
20 23 0
20 24 0
20 25 0
20 26 0
20 27 0
20 28 0
20 29 0
20 30 0
20 31 0
20 32 0
20 33 0
20 34 0
20 35 0
20 36 0
20 37 0
20 38 -1

21 0 3794
21 1 3678
21 2 3692
21 3 3820
21 4 3592
21 5 3500
21 6 0
21 7 0
21 8 0
21 9 0
21 10 0
21 11 0
21 12 0
21 13 0
21 14 0
21 15 0
21 16 0
21 17 0
21 18 0
21 19 0
21 20 0
21 21 0
21 22 0
21 23 0
21 24 0
21 25 0
21 26 0
21 27 0
21 28 0
21 29 0
21 30 0
21 31 0
21 32 0
21 33 0
21 34 0
21 35 0
21 36 0
21 37 0
21 38 -1

22 0 3738
22 1 3910
22 2 3794
22 3 3521
22 4 3847
22 5 3379
22 6 3499
22 7 0
22 8 0
22 9 0
22 10 0
22 11 0
22 12 0
22 13 0
22 14 0
22 15 0
22 16 0
22 17 0
22 18 0
22 19 0
22 20 0
22 21 0
22 22 0
22 23 0
22 24 0
22 25 0
22 26 0
22 27 0
22 28 0
22 29 0
22 30 0
22 31 0
22 32 0
22 33 0
22 34 0
22 35 0
22 36 0
22 37 0
22 38 -1

23 0 3810
23 1 3921
23 2 3914
23 3 3696
23 4 3797
23 5 3830
23 6 3783
23 7 0
23 8 0
23 9 0
23 10 0
23 11 0
23 12 0
23 13 0
23 14 0
23 15 0
23 16 0
23 17 0
23 18 0
23 19 0
23 20 0
23 21 0
23 22 0
23 23 0
23 24 0
23 25 0
23 26 0
23 27 0
23 28 0
23 29 0
23 30 0
23 31 0
23 32 0
23 33 0
23 34 0
23 35 0
23 36 0
23 37 0
23 38 -1

24 0 4004
24 1 3839
24 2 3915
24 3 3848
24 4 3713
24 5 3867
24 6 4127
24 7 3882
24 8 0
24 9 0
24 10 0
24 11 0
24 12 0
24 13 0
24 14 0
24 15 0
24 16 0
24 17 0
24 18 0
24 19 0
24 20 0
24 21 0
24 22 0
24 23 0
24 24 0
24 25 0
24 26 0
24 27 0
24 28 0
24 29 0
24 30 0
24 31 0
24 32 0
24 33 0
24 34 0
24 35 0
24 36 0
24 37 0
24 38 -1

25 0 3807
25 1 3887
25 2 3834
25 3 3864
25 4 3755
25 5 3911
25 6 4086
25 7 3861
25 8 0
25 9 0
25 10 0
25 11 0
25 12 0
25 13 0
25 14 0
25 15 0
25 16 0
25 17 0
25 18 0
25 19 0
25 20 0
25 21 0
25 22 0
25 23 0
25 24 0
25 25 0
25 26 0
25 27 0
25 28 0
25 29 0
25 30 0
25 31 0
25 32 0
25 33 0
25 34 0
25 35 0
25 36 0
25 37 0
25 38 -1

26 0 4185
26 1 3945
26 2 3859
26 3 3896
26 4 3919
26 5 3834
26 6 3983
26 7 4040
26 8 0
26 9 0
26 10 0
26 11 0
26 12 0
26 13 0
26 14 0
26 15 0
26 16 0
26 17 0
26 18 0
26 19 0
26 20 0
26 21 0
26 22 0
26 23 0
26 24 0
26 25 0
26 26 0
26 27 0
26 28 0
26 29 0
26 30 0
26 31 0
26 32 0
26 33 0
26 34 0
26 35 0
26 36 0
26 37 0
26 38 -1

27 0 4173
27 1 3828
27 2 3979
27 3 3840
27 4 3984
27 5 4133
27 6 3865
27 7 4098
27 8 0
27 9 0
27 10 0
27 11 0
27 12 0
27 13 0
27 14 0
27 15 0
27 16 0
27 17 0
27 18 0
27 19 0
27 20 0
27 21 0
27 22 0
27 23 0
27 24 0
27 25 0
27 26 0
27 27 0
27 28 0
27 29 0
27 30 0
27 31 0
27 32 0
27 33 0
27 34 0
27 35 0
27 36 0
27 37 0
27 38 -1

28 0 4091
28 1 3983
28 2 3991
28 3 3955
28 4 3990
28 5 4082
28 6 3906
28 7 4221
28 8 5276
28 9 0
28 10 0
28 11 0
28 12 0
28 13 0
28 14 0
28 15 0
28 16 0
28 17 0
28 18 0
28 19 0
28 20 0
28 21 0
28 22 0
28 23 0
28 24 0
28 25 0
28 26 0
28 27 0
28 28 0
28 29 0
28 30 0
28 31 0
28 32 0
28 33 0
28 34 0
28 35 0
28 36 0
28 37 0
28 38 -1

29 0 4038
29 1 4041
29 2 3994
29 3 4037
29 4 4049
29 5 3999
29 6 4062
29 7 4089
29 8 4846
29 9 0
29 10 0
29 11 0
29 12 0
29 13 0
29 14 0
29 15 0
29 16 0
29 17 0
29 18 0
29 19 0
29 20 0
29 21 0
29 22 0
29 23 0
29 24 0
29 25 0
29 26 0
29 27 0
29 28 0
29 29 0
29 30 0
29 31 0
29 32 0
29 33 0
29 34 0
29 35 0
29 36 0
29 37 0
29 38 -1

30 0 4046
30 1 4150
30 2 4083
30 3 4078
30 4 3959
30 5 4023
30 6 4288
30 7 3945
30 8 4336
30 9 4237
30 10 0
30 11 0
30 12 0
30 13 0
30 14 0
30 15 0
30 16 0
30 17 0
30 18 0
30 19 0
30 20 0
30 21 0
30 22 0
30 23 0
30 24 0
30 25 0
30 26 0
30 27 0
30 28 0
30 29 0
30 30 0
30 31 0
30 32 0
30 33 0
30 34 0
30 35 0
30 36 0
30 37 0
30 38 -1

31 0 4040
31 1 4180
31 2 3993
31 3 4011
31 4 3932
31 5 3966
31 6 4192
31 7 4041
31 8 4200
31 9 4827
31 10 0
31 11 0
31 12 0
31 13 0
31 14 0
31 15 0
31 16 0
31 17 0
31 18 0
31 19 0
31 20 0
31 21 0
31 22 0
31 23 0
31 24 0
31 25 0
31 26 0
31 27 0
31 28 0
31 29 0
31 30 0
31 31 0
31 32 0
31 33 0
31 34 0
31 35 0
31 36 0
31 37 0
31 38 -1

32 0 4075
32 1 4063
32 2 4097
32 3 3963
32 4 3997
32 5 4024
32 6 4122
32 7 4158
32 8 4237
32 9 4608
32 10 0
32 11 0
32 12 0
32 13 0
32 14 0
32 15 0
32 16 0
32 17 0
32 18 0
32 19 0
32 20 0
32 21 0
32 22 0
32 23 0
32 24 0
32 25 0
32 26 0
32 27 0
32 28 0
32 29 0
32 30 0
32 31 0
32 32 0
32 33 0
32 34 0
32 35 0
32 36 0
32 37 0
32 38 -1

33 0 4047
33 1 4013
33 2 3974
33 3 4047
33 4 4128
33 5 4072
33 6 4089
33 7 4030
33 8 4337
33 9 4216
33 10 4269
33 11 0
33 12 0
33 13 0
33 14 0
33 15 0
33 16 0
33 17 0
33 18 0
33 19 0
33 20 0
33 21 0
33 22 0
33 23 0
33 24 0
33 25 0
33 26 0
33 27 0
33 28 0
33 29 0
33 30 0
33 31 0
33 32 0
33 33 0
33 34 0
33 35 0
33 36 0
33 37 0
33 38 -1

34 0 4048
34 1 4039
34 2 3875
34 3 4013
34 4 4134
34 5 4077
34 6 4360
34 7 4120
34 8 4315
34 9 4235
34 10 4322
34 11 0
34 12 0
34 13 0
34 14 0
34 15 0
34 16 0
34 17 0
34 18 0
34 19 0
34 20 0
34 21 0
34 22 0
34 23 0
34 24 0
34 25 0
34 26 0
34 27 0
34 28 0
34 29 0
34 30 0
34 31 0
34 32 0
34 33 0
34 34 0
34 35 0
34 36 0
34 37 0
34 38 -1

35 0 4158
35 1 4084
35 2 4021
35 3 3967
35 4 3843
35 5 4065
35 6 4325
35 7 4180
35 8 4253
35 9 4276
35 10 4583
35 11 4303
35 12 0
35 13 0
35 14 0
35 15 0
35 16 0
35 17 0
35 18 0
35 19 0
35 20 0
35 21 0
35 22 0
35 23 0
35 24 0
35 25 0
35 26 0
35 27 0
35 28 0
35 29 0
35 30 0
35 31 0
35 32 0
35 33 0
35 34 0
35 35 0
35 36 0
35 37 0
35 38 -1

36 0 3966
36 1 4077
36 2 3967
36 3 3852
36 4 3982
36 5 3958
36 6 4185
36 7 4159
36 8 4112
36 9 4030
36 10 4063
36 11 4397
36 12 0
36 13 0
36 14 0
36 15 0
36 16 0
36 17 0
36 18 0
36 19 0
36 20 0
36 21 0
36 22 0
36 23 0
36 24 0
36 25 0
36 26 0
36 27 0
36 28 0
36 29 0
36 30 0
36 31 0
36 32 0
36 33 0
36 34 0
36 35 0
36 36 0
36 37 0
36 38 -1

37 0 3868
37 1 3930
37 2 3962
37 3 4075
37 4 3995
37 5 3879
37 6 4204
37 7 4119
37 8 4301
37 9 4206
37 10 4177
37 11 3936
37 12 4428
37 13 0
37 14 0
37 15 0
37 16 0
37 17 0
37 18 0
37 19 0
37 20 0
37 21 0
37 22 0
37 23 0
37 24 0
37 25 0
37 26 0
37 27 0
37 28 0
37 29 0
37 30 0
37 31 0
37 32 0
37 33 0
37 34 0
37 35 0
37 36 0
37 37 0
37 38 -1

38 0 3839
38 1 3933
38 2 4147
38 3 3960
38 4 4052
38 5 4036
38 6 3930
38 7 4156
38 8 4252
38 9 4343
38 10 4376
38 11 4014
38 12 4674
38 13 0
38 14 0
38 15 0
38 16 0
38 17 0
38 18 0
38 19 0
38 20 0
38 21 0
38 22 0
38 23 0
38 24 0
38 25 0
38 26 0
38 27 0
38 28 0
38 29 0
38 30 0
38 31 0
38 32 0
38 33 0
38 34 0
38 35 0
38 36 0
38 37 0
38 38 -1

39 0 3901
39 1 3958
39 2 4090
39 3 4073
39 4 4004
39 5 3845
39 6 3959
39 7 3942
39 8 4040
39 9 4102
39 10 4039
39 11 3838
39 12 4371
39 13 0
39 14 0
39 15 0
39 16 0
39 17 0
39 18 0
39 19 0
39 20 0
39 21 0
39 22 0
39 23 0
39 24 0
39 25 0
39 26 0
39 27 0
39 28 0
39 29 0
39 30 0
39 31 0
39 32 0
39 33 0
39 34 0
39 35 0
39 36 0
39 37 0
39 38 -1

40 0 3921
40 1 4060
40 2 4023
40 3 4008
40 4 3942
40 5 3925
40 6 3967
40 7 4082
40 8 4008
40 9 4087
40 10 4042
40 11 3976
40 12 3941
40 13 0
40 14 0
40 15 0
40 16 0
40 17 0
40 18 0
40 19 0
40 20 0
40 21 0
40 22 0
40 23 0
40 24 0
40 25 0
40 26 0
40 27 0
40 28 0
40 29 0
40 30 0
40 31 0
40 32 0
40 33 0
40 34 0
40 35 0
40 36 0
40 37 0
40 38 -1

41 0 4017
41 1 4013
41 2 4034
41 3 3949
41 4 3857
41 5 3999
41 6 3942
41 7 3765
41 8 4112
41 9 3981
41 10 4072
41 11 4027
41 12 4141
41 13 3782
41 14 0
41 15 0
41 16 0
41 17 0
41 18 0
41 19 0
41 20 0
41 21 0
41 22 0
41 23 0
41 24 0
41 25 0
41 26 0
41 27 0
41 28 0
41 29 0
41 30 0
41 31 0
41 32 0
41 33 0
41 34 0
41 35 0
41 36 0
41 37 0
41 38 -1

42 0 3961
42 1 3923
42 2 3885
42 3 3937
42 4 4004
42 5 4041
42 6 3832
42 7 3814
42 8 3927
42 9 4098
42 10 4105
42 11 4100
42 12 3860
42 13 3860
42 14 0
42 15 0
42 16 0
42 17 0
42 18 0
42 19 0
42 20 0
42 21 0
42 22 0
42 23 0
42 24 0
42 25 0
42 26 0
42 27 0
42 28 0
42 29 0
42 30 0
42 31 0
42 32 0
42 33 0
42 34 0
42 35 0
42 36 0
42 37 0
42 38 -1

43 0 3984
43 1 3976
43 2 4059
43 3 4006
43 4 3937
43 5 3855
43 6 3984
43 7 3912
43 8 3677
43 9 3994
43 10 4255
43 11 3934
43 12 3795
43 13 3844
43 14 3520
43 15 0
43 16 0
43 17 0
43 18 0
43 19 0
43 20 0
43 21 0
43 22 0
43 23 0
43 24 0
43 25 0
43 26 0
43 27 0
43 28 0
43 29 0
43 30 0
43 31 0
43 32 0
43 33 0
43 34 0
43 35 0
43 36 0
43 37 0
43 38 -1

44 0 4023
44 1 3989
44 2 3947
44 3 3960
44 4 3884
44 5 3923
44 6 4072
44 7 4061
44 8 3805
44 9 4036
44 10 4024
44 11 4143
44 12 3924
44 13 3823
44 14 3652
44 15 0
44 16 0
44 17 0
44 18 0
44 19 0
44 20 0
44 21 0
44 22 0
44 23 0
44 24 0
44 25 0
44 26 0
44 27 0
44 28 0
44 29 0
44 30 0
44 31 0
44 32 0
44 33 0
44 34 0
44 35 0
44 36 0
44 37 0
44 38 -1

45 0 4027
45 1 4053
45 2 4002
45 3 4112
45 4 3989
45 5 3975
45 6 4030
45 7 4132
45 8 3728
45 9 3907
45 10 3984
45 11 3826
45 12 4043
45 13 3843
45 14 3748
45 15 0
45 16 0
45 17 0
45 18 0
45 19 0
45 20 0
45 21 0
45 22 0
45 23 0
45 24 0
45 25 0
45 26 0
45 27 0
45 28 0
45 29 0
45 30 0
45 31 0
45 32 0
45 33 0
45 34 0
45 35 0
45 36 0
45 37 0
45 38 -1

46 0 4075
46 1 4090
46 2 4050
46 3 4137
46 4 4020
46 5 4120
46 6 4032
46 7 3939
46 8 3809
46 9 3849
46 10 3830
46 11 3852
46 12 3825
46 13 4008
46 14 3740
46 15 4325
46 16 0
46 17 0
46 18 0
46 19 0
46 20 0
46 21 0
46 22 0
46 23 0
46 24 0
46 25 0
46 26 0
46 27 0
46 28 0
46 29 0
46 30 0
46 31 0
46 32 0
46 33 0
46 34 0
46 35 0
46 36 0
46 37 0
46 38 -1

47 0 3969
47 1 4101
47 2 3973
47 3 4087
47 4 4103
47 5 4053
47 6 4161
47 7 4093
47 8 3956
47 9 3907
47 10 3896
47 11 3925
47 12 3971
47 13 3944
47 14 3981
47 15 3858
47 16 0
47 17 0
47 18 0
47 19 0
47 20 0
47 21 0
47 22 0
47 23 0
47 24 0
47 25 0
47 26 0
47 27 0
47 28 0
47 29 0
47 30 0
47 31 0
47 32 0
47 33 0
47 34 0
47 35 0
47 36 0
47 37 0
47 38 -1

48 0 4128
48 1 3984
48 2 4053
48 3 4115
48 4 4034
48 5 4063
48 6 4125
48 7 3943
48 8 3988
48 9 3925
48 10 3931
48 11 4037
48 12 4064
48 13 3987
48 14 4010
48 15 4213
48 16 4941
48 17 0
48 18 0
48 19 0
48 20 0
48 21 0
48 22 0
48 23 0
48 24 0
48 25 0
48 26 0
48 27 0
48 28 0
48 29 0
48 30 0
48 31 0
48 32 0
48 33 0
48 34 0
48 35 0
48 36 0
48 37 0
48 38 -1

49 0 4112
49 1 4120
49 2 4104
49 3 4041
49 4 4068
49 5 4010
49 6 4061
49 7 4035
49 8 3971
49 9 3956
49 10 3916
49 11 3989
49 12 4106
49 13 4095
49 14 4382
49 15 4356
49 16 4777
49 17 0
49 18 0
49 19 0
49 20 0
49 21 0
49 22 0
49 23 0
49 24 0
49 25 0
49 26 0
49 27 0
49 28 0
49 29 0
49 30 0
49 31 0
49 32 0
49 33 0
49 34 0
49 35 0
49 36 0
49 37 0
49 38 -1

50 0 4108
50 1 3979
50 2 4126
50 3 4012
50 4 3947
50 5 4155
50 6 4059
50 7 4178
50 8 4049
50 9 4211
50 10 4144
50 11 4054
50 12 4098
50 13 4041
50 14 4132
50 15 4280
50 16 4666
50 17 0
50 18 0
50 19 0
50 20 0
50 21 0
50 22 0
50 23 0
50 24 0
50 25 0
50 26 0
50 27 0
50 28 0
50 29 0
50 30 0
50 31 0
50 32 0
50 33 0
50 34 0
50 35 0
50 36 0
50 37 0
50 38 -1

51 0 4167
51 1 4073
51 2 4090
51 3 4117
51 4 4029
51 5 4172
51 6 4019
51 7 4153
51 8 3957
51 9 3874
51 10 4172
51 11 4074
51 12 4071
51 13 4309
51 14 4451
51 15 3946
51 16 4487
51 17 0
51 18 0
51 19 0
51 20 0
51 21 0
51 22 0
51 23 0
51 24 0
51 25 0
51 26 0
51 27 0
51 28 0
51 29 0
51 30 0
51 31 0
51 32 0
51 33 0
51 34 0
51 35 0
51 36 0
51 37 0
51 38 -1

52 0 4167
52 1 4134
52 2 4182
52 3 4084
52 4 4115
52 5 4035
52 6 4112
52 7 4047
52 8 3978
52 9 3799
52 10 4039
52 11 4210
52 12 4121
52 13 4196
52 14 4151
52 15 4149
52 16 4095
52 17 3562
52 18 0
52 19 0
52 20 0
52 21 0
52 22 0
52 23 0
52 24 0
52 25 0
52 26 0
52 27 0
52 28 0
52 29 0
52 30 0
52 31 0
52 32 0
52 33 0
52 34 0
52 35 0
52 36 0
52 37 0
52 38 -1

53 0 4209
53 1 4093
53 2 4323
53 3 4157
53 4 4275
53 5 4112
53 6 4136
53 7 4105
53 8 4078
53 9 4017
53 10 3990
53 11 4085
53 12 4244
53 13 4172
53 14 4133
53 15 4105
53 16 3910
53 17 3762
53 18 0
53 19 0
53 20 0
53 21 0
53 22 0
53 23 0
53 24 0
53 25 0
53 26 0
53 27 0
53 28 0
53 29 0
53 30 0
53 31 0
53 32 0
53 33 0
53 34 0
53 35 0
53 36 0
53 37 0
53 38 -1

54 0 4086
54 1 4099
54 2 4190
54 3 4126
54 4 4065
54 5 4101
54 6 3973
54 7 4184
54 8 4000
54 9 4106
54 10 4132
54 11 4096
54 12 4233
54 13 4079
54 14 4193
54 15 3996
54 16 3925
54 17 3851
54 18 4602
54 19 0
54 20 0
54 21 0
54 22 0
54 23 0
54 24 0
54 25 0
54 26 0
54 27 0
54 28 0
54 29 0
54 30 0
54 31 0
54 32 0
54 33 0
54 34 0
54 35 0
54 36 0
54 37 0
54 38 -1

55 0 4056
55 1 4258
55 2 4082
55 3 4104
55 4 4143
55 5 4205
55 6 4096
55 7 4101
55 8 4128
55 9 4120
55 10 3953
55 11 4034
55 12 4098
55 13 4106
55 14 4135
55 15 4010
55 16 4070
55 17 3938
55 18 4084
55 19 0
55 20 0
55 21 0
55 22 0
55 23 0
55 24 0
55 25 0
55 26 0
55 27 0
55 28 0
55 29 0
55 30 0
55 31 0
55 32 0
55 33 0
55 34 0
55 35 0
55 36 0
55 37 0
55 38 -1

56 0 4069
56 1 4172
56 2 4065
56 3 4264
56 4 4282
56 5 4100
56 6 4170
56 7 4148
56 8 4103
56 9 4070
56 10 3961
56 11 3926
56 12 4141
56 13 4142
56 14 4096
56 15 4103
56 16 4119
56 17 4255
56 18 4066
56 19 0
56 20 0
56 21 0
56 22 0
56 23 0
56 24 0
56 25 0
56 26 0
56 27 0
56 28 0
56 29 0
56 30 0
56 31 0
56 32 0
56 33 0
56 34 0
56 35 0
56 36 0
56 37 0
56 38 -1

57 0 4144
57 1 3995
57 2 4100
57 3 4150
57 4 4087
57 5 4098
57 6 4205
57 7 4184
57 8 4087
57 9 3957
57 10 4015
57 11 3920
57 12 3916
57 13 4157
57 14 4206
57 15 4222
57 16 4053
57 17 4289
57 18 4328
57 19 3684
57 20 0
57 21 0
57 22 0
57 23 0
57 24 0
57 25 0
57 26 0
57 27 0
57 28 0
57 29 0
57 30 0
57 31 0
57 32 0
57 33 0
57 34 0
57 35 0
57 36 0
57 37 0
57 38 -1

58 0 3976
58 1 4055
58 2 4066
58 3 4042
58 4 4048
58 5 4090
58 6 4047
58 7 4149
58 8 4045
58 9 3949
58 10 3999
58 11 4029
58 12 3967
58 13 4143
58 14 4174
58 15 4208
58 16 4366
58 17 4261
58 18 4334
58 19 4338
58 20 0
58 21 0
58 22 0
58 23 0
58 24 0
58 25 0
58 26 0
58 27 0
58 28 0
58 29 0
58 30 0
58 31 0
58 32 0
58 33 0
58 34 0
58 35 0
58 36 0
58 37 0
58 38 -1

59 0 3904
59 1 4023
59 2 3989
59 3 3931
59 4 4076
59 5 3992
59 6 4000
59 7 4070
59 8 3945
59 9 3944
59 10 3856
59 11 4020
59 12 4017
59 13 4076
59 14 3970
59 15 4371
59 16 4167
59 17 4560
59 18 4241
59 19 4158
59 20 4676
59 21 0
59 22 0
59 23 0
59 24 0
59 25 0
59 26 0
59 27 0
59 28 0
59 29 0
59 30 0
59 31 0
59 32 0
59 33 0
59 34 0
59 35 0
59 36 0
59 37 0
59 38 -1

60 0 3857
60 1 4060
60 2 4040
60 3 4021
60 4 3956
60 5 3980
60 6 4028
60 7 3999
60 8 3984
60 9 4129
60 10 4112
60 11 3959
60 12 4022
60 13 3940
60 14 4152
60 15 4025
60 16 4005
60 17 4315
60 18 4449
60 19 4175
60 20 3610
60 21 0
60 22 0
60 23 0
60 24 0
60 25 0
60 26 0
60 27 0
60 28 0
60 29 0
60 30 0
60 31 0
60 32 0
60 33 0
60 34 0
60 35 0
60 36 0
60 37 0
60 38 -1

61 0 3892
61 1 3965
61 2 3940
61 3 3998
61 4 4043
61 5 4018
61 6 4105
61 7 4039
61 8 4131
61 9 4089
61 10 3956
61 11 4245
61 12 4131
61 13 4142
61 14 4007
61 15 3985
61 16 4167
61 17 4173
61 18 4225
61 19 4173
61 20 4020
61 21 0
61 22 0
61 23 0
61 24 0
61 25 0
61 26 0
61 27 0
61 28 0
61 29 0
61 30 0
61 31 0
61 32 0
61 33 0
61 34 0
61 35 0
61 36 0
61 37 0
61 38 -1

62 0 3910
62 1 4054
62 2 3890
62 3 4047
62 4 3924
62 5 3969
62 6 4085
62 7 4116
62 8 4067
62 9 3999
62 10 3956
62 11 4105
62 12 4153
62 13 4086
62 14 4034
62 15 4283
62 16 4116
62 17 4058
62 18 4253
62 19 4133
62 20 4094
62 21 0
62 22 0
62 23 0
62 24 0
62 25 0
62 26 0
62 27 0
62 28 0
62 29 0
62 30 0
62 31 0
62 32 0
62 33 0
62 34 0
62 35 0
62 36 0
62 37 0
62 38 -1

63 0 4010
63 1 3929
63 2 3968
63 3 4035
63 4 4023
63 5 4014
63 6 4004
63 7 4050
63 8 4156
63 9 4055
63 10 4143
63 11 3996
63 12 4042
63 13 4117
63 14 4048
63 15 4322
63 16 4129
63 17 4064
63 18 4281
63 19 4244
63 20 3787
63 21 4286
63 22 0
63 23 0
63 24 0
63 25 0
63 26 0
63 27 0
63 28 0
63 29 0
63 30 0
63 31 0
63 32 0
63 33 0
63 34 0
63 35 0
63 36 0
63 37 0
63 38 -1

64 0 3986
64 1 3988
64 2 3848
64 3 4033
64 4 4061
64 5 4013
64 6 3997
64 7 4135
64 8 4050
64 9 4084
64 10 4015
64 11 4164
64 12 4000
64 13 3989
64 14 4121
64 15 4143
64 16 4200
64 17 4251
64 18 4311
64 19 4329
64 20 4106
64 21 4001
64 22 0
64 23 0
64 24 0
64 25 0
64 26 0
64 27 0
64 28 0
64 29 0
64 30 0
64 31 0
64 32 0
64 33 0
64 34 0
64 35 0
64 36 0
64 37 0
64 38 -1

65 0 4055
65 1 3915
65 2 3990
65 3 3980
65 4 4064
65 5 4158
65 6 3971
65 7 3936
65 8 4162
65 9 4060
65 10 4154
65 11 4133
65 12 4032
65 13 4042
65 14 4042
65 15 4089
65 16 4095
65 17 4262
65 18 4071
65 19 4060
65 20 4291
65 21 4474
65 22 3095
65 23 0
65 24 0
65 25 0
65 26 0
65 27 0
65 28 0
65 29 0
65 30 0
65 31 0
65 32 0
65 33 0
65 34 0
65 35 0
65 36 0
65 37 0
65 38 -1

66 0 4177
66 1 4145
66 2 4024
66 3 3877
66 4 3963
66 5 4033
66 6 3982
66 7 3943
66 8 3876
66 9 4093
66 10 4088
66 11 3992
66 12 3978
66 13 3923
66 14 4179
66 15 3917
66 16 4213
66 17 4182
66 18 4378
66 19 4114
66 20 4134
66 21 3884
66 22 3873
66 23 0
66 24 0
66 25 0
66 26 0
66 27 0
66 28 0
66 29 0
66 30 0
66 31 0
66 32 0
66 33 0
66 34 0
66 35 0
66 36 0
66 37 0
66 38 -1

67 0 3874
67 1 4092
67 2 3972
67 3 4024
67 4 4064
67 5 4057
67 6 4145
67 7 4082
67 8 3978
67 9 4148
67 10 4105
67 11 3996
67 12 4075
67 13 4020
67 14 3927
67 15 4128
67 16 4107
67 17 4163
67 18 4162
67 19 4445
67 20 4177
67 21 3827
67 22 4150
67 23 0
67 24 0
67 25 0
67 26 0
67 27 0
67 28 0
67 29 0
67 30 0
67 31 0
67 32 0
67 33 0
67 34 0
67 35 0
67 36 0
67 37 0
67 38 -1

68 0 3830
68 1 4076
68 2 3990
68 3 4064
68 4 4153
68 5 3947
68 6 4106
68 7 4026
68 8 3974
68 9 3962
68 10 4046
68 11 4051
68 12 4005
68 13 4030
68 14 3875
68 15 3974
68 16 3875
68 17 4098
68 18 4350
68 19 4167
68 20 4231
68 21 3777
68 22 3910
68 23 3652
68 24 0
68 25 0
68 26 0
68 27 0
68 28 0
68 29 0
68 30 0
68 31 0
68 32 0
68 33 0
68 34 0
68 35 0
68 36 0
68 37 0
68 38 -1

69 0 3832
69 1 3842
69 2 4013
69 3 4007
69 4 4000
69 5 4149
69 6 4045
69 7 4197
69 8 4176
69 9 3960
69 10 3949
69 11 4033
69 12 4102
69 13 3843
69 14 3895
69 15 3959
69 16 3862
69 17 3932
69 18 4029
69 19 4205
69 20 4146
69 21 4269
69 22 4229
69 23 3689
69 24 0
69 25 0
69 26 0
69 27 0
69 28 0
69 29 0
69 30 0
69 31 0
69 32 0
69 33 0
69 34 0
69 35 0
69 36 0
69 37 0
69 38 -1

70 0 3788
70 1 3813
70 2 3890
70 3 3849
70 4 3957
70 5 4034
70 6 4182
70 7 4103
70 8 3917
70 9 4154
70 10 4194
70 11 4058
70 12 4027
70 13 4156
70 14 4020
70 15 4010
70 16 4127
70 17 3944
70 18 4228
70 19 3977
70 20 4184
70 21 4250
70 22 4224
70 23 4247
70 24 8714
70 25 0
70 26 0
70 27 0
70 28 0
70 29 0
70 30 0
70 31 0
70 32 0
70 33 0
70 34 0
70 35 0
70 36 0
70 37 0
70 38 -1

71 0 3822
71 1 3788
71 2 3989
71 3 3852
71 4 4012
71 5 4029
71 6 4022
71 7 4015
71 8 3941
71 9 3992
71 10 4066
71 11 4154
71 12 4150
71 13 4087
71 14 3937
71 15 3907
71 16 4124
71 17 4020
71 18 4130
71 19 4042
71 20 4121
71 21 4282
71 22 4111
71 23 3904
71 24 6322
71 25 0
71 26 0
71 27 0
71 28 0
71 29 0
71 30 0
71 31 0
71 32 0
71 33 0
71 34 0
71 35 0
71 36 0
71 37 0
71 38 -1

72 0 3984
72 1 3751
72 2 3829
72 3 3754
72 4 3901
72 5 3985
72 6 3991
72 7 4072
72 8 4007
72 9 4068
72 10 3847
72 11 4185
72 12 4127
72 13 4121
72 14 4136
72 15 3995
72 16 3972
72 17 4159
72 18 3963
72 19 4041
72 20 4059
72 21 4202
72 22 4159
72 23 3946
72 24 4076
72 25 0
72 26 0
72 27 0
72 28 0
72 29 0
72 30 0
72 31 0
72 32 0
72 33 0
72 34 0
72 35 0
72 36 0
72 37 0
72 38 -1

73 0 3807
73 1 3887
73 2 3855
73 3 3753
73 4 3901
73 5 3979
73 6 4039
73 7 3936
73 8 4139
73 9 4090
73 10 4087
73 11 4032
73 12 4021
73 13 4073
73 14 4018
73 15 4011
73 16 3881
73 17 4043
73 18 4078
73 19 4108
73 20 4158
73 21 3941
73 22 3939
73 23 3897
73 24 3744
73 25 0
73 26 0
73 27 0
73 28 0
73 29 0
73 30 0
73 31 0
73 32 0
73 33 0
73 34 0
73 35 0
73 36 0
73 37 0
73 38 -1

74 0 3810
74 1 3968
74 2 3931
74 3 3858
74 4 3804
74 5 4027
74 6 4006
74 7 4010
74 8 4212
74 9 3922
74 10 4109
74 11 3960
74 12 4132
74 13 4069
74 14 4037
74 15 3966
74 16 3918
74 17 3955
74 18 4022
74 19 4023
74 20 3803
74 21 3842
74 22 4171
74 23 3819
74 24 4023
74 25 4552
74 26 0
74 27 0
74 28 0
74 29 0
74 30 0
74 31 0
74 32 0
74 33 0
74 34 0
74 35 0
74 36 0
74 37 0
74 38 -1

75 0 0
75 1 3769
75 2 4007
75 3 4036
75 4 3908
75 5 3920
75 6 4032
75 7 3993
75 8 4007
75 9 3979
75 10 4048
75 11 4018
75 12 4056
75 13 4101
75 14 4006
75 15 3913
75 16 3797
75 17 3984
75 18 4068
75 19 3973
75 20 4004
75 21 3983
75 22 3974
75 23 3793
75 24 3965
75 25 4380
75 26 0
75 27 0
75 28 0
75 29 0
75 30 0
75 31 0
75 32 0
75 33 0
75 34 0
75 35 0
75 36 0
75 37 0
75 38 -1

76 0 0
76 1 0
76 2 3942
76 3 3871
76 4 3958
76 5 3897
76 6 3959
76 7 3872
76 8 3995
76 9 3979
76 10 3973
76 11 4022
76 12 3939
76 13 4158
76 14 3958
76 15 3874
76 16 3827
76 17 3972
76 18 4065
76 19 3931
76 20 3988
76 21 3923
76 22 3959
76 23 3959
76 24 3870
76 25 4028
76 26 5090
76 27 0
76 28 0
76 29 0
76 30 0
76 31 0
76 32 0
76 33 0
76 34 0
76 35 0
76 36 0
76 37 0
76 38 -1

77 0 0
77 1 0
77 2 0
77 3 3901
77 4 3824
77 5 3819
77 6 3888
77 7 3876
77 8 3849
77 9 4102
77 10 4078
77 11 3974
77 12 3920
77 13 4052
77 14 4055
77 15 3799
77 16 3863
77 17 3955
77 18 3780
77 19 4007
77 20 3949
77 21 3980
77 22 3970
77 23 3930
77 24 3987
77 25 3999
77 26 3940
77 27 0
77 28 0
77 29 0
77 30 0
77 31 0
77 32 0
77 33 0
77 34 0
77 35 0
77 36 0
77 37 0
77 38 -1

78 0 0
78 1 0
78 2 0
78 3 0
78 4 3821
78 5 3984
78 6 3870
78 7 3935
78 8 4028
78 9 4036
78 10 3948
78 11 4017
78 12 3928
78 13 3887
78 14 4066
78 15 4012
78 16 3898
78 17 4094
78 18 3949
78 19 4025
78 20 3980
78 21 3998
78 22 4150
78 23 4220
78 24 4138
78 25 3784
78 26 3781
78 27 0
78 28 0
78 29 0
78 30 0
78 31 0
78 32 0
78 33 0
78 34 0
78 35 0
78 36 0
78 37 0
78 38 -1

79 0 0
79 1 0
79 2 0
79 3 0
79 4 0
79 5 3847
79 6 3929
79 7 3722
79 8 3999
79 9 4021
79 10 3983
79 11 3897
79 12 3995
79 13 4059
79 14 4068
79 15 4085
79 16 3938
79 17 3938
79 18 3949
79 19 3878
79 20 4032
79 21 4075
79 22 3989
79 23 4294
79 24 4213
79 25 4257
79 26 3972
79 27 3520
79 28 0
79 29 0
79 30 0
79 31 0
79 32 0
79 33 0
79 34 0
79 35 0
79 36 0
79 37 0
79 38 -1

80 0 0
80 1 0
80 2 0
80 3 0
80 4 0
80 5 0
80 6 3880
80 7 3915
80 8 3880
80 9 3983
80 10 4016
80 11 3924
80 12 3822
80 13 3970
80 14 3987
80 15 4053
80 16 3965
80 17 3976
80 18 3922
80 19 4073
80 20 3909
80 21 3803
80 22 4038
80 23 4027
80 24 4301
80 25 4244
80 26 4029
80 27 3537
80 28 0
80 29 0
80 30 0
80 31 0
80 32 0
80 33 0
80 34 0
80 35 0
80 36 0
80 37 0
80 38 -1

81 0 0
81 1 0
81 2 0
81 3 0
81 4 0
81 5 0
81 6 0
81 7 3885
81 8 3932
81 9 3889
81 10 4035
81 11 3981
81 12 3952
81 13 3813
81 14 3948
81 15 4049
81 16 3979
81 17 3931
81 18 4069
81 19 3908
81 20 3971
81 21 3912
81 22 3778
81 23 3997
81 24 4250
81 25 4158
81 26 3956
81 27 4147
81 28 4643
81 29 0
81 30 0
81 31 0
81 32 0
81 33 0
81 34 0
81 35 0
81 36 0
81 37 0
81 38 -1

82 0 0
82 1 0
82 2 0
82 3 0
82 4 0
82 5 0
82 6 0
82 7 0
82 8 3902
82 9 3968
82 10 4030
82 11 3905
82 12 3871
82 13 4015
82 14 3947
82 15 3906
82 16 3952
82 17 4024
82 18 3810
82 19 3936
82 20 3906
82 21 4011
82 22 3807
82 23 4006
82 24 4223
82 25 4090
82 26 4072
82 27 3970
82 28 4661
82 29 0
82 30 0
82 31 0
82 32 0
82 33 0
82 34 0
82 35 0
82 36 0
82 37 0
82 38 -1

83 0 0
83 1 0
83 2 0
83 3 0
83 4 0
83 5 0
83 6 0
83 7 0
83 8 0
83 9 3882
83 10 3962
83 11 4027
83 12 3916
83 13 3932
83 14 3873
83 15 3989
83 16 3851
83 17 4008
83 18 3958
83 19 3858
83 20 3830
83 21 3847
83 22 3828
83 23 3923
83 24 3936
83 25 4379
83 26 4237
83 27 4133
83 28 4563
83 29 0
83 30 0
83 31 0
83 32 0
83 33 0
83 34 0
83 35 0
83 36 0
83 37 0
83 38 -1

84 0 0
84 1 0
84 2 0
84 3 0
84 4 0
84 5 0
84 6 0
84 7 0
84 8 0
84 9 0
84 10 3990
84 11 3990
84 12 4037
84 13 3986
84 14 3851
84 15 3898
84 16 4018
84 17 4005
84 18 3995
84 19 3862
84 20 3901
84 21 3893
84 22 3949
84 23 3893
84 24 3922
84 25 4021
84 26 4098
84 27 3912
84 28 3844
84 29 3353
84 30 0
84 31 0
84 32 0
84 33 0
84 34 0
84 35 0
84 36 0
84 37 0
84 38 -1

85 0 0
85 1 0
85 2 0
85 3 0
85 4 0
85 5 0
85 6 0
85 7 0
85 8 0
85 9 0
85 10 0
85 11 4016
85 12 3959
85 13 3974
85 14 3968
85 15 3852
85 16 3894
85 17 3977
85 18 4044
85 19 3931
85 20 3953
85 21 3891
85 22 3994
85 23 4075
85 24 4058
85 25 3902
85 26 4048
85 27 4116
85 28 3935
85 29 4920
85 30 0
85 31 0
85 32 0
85 33 0
85 34 0
85 35 0
85 36 0
85 37 0
85 38 -1

86 0 0
86 1 0
86 2 0
86 3 0
86 4 0
86 5 0
86 6 0
86 7 0
86 8 0
86 9 0
86 10 0
86 11 0
86 12 3926
86 13 4095
86 14 4149
86 15 3997
86 16 3983
86 17 3783
86 18 4000
86 19 4057
86 20 4046
86 21 3815
86 22 3918
86 23 3902
86 24 4020
86 25 4085
86 26 3804
86 27 3902
86 28 4111
86 29 4017
86 30 0
86 31 0
86 32 0
86 33 0
86 34 0
86 35 0
86 36 0
86 37 0
86 38 -1

87 0 0
87 1 0
87 2 0
87 3 0
87 4 0
87 5 0
87 6 0
87 7 0
87 8 0
87 9 0
87 10 0
87 11 0
87 12 0
87 13 3867
87 14 4044
87 15 4123
87 16 4044
87 17 3936
87 18 3889
87 19 4028
87 20 3925
87 21 3951
87 22 3869
87 23 3968
87 24 3997
87 25 3988
87 26 4022
87 27 3737
87 28 3975
87 29 4008
87 30 6880
87 31 0
87 32 0
87 33 0
87 34 0
87 35 0
87 36 0
87 37 0
87 38 -1

88 0 0
88 1 0
88 2 0
88 3 0
88 4 0
88 5 0
88 6 0
88 7 0
88 8 0
88 9 0
88 10 0
88 11 0
88 12 0
88 13 0
88 14 3971
88 15 4027
88 16 3951
88 17 3956
88 18 3867
88 19 3878
88 20 4071
88 21 3903
88 22 3932
88 23 3949
88 24 3939
88 25 3834
88 26 3901
88 27 3905
88 28 3786
88 29 3614
88 30 3452
88 31 0
88 32 0
88 33 0
88 34 0
88 35 0
88 36 0
88 37 0
88 38 -1

89 0 0
89 1 0
89 2 0
89 3 0
89 4 0
89 5 0
89 6 0
89 7 0
89 8 0
89 9 0
89 10 0
89 11 0
89 12 0
89 13 0
89 14 0
89 15 3931
89 16 4022
89 17 4005
89 18 3906
89 19 3922
89 20 3962
89 21 4079
89 22 3846
89 23 3716
89 24 3977
89 25 3985
89 26 3805
89 27 3865
89 28 3783
89 29 3782
89 30 3200
89 31 0
89 32 0
89 33 0
89 34 0
89 35 0
89 36 0
89 37 0
89 38 -1

90 0 0
90 1 0
90 2 0
90 3 0
90 4 0
90 5 0
90 6 0
90 7 0
90 8 0
90 9 0
90 10 0
90 11 0
90 12 0
90 13 0
90 14 0
90 15 0
90 16 4016
90 17 4169
90 18 4061
90 19 3932
90 20 3840
90 21 3924
90 22 4034
90 23 3896
90 24 3798
90 25 3951
90 26 3688
90 27 3902
90 28 3884
90 29 3882
90 30 3352
90 31 2525
90 32 0
90 33 0
90 34 0
90 35 0
90 36 0
90 37 0
90 38 -1

91 0 0
91 1 0
91 2 0
91 3 0
91 4 0
91 5 0
91 6 0
91 7 0
91 8 0
91 9 0
91 10 0
91 11 0
91 12 0
91 13 0
91 14 0
91 15 0
91 16 0
91 17 4183
91 18 4030
91 19 4089
91 20 3850
91 21 3847
91 22 4040
91 23 4013
91 24 3747
91 25 3858
91 26 3907
91 27 3877
91 28 3984
91 29 3755
91 30 3698
91 31 3229
91 32 0
91 33 0
91 34 0
91 35 0
91 36 0
91 37 0
91 38 -1

92 0 0
92 1 0
92 2 0
92 3 0
92 4 0
92 5 0
92 6 0
92 7 0
92 8 0
92 9 0
92 10 0
92 11 0
92 12 0
92 13 0
92 14 0
92 15 0
92 16 0
92 17 0
92 18 4111
92 19 4125
92 20 3997
92 21 3807
92 22 3772
92 23 3897
92 24 3791
92 25 3847
92 26 4027
92 27 3870
92 28 3844
92 29 3777
92 30 3601
92 31 3656
92 32 0
92 33 0
92 34 0
92 35 0
92 36 0
92 37 0
92 38 -1

93 0 0
93 1 0
93 2 0
93 3 0
93 4 0
93 5 0
93 6 0
93 7 0
93 8 0
93 9 0
93 10 0
93 11 0
93 12 0
93 13 0
93 14 0
93 15 0
93 16 0
93 17 0
93 18 0
93 19 4151
93 20 3979
93 21 3989
93 22 3986
93 23 3814
93 24 3836
93 25 3702
93 26 3816
93 27 3957
93 28 4001
93 29 3615
93 30 3577
93 31 3447
93 32 5316
93 33 0
93 34 0
93 35 0
93 36 0
93 37 0
93 38 -1

94 0 0
94 1 0
94 2 0
94 3 0
94 4 0
94 5 0
94 6 0
94 7 0
94 8 0
94 9 0
94 10 0
94 11 0
94 12 0
94 13 0
94 14 0
94 15 0
94 16 0
94 17 0
94 18 0
94 19 0
94 20 4172
94 21 4126
94 22 4013
94 23 3875
94 24 3919
94 25 3823
94 26 3724
94 27 3807
94 28 3954
94 29 3760
94 30 3439
94 31 3434
94 32 3408
94 33 0
94 34 0
94 35 0
94 36 0
94 37 0
94 38 -1

95 0 0
95 1 0
95 2 0
95 3 0
95 4 0
95 5 0
95 6 0
95 7 0
95 8 0
95 9 0
95 10 0
95 11 0
95 12 0
95 13 0
95 14 0
95 15 0
95 16 0
95 17 0
95 18 0
95 19 0
95 20 0
95 21 4067
95 22 4094
95 23 3923
95 24 3932
95 25 3889
95 26 3895
95 27 3739
95 28 3695
95 29 3607
95 30 3712
95 31 3406
95 32 2747
95 33 0
95 34 0
95 35 0
95 36 0
95 37 0
95 38 -1

96 0 0
96 1 0
96 2 0
96 3 0
96 4 0
96 5 0
96 6 0
96 7 0
96 8 0
96 9 0
96 10 0
96 11 0
96 12 0
96 13 0
96 14 0
96 15 0
96 16 0
96 17 0
96 18 0
96 19 0
96 20 0
96 21 0
96 22 3959
96 23 4231
96 24 4004
96 25 4161
96 26 3993
96 27 3895
96 28 3814
96 29 3727
96 30 3705
96 31 3673
96 32 3536
96 33 3490
96 34 0
96 35 0
96 36 0
96 37 0
96 38 -1

97 0 0
97 1 0
97 2 0
97 3 0
97 4 0
97 5 0
97 6 0
97 7 0
97 8 0
97 9 0
97 10 0
97 11 0
97 12 0
97 13 0
97 14 0
97 15 0
97 16 0
97 17 0
97 18 0
97 19 0
97 20 0
97 21 0
97 22 0
97 23 4124
97 24 4074
97 25 4111
97 26 4037
97 27 3870
97 28 3919
97 29 3852
97 30 3679
97 31 3622
97 32 3835
97 33 3567
97 34 0
97 35 0
97 36 0
97 37 0
97 38 -1

98 0 0
98 1 0
98 2 0
98 3 0
98 4 0
98 5 0
98 6 0
98 7 0
98 8 0
98 9 0
98 10 0
98 11 0
98 12 0
98 13 0
98 14 0
98 15 0
98 16 0
98 17 0
98 18 0
98 19 0
98 20 0
98 21 0
98 22 0
98 23 0
98 24 4296
98 25 4099
98 26 4166
98 27 4104
98 28 4018
98 29 3869
98 30 3953
98 31 3885
98 32 3998
98 33 4015
98 34 0
98 35 0
98 36 0
98 37 0
98 38 -1

99 0 0
99 1 0
99 2 0
99 3 0
99 4 0
99 5 0
99 6 0
99 7 0
99 8 0
99 9 0
99 10 0
99 11 0
99 12 0
99 13 0
99 14 0
99 15 0
99 16 0
99 17 0
99 18 0
99 19 0
99 20 0
99 21 0
99 22 0
99 23 0
99 24 0
99 25 4123
99 26 4102
99 27 3931
99 28 4005
99 29 4009
99 30 3806
99 31 3760
99 32 3795
99 33 3950
99 34 0
99 35 0
99 36 0
99 37 0
99 38 -1

100 0 0
100 1 0
100 2 0
100 3 0
100 4 0
100 5 0
100 6 0
100 7 0
100 8 0
100 9 0
100 10 0
100 11 0
100 12 0
100 13 0
100 14 0
100 15 0
100 16 0
100 17 0
100 18 0
100 19 0
100 20 0
100 21 0
100 22 0
100 23 0
100 24 0
100 25 0
100 26 4009
100 27 4085
100 28 3944
100 29 4048
100 30 3882
100 31 3920
100 32 3806
100 33 3792
100 34 3831
100 35 0
100 36 0
100 37 0
100 38 -1

101 0 0
101 1 0
101 2 0
101 3 0
101 4 0
101 5 0
101 6 0
101 7 0
101 8 0
101 9 0
101 10 0
101 11 0
101 12 0
101 13 0
101 14 0
101 15 0
101 16 0
101 17 0
101 18 0
101 19 0
101 20 0
101 21 0
101 22 0
101 23 0
101 24 0
101 25 0
101 26 0
101 27 4015
101 28 3907
101 29 4040
101 30 4046
101 31 3918
101 32 3811
101 33 3965
101 34 3535
101 35 0
101 36 0
101 37 0
101 38 -1

102 0 0
102 1 0
102 2 0
102 3 0
102 4 0
102 5 0
102 6 0
102 7 0
102 8 0
102 9 0
102 10 0
102 11 0
102 12 0
102 13 0
102 14 0
102 15 0
102 16 0
102 17 0
102 18 0
102 19 0
102 20 0
102 21 0
102 22 0
102 23 0
102 24 0
102 25 0
102 26 0
102 27 0
102 28 4036
102 29 4094
102 30 3894
102 31 4001
102 32 3959
102 33 3810
102 34 3966
102 35 0
102 36 0
102 37 0
102 38 -1

103 0 0
103 1 0
103 2 0
103 3 0
103 4 0
103 5 0
103 6 0
103 7 0
103 8 0
103 9 0
103 10 0
103 11 0
103 12 0
103 13 0
103 14 0
103 15 0
103 16 0
103 17 0
103 18 0
103 19 0
103 20 0
103 21 0
103 22 0
103 23 0
103 24 0
103 25 0
103 26 0
103 27 0
103 28 0
103 29 4042
103 30 3972
103 31 4018
103 32 3905
103 33 3951
103 34 4022
103 35 3248
103 36 0
103 37 0
103 38 -1

104 0 0
104 1 0
104 2 0
104 3 0
104 4 0
104 5 0
104 6 0
104 7 0
104 8 0
104 9 0
104 10 0
104 11 0
104 12 0
104 13 0
104 14 0
104 15 0
104 16 0
104 17 0
104 18 0
104 19 0
104 20 0
104 21 0
104 22 0
104 23 0
104 24 0
104 25 0
104 26 0
104 27 0
104 28 0
104 29 0
104 30 4185
104 31 3934
104 32 3956
104 33 3984
104 34 3910
104 35 3981
104 36 0
104 37 0
104 38 -1

105 0 0
105 1 0
105 2 0
105 3 0
105 4 0
105 5 0
105 6 0
105 7 0
105 8 0
105 9 0
105 10 0
105 11 0
105 12 0
105 13 0
105 14 0
105 15 0
105 16 0
105 17 0
105 18 0
105 19 0
105 20 0
105 21 0
105 22 0
105 23 0
105 24 0
105 25 0
105 26 0
105 27 0
105 28 0
105 29 0
105 30 0
105 31 4176
105 32 4072
105 33 3665
105 34 3820
105 35 3664
105 36 0
105 37 0
105 38 -1

106 0 0
106 1 0
106 2 0
106 3 0
106 4 0
106 5 0
106 6 0
106 7 0
106 8 0
106 9 0
106 10 0
106 11 0
106 12 0
106 13 0
106 14 0
106 15 0
106 16 0
106 17 0
106 18 0
106 19 0
106 20 0
106 21 0
106 22 0
106 23 0
106 24 0
106 25 0
106 26 0
106 27 0
106 28 0
106 29 0
106 30 0
106 31 0
106 32 3986
106 33 3966
106 34 3903
106 35 3832
106 36 0
106 37 0
106 38 -1

107 0 0
107 1 0
107 2 0
107 3 0
107 4 0
107 5 0
107 6 0
107 7 0
107 8 0
107 9 0
107 10 0
107 11 0
107 12 0
107 13 0
107 14 0
107 15 0
107 16 0
107 17 0
107 18 0
107 19 0
107 20 0
107 21 0
107 22 0
107 23 0
107 24 0
107 25 0
107 26 0
107 27 0
107 28 0
107 29 0
107 30 0
107 31 0
107 32 0
107 33 4008
107 34 3930
107 35 3742
107 36 3614
107 37 0
107 38 -1

108 0 0
108 1 0
108 2 0
108 3 0
108 4 0
108 5 0
108 6 0
108 7 0
108 8 0
108 9 0
108 10 0
108 11 0
108 12 0
108 13 0
108 14 0
108 15 0
108 16 0
108 17 0
108 18 0
108 19 0
108 20 0
108 21 0
108 22 0
108 23 0
108 24 0
108 25 0
108 26 0
108 27 0
108 28 0
108 29 0
108 30 0
108 31 0
108 32 0
108 33 0
108 34 4080
108 35 3885
108 36 3678
108 37 0
108 38 -1

109 0 0
109 1 0
109 2 0
109 3 0
109 4 0
109 5 0
109 6 0
109 7 0
109 8 0
109 9 0
109 10 0
109 11 0
109 12 0
109 13 0
109 14 0
109 15 0
109 16 0
109 17 0
109 18 0
109 19 0
109 20 0
109 21 0
109 22 0
109 23 0
109 24 0
109 25 0
109 26 0
109 27 0
109 28 0
109 29 0
109 30 0
109 31 0
109 32 0
109 33 0
109 34 0
109 35 4039
109 36 3946
109 37 0
109 38 -1

110 0 0
110 1 0
110 2 0
110 3 0
110 4 0
110 5 0
110 6 0
110 7 0
110 8 0
110 9 0
110 10 0
110 11 0
110 12 0
110 13 0
110 14 0
110 15 0
110 16 0
110 17 0
110 18 0
110 19 0
110 20 0
110 21 0
110 22 0
110 23 0
110 24 0
110 25 0
110 26 0
110 27 0
110 28 0
110 29 0
110 30 0
110 31 0
110 32 0
110 33 0
110 34 0
110 35 0
110 36 4034
110 37 0
110 38 -1

111 0 0
111 1 0
111 2 0
111 3 0
111 4 0
111 5 0
111 6 0
111 7 0
111 8 0
111 9 0
111 10 0
111 11 0
111 12 0
111 13 0
111 14 0
111 15 0
111 16 0
111 17 0
111 18 0
111 19 0
111 20 0
111 21 0
111 22 0
111 23 0
111 24 0
111 25 0
111 26 0
111 27 0
111 28 0
111 29 0
111 30 0
111 31 0
111 32 0
111 33 0
111 34 0
111 35 0
111 36 0
111 37 4054
111 38 -1

