# qcoord = 4
# qdih = 3

0 0 -1
0 1 -1
0 2 -1
0 3 -1
0 4 -1
0 5 -1
0 6 -1
0 7 -1
0 8 -1
0 9 -1
0 10 -1
0 11 -1
0 12 -1
0 13 -1
0 14 -1
0 15 -1
0 16 -1
0 17 -1
0 18 -1
0 19 -1
0 20 -1
0 21 -1
0 22 -1
0 23 -1
0 24 -1
0 25 -1
0 26 -1
0 27 -1
0 28 -1
0 29 -1
0 30 -1
0 31 -1
0 32 -1
0 33 -1
0 34 -1
0 35 -1
0 36 -1
0 37 -1
0 38 -1

1 0 -0
1 1 -1
1 2 -1
1 3 -1
1 4 -1
1 5 -1
1 6 -1
1 7 -1
1 8 -1
1 9 -1
1 10 -1
1 11 -1
1 12 -1
1 13 -1
1 14 -1
1 15 -1
1 16 -1
1 17 -1
1 18 -1
1 19 -1
1 20 -1
1 21 -1
1 22 -1
1 23 -1
1 24 -1
1 25 -1
1 26 -1
1 27 -1
1 28 -1
1 29 -1
1 30 -1
1 31 -1
1 32 -1
1 33 -1
1 34 -1
1 35 -1
1 36 -1
1 37 -1
1 38 -1

2 0 -0
2 1 -1
2 2 -1
2 3 -1
2 4 -1
2 5 -1
2 6 -1
2 7 -1
2 8 -1
2 9 -1
2 10 -1
2 11 -1
2 12 -1
2 13 -1
2 14 -1
2 15 -1
2 16 -1
2 17 -1
2 18 -1
2 19 -1
2 20 -1
2 21 -1
2 22 -1
2 23 -1
2 24 -1
2 25 -1
2 26 -1
2 27 -1
2 28 -1
2 29 -1
2 30 -1
2 31 -1
2 32 -1
2 33 -1
2 34 -1
2 35 -1
2 36 -1
2 37 -1
2 38 -1

3 0 -0
3 1 -1
3 2 -1
3 3 -1
3 4 -1
3 5 -1
3 6 -1
3 7 -1
3 8 -1
3 9 -1
3 10 -1
3 11 -1
3 12 -1
3 13 -1
3 14 -1
3 15 -1
3 16 -1
3 17 -1
3 18 -1
3 19 -1
3 20 -1
3 21 -1
3 22 -1
3 23 -1
3 24 -1
3 25 -1
3 26 -1
3 27 -1
3 28 -1
3 29 -1
3 30 -1
3 31 -1
3 32 -1
3 33 -1
3 34 -1
3 35 -1
3 36 -1
3 37 -1
3 38 -1

4 0 -0
4 1 -1
4 2 -1
4 3 -1
4 4 -1
4 5 -1
4 6 -1
4 7 -1
4 8 -1
4 9 -1
4 10 -1
4 11 -1
4 12 -1
4 13 -1
4 14 -1
4 15 -1
4 16 -1
4 17 -1
4 18 -1
4 19 -1
4 20 -1
4 21 -1
4 22 -1
4 23 -1
4 24 -1
4 25 -1
4 26 -1
4 27 -1
4 28 -1
4 29 -1
4 30 -1
4 31 -1
4 32 -1
4 33 -1
4 34 -1
4 35 -1
4 36 -1
4 37 -1
4 38 -1

5 0 -0
5 1 -1
5 2 -1
5 3 -1
5 4 -1
5 5 -1
5 6 -1
5 7 -1
5 8 -1
5 9 -1
5 10 -1
5 11 -1
5 12 -1
5 13 -1
5 14 -1
5 15 -1
5 16 -1
5 17 -1
5 18 -1
5 19 -1
5 20 -1
5 21 -1
5 22 -1
5 23 -1
5 24 -1
5 25 -1
5 26 -1
5 27 -1
5 28 -1
5 29 -1
5 30 -1
5 31 -1
5 32 -1
5 33 -1
5 34 -1
5 35 -1
5 36 -1
5 37 -1
5 38 -1

6 0 -0
6 1 5.49306
6 2 -1
6 3 -1
6 4 -1
6 5 -1
6 6 -1
6 7 -1
6 8 -1
6 9 -1
6 10 -1
6 11 -1
6 12 -1
6 13 -1
6 14 -1
6 15 -1
6 16 -1
6 17 -1
6 18 -1
6 19 -1
6 20 -1
6 21 -1
6 22 -1
6 23 -1
6 24 -1
6 25 -1
6 26 -1
6 27 -1
6 28 -1
6 29 -1
6 30 -1
6 31 -1
6 32 -1
6 33 -1
6 34 -1
6 35 -1
6 36 -1
6 37 -1
6 38 -1

7 0 -0
7 1 5.49306
7 2 -1
7 3 -1
7 4 -1
7 5 -1
7 6 -1
7 7 -1
7 8 -1
7 9 -1
7 10 -1
7 11 -1
7 12 -1
7 13 -1
7 14 -1
7 15 -1
7 16 -1
7 17 -1
7 18 -1
7 19 -1
7 20 -1
7 21 -1
7 22 -1
7 23 -1
7 24 -1
7 25 -1
7 26 -1
7 27 -1
7 28 -1
7 29 -1
7 30 -1
7 31 -1
7 32 -1
7 33 -1
7 34 -1
7 35 -1
7 36 -1
7 37 -1
7 38 -1

8 0 -0
8 1 5.51323
8 2 -1
8 3 -1
8 4 -1
8 5 -1
8 6 -1
8 7 -1
8 8 -1
8 9 -1
8 10 -1
8 11 -1
8 12 -1
8 13 -1
8 14 -1
8 15 -1
8 16 -1
8 17 -1
8 18 -1
8 19 -1
8 20 -1
8 21 -1
8 22 -1
8 23 -1
8 24 -1
8 25 -1
8 26 -1
8 27 -1
8 28 -1
8 29 -1
8 30 -1
8 31 -1
8 32 -1
8 33 -1
8 34 -1
8 35 -1
8 36 -1
8 37 -1
8 38 -1

9 0 -0
9 1 5.53199
9 2 -1
9 3 -1
9 4 -1
9 5 -1
9 6 -1
9 7 -1
9 8 -1
9 9 -1
9 10 -1
9 11 -1
9 12 -1
9 13 -1
9 14 -1
9 15 -1
9 16 -1
9 17 -1
9 18 -1
9 19 -1
9 20 -1
9 21 -1
9 22 -1
9 23 -1
9 24 -1
9 25 -1
9 26 -1
9 27 -1
9 28 -1
9 29 -1
9 30 -1
9 31 -1
9 32 -1
9 33 -1
9 34 -1
9 35 -1
9 36 -1
9 37 -1
9 38 -1

10 0 -0
10 1 5.54879
10 2 8.7889
10 3 -1
10 4 -1
10 5 -1
10 6 -1
10 7 -1
10 8 -1
10 9 -1
10 10 -1
10 11 -1
10 12 -1
10 13 -1
10 14 -1
10 15 -1
10 16 -1
10 17 -1
10 18 -1
10 19 -1
10 20 -1
10 21 -1
10 22 -1
10 23 -1
10 24 -1
10 25 -1
10 26 -1
10 27 -1
10 28 -1
10 29 -1
10 30 -1
10 31 -1
10 32 -1
10 33 -1
10 34 -1
10 35 -1
10 36 -1
10 37 -1
10 38 -1

11 0 -0
11 1 5.56707
11 2 8.87624
11 3 -1
11 4 -1
11 5 -1
11 6 -1
11 7 -1
11 8 -1
11 9 -1
11 10 -1
11 11 -1
11 12 -1
11 13 -1
11 14 -1
11 15 -1
11 16 -1
11 17 -1
11 18 -1
11 19 -1
11 20 -1
11 21 -1
11 22 -1
11 23 -1
11 24 -1
11 25 -1
11 26 -1
11 27 -1
11 28 -1
11 29 -1
11 30 -1
11 31 -1
11 32 -1
11 33 -1
11 34 -1
11 35 -1
11 36 -1
11 37 -1
11 38 -1

12 0 -0
12 1 5.58347
12 2 8.9536
12 3 9.88751
12 4 -1
12 5 -1
12 6 -1
12 7 -1
12 8 -1
12 9 -1
12 10 -1
12 11 -1
12 12 -1
12 13 -1
12 14 -1
12 15 -1
12 16 -1
12 17 -1
12 18 -1
12 19 -1
12 20 -1
12 21 -1
12 22 -1
12 23 -1
12 24 -1
12 25 -1
12 26 -1
12 27 -1
12 28 -1
12 29 -1
12 30 -1
12 31 -1
12 32 -1
12 33 -1
12 34 -1
12 35 -1
12 36 -1
12 37 -1
12 38 -1

13 0 -0
13 1 5.60217
13 2 9.01166
13 3 9.88751
13 4 -1
13 5 -1
13 6 -1
13 7 -1
13 8 -1
13 9 -1
13 10 -1
13 11 -1
13 12 -1
13 13 -1
13 14 -1
13 15 -1
13 16 -1
13 17 -1
13 18 -1
13 19 -1
13 20 -1
13 21 -1
13 22 -1
13 23 -1
13 24 -1
13 25 -1
13 26 -1
13 27 -1
13 28 -1
13 29 -1
13 30 -1
13 31 -1
13 32 -1
13 33 -1
13 34 -1
13 35 -1
13 36 -1
13 37 -1
13 38 -1

14 0 -0
14 1 5.61752
14 2 9.08538
14 3 10.0504
14 4 -1
14 5 -1
14 6 -1
14 7 -1
14 8 -1
14 9 -1
14 10 -1
14 11 -1
14 12 -1
14 13 -1
14 14 -1
14 15 -1
14 16 -1
14 17 -1
14 18 -1
14 19 -1
14 20 -1
14 21 -1
14 22 -1
14 23 -1
14 24 -1
14 25 -1
14 26 -1
14 27 -1
14 28 -1
14 29 -1
14 30 -1
14 31 -1
14 32 -1
14 33 -1
14 34 -1
14 35 -1
14 36 -1
14 37 -1
14 38 -1

15 0 -0
15 1 5.63305
15 2 9.16284
15 3 10.3213
15 4 -1
15 5 -1
15 6 -1
15 7 -1
15 8 -1
15 9 -1
15 10 -1
15 11 -1
15 12 -1
15 13 -1
15 14 -1
15 15 -1
15 16 -1
15 17 -1
15 18 -1
15 19 -1
15 20 -1
15 21 -1
15 22 -1
15 23 -1
15 24 -1
15 25 -1
15 26 -1
15 27 -1
15 28 -1
15 29 -1
15 30 -1
15 31 -1
15 32 -1
15 33 -1
15 34 -1
15 35 -1
15 36 -1
15 37 -1
15 38 -1

16 0 -0
16 1 5.65515
16 2 9.24606
16 3 10.5783
16 4 13.1833
16 5 -1
16 6 -1
16 7 -1
16 8 -1
16 9 -1
16 10 -1
16 11 -1
16 12 -1
16 13 -1
16 14 -1
16 15 -1
16 16 -1
16 17 -1
16 18 -1
16 19 -1
16 20 -1
16 21 -1
16 22 -1
16 23 -1
16 24 -1
16 25 -1
16 26 -1
16 27 -1
16 28 -1
16 29 -1
16 30 -1
16 31 -1
16 32 -1
16 33 -1
16 34 -1
16 35 -1
16 36 -1
16 37 -1
16 38 -1

17 0 -0
17 1 5.65799
17 2 9.32141
17 3 10.7833
17 4 13.2622
17 5 -1
17 6 -1
17 7 -1
17 8 -1
17 9 -1
17 10 -1
17 11 -1
17 12 -1
17 13 -1
17 14 -1
17 15 -1
17 16 -1
17 17 -1
17 18 -1
17 19 -1
17 20 -1
17 21 -1
17 22 -1
17 23 -1
17 24 -1
17 25 -1
17 26 -1
17 27 -1
17 28 -1
17 29 -1
17 30 -1
17 31 -1
17 32 -1
17 33 -1
17 34 -1
17 35 -1
17 36 -1
17 37 -1
17 38 -1

18 0 -0
18 1 5.67715
18 2 9.3692
18 3 10.9944
18 4 13.3819
18 5 14.282
18 6 -1
18 7 -1
18 8 -1
18 9 -1
18 10 -1
18 11 -1
18 12 -1
18 13 -1
18 14 -1
18 15 -1
18 16 -1
18 17 -1
18 18 -1
18 19 -1
18 20 -1
18 21 -1
18 22 -1
18 23 -1
18 24 -1
18 25 -1
18 26 -1
18 27 -1
18 28 -1
18 29 -1
18 30 -1
18 31 -1
18 32 -1
18 33 -1
18 34 -1
18 35 -1
18 36 -1
18 37 -1
18 38 -1

19 0 -0
19 1 5.68185
19 2 9.44612
19 3 11.2055
19 4 13.5572
19 5 14.282
19 6 -1
19 7 -1
19 8 -1
19 9 -1
19 10 -1
19 11 -1
19 12 -1
19 13 -1
19 14 -1
19 15 -1
19 16 -1
19 17 -1
19 18 -1
19 19 -1
19 20 -1
19 21 -1
19 22 -1
19 23 -1
19 24 -1
19 25 -1
19 26 -1
19 27 -1
19 28 -1
19 29 -1
19 30 -1
19 31 -1
19 32 -1
19 33 -1
19 34 -1
19 35 -1
19 36 -1
19 37 -1
19 38 -1

20 0 -0
20 1 5.69714
20 2 9.50399
20 3 11.3572
20 4 13.6956
20 5 14.559
20 6 -1
20 7 -1
20 8 -1
20 9 -1
20 10 -1
20 11 -1
20 12 -1
20 13 -1
20 14 -1
20 15 -1
20 16 -1
20 17 -1
20 18 -1
20 19 -1
20 20 -1
20 21 -1
20 22 -1
20 23 -1
20 24 -1
20 25 -1
20 26 -1
20 27 -1
20 28 -1
20 29 -1
20 30 -1
20 31 -1
20 32 -1
20 33 -1
20 34 -1
20 35 -1
20 36 -1
20 37 -1
20 38 -1

21 0 -0
21 1 5.70215
21 2 9.55988
21 3 11.4927
21 4 13.9152
21 5 14.9175
21 6 -1
21 7 -1
21 8 -1
21 9 -1
21 10 -1
21 11 -1
21 12 -1
21 13 -1
21 14 -1
21 15 -1
21 16 -1
21 17 -1
21 18 -1
21 19 -1
21 20 -1
21 21 -1
21 22 -1
21 23 -1
21 24 -1
21 25 -1
21 26 -1
21 27 -1
21 28 -1
21 29 -1
21 30 -1
21 31 -1
21 32 -1
21 33 -1
21 34 -1
21 35 -1
21 36 -1
21 37 -1
21 38 -1

22 0 -0
22 1 5.69642
22 2 9.64584
22 3 11.6996
22 4 14.0941
22 5 15.2553
22 6 17.5778
22 7 -1
22 8 -1
22 9 -1
22 10 -1
22 11 -1
22 12 -1
22 13 -1
22 14 -1
22 15 -1
22 16 -1
22 17 -1
22 18 -1
22 19 -1
22 20 -1
22 21 -1
22 22 -1
22 23 -1
22 24 -1
22 25 -1
22 26 -1
22 27 -1
22 28 -1
22 29 -1
22 30 -1
22 31 -1
22 32 -1
22 33 -1
22 34 -1
22 35 -1
22 36 -1
22 37 -1
22 38 -1

23 0 -0
23 1 5.71852
23 2 9.69124
23 3 11.8113
23 4 14.2564
23 5 15.5741
23 6 17.6461
23 7 -1
23 8 -1
23 9 -1
23 10 -1
23 11 -1
23 12 -1
23 13 -1
23 14 -1
23 15 -1
23 16 -1
23 17 -1
23 18 -1
23 19 -1
23 20 -1
23 21 -1
23 22 -1
23 23 -1
23 24 -1
23 25 -1
23 26 -1
23 27 -1
23 28 -1
23 29 -1
23 30 -1
23 31 -1
23 32 -1
23 33 -1
23 34 -1
23 35 -1
23 36 -1
23 37 -1
23 38 -1

24 0 -0
24 1 5.72462
24 2 9.73241
24 3 11.8957
24 4 14.4466
24 5 15.8161
24 6 17.8165
24 7 18.6764
24 8 -1
24 9 -1
24 10 -1
24 11 -1
24 12 -1
24 13 -1
24 14 -1
24 15 -1
24 16 -1
24 17 -1
24 18 -1
24 19 -1
24 20 -1
24 21 -1
24 22 -1
24 23 -1
24 24 -1
24 25 -1
24 26 -1
24 27 -1
24 28 -1
24 29 -1
24 30 -1
24 31 -1
24 32 -1
24 33 -1
24 34 -1
24 35 -1
24 36 -1
24 37 -1
24 38 -1

25 0 -0
25 1 5.72656
25 2 9.75696
25 3 12.0451
25 4 14.6069
25 5 16.1504
25 6 18.0646
25 7 18.6764
25 8 -1
25 9 -1
25 10 -1
25 11 -1
25 12 -1
25 13 -1
25 14 -1
25 15 -1
25 16 -1
25 17 -1
25 18 -1
25 19 -1
25 20 -1
25 21 -1
25 22 -1
25 23 -1
25 24 -1
25 25 -1
25 26 -1
25 27 -1
25 28 -1
25 29 -1
25 30 -1
25 31 -1
25 32 -1
25 33 -1
25 34 -1
25 35 -1
25 36 -1
25 37 -1
25 38 -1

26 0 -0
26 1 5.73231
26 2 9.78206
26 3 12.1856
26 4 14.781
26 5 16.3537
26 6 18.333
26 7 19.1453
26 8 -1
26 9 -1
26 10 -1
26 11 -1
26 12 -1
26 13 -1
26 14 -1
26 15 -1
26 16 -1
26 17 -1
26 18 -1
26 19 -1
26 20 -1
26 21 -1
26 22 -1
26 23 -1
26 24 -1
26 25 -1
26 26 -1
26 27 -1
26 28 -1
26 29 -1
26 30 -1
26 31 -1
26 32 -1
26 33 -1
26 34 -1
26 35 -1
26 36 -1
26 37 -1
26 38 -1

27 0 -0
27 1 5.74299
27 2 9.83544
27 3 12.2821
27 4 14.9088
27 5 16.6481
27 6 18.5882
27 7 19.6291
27 8 -1
27 9 -1
27 10 -1
27 11 -1
27 12 -1
27 13 -1
27 14 -1
27 15 -1
27 16 -1
27 17 -1
27 18 -1
27 19 -1
27 20 -1
27 21 -1
27 22 -1
27 23 -1
27 24 -1
27 25 -1
27 26 -1
27 27 -1
27 28 -1
27 29 -1
27 30 -1
27 31 -1
27 32 -1
27 33 -1
27 34 -1
27 35 -1
27 36 -1
27 37 -1
27 38 -1

28 0 -0
28 1 5.75394
28 2 9.86987
28 3 12.453
28 4 15.0734
28 5 16.9008
28 6 18.9398
28 7 20.0437
28 8 21.9722
28 9 -1
28 10 -1
28 11 -1
28 12 -1
28 13 -1
28 14 -1
28 15 -1
28 16 -1
28 17 -1
28 18 -1
28 19 -1
28 20 -1
28 21 -1
28 22 -1
28 23 -1
28 24 -1
28 25 -1
28 26 -1
28 27 -1
28 28 -1
28 29 -1
28 30 -1
28 31 -1
28 32 -1
28 33 -1
28 34 -1
28 35 -1
28 36 -1
28 37 -1
28 38 -1

29 0 -0
29 1 5.75392
29 2 9.91839
29 3 12.5
29 4 15.2695
29 5 17.1058
29 6 19.1031
29 7 20.422
29 8 22.1042
29 9 -1
29 10 -1
29 11 -1
29 12 -1
29 13 -1
29 14 -1
29 15 -1
29 16 -1
29 17 -1
29 18 -1
29 19 -1
29 20 -1
29 21 -1
29 22 -1
29 23 -1
29 24 -1
29 25 -1
29 26 -1
29 27 -1
29 28 -1
29 29 -1
29 30 -1
29 31 -1
29 32 -1
29 33 -1
29 34 -1
29 35 -1
29 36 -1
29 37 -1
29 38 -1

30 0 -0
30 1 5.7552
30 2 9.96922
30 3 12.6052
30 4 15.3385
30 5 17.2678
30 6 19.3142
30 7 20.7906
30 8 22.39
30 9 23.0709
30 10 -1
30 11 -1
30 12 -1
30 13 -1
30 14 -1
30 15 -1
30 16 -1
30 17 -1
30 18 -1
30 19 -1
30 20 -1
30 21 -1
30 22 -1
30 23 -1
30 24 -1
30 25 -1
30 26 -1
30 27 -1
30 28 -1
30 29 -1
30 30 -1
30 31 -1
30 32 -1
30 33 -1
30 34 -1
30 35 -1
30 36 -1
30 37 -1
30 38 -1

31 0 -0
31 1 5.76626
31 2 9.98563
31 3 12.6275
31 4 15.5012
31 5 17.5315
31 6 19.6052
31 7 21.1503
31 8 22.7031
31 9 23.4539
31 10 -1
31 11 -1
31 12 -1
31 13 -1
31 14 -1
31 15 -1
31 16 -1
31 17 -1
31 18 -1
31 19 -1
31 20 -1
31 21 -1
31 22 -1
31 23 -1
31 24 -1
31 25 -1
31 26 -1
31 27 -1
31 28 -1
31 29 -1
31 30 -1
31 31 -1
31 32 -1
31 33 -1
31 34 -1
31 35 -1
31 36 -1
31 37 -1
31 38 -1

32 0 -0
32 1 5.78381
32 2 10.0258
32 3 12.8007
32 4 15.5397
32 5 17.5699
32 6 19.8985
32 7 21.4244
32 8 23.0051
32 9 24.0298
32 10 -1
32 11 -1
32 12 -1
32 13 -1
32 14 -1
32 15 -1
32 16 -1
32 17 -1
32 18 -1
32 19 -1
32 20 -1
32 21 -1
32 22 -1
32 23 -1
32 24 -1
32 25 -1
32 26 -1
32 27 -1
32 28 -1
32 29 -1
32 30 -1
32 31 -1
32 32 -1
32 33 -1
32 34 -1
32 35 -1
32 36 -1
32 37 -1
32 38 -1

33 0 -0
33 1 5.77189
33 2 10.0986
33 3 12.8713
33 4 15.661
33 5 17.8122
33 6 19.9997
33 7 21.7065
33 8 23.3977
33 9 24.5116
33 10 25.2681
33 11 -1
33 12 -1
33 13 -1
33 14 -1
33 15 -1
33 16 -1
33 17 -1
33 18 -1
33 19 -1
33 20 -1
33 21 -1
33 22 -1
33 23 -1
33 24 -1
33 25 -1
33 26 -1
33 27 -1
33 28 -1
33 29 -1
33 30 -1
33 31 -1
33 32 -1
33 33 -1
33 34 -1
33 35 -1
33 36 -1
33 37 -1
33 38 -1

34 0 -0
34 1 5.78009
34 2 10.1188
34 3 12.9784
34 4 15.9237
34 5 18.0045
34 6 20.2604
34 7 21.9878
34 8 23.6528
34 9 24.906
34 10 25.6922
34 11 -1
34 12 -1
34 13 -1
34 14 -1
34 15 -1
34 16 -1
34 17 -1
34 18 -1
34 19 -1
34 20 -1
34 21 -1
34 22 -1
34 23 -1
34 24 -1
34 25 -1
34 26 -1
34 27 -1
34 28 -1
34 29 -1
34 30 -1
34 31 -1
34 32 -1
34 33 -1
34 34 -1
34 35 -1
34 36 -1
34 37 -1
34 38 -1

35 0 -0
35 1 5.79085
35 2 10.158
35 3 13.0053
35 4 16.0067
35 5 18.2473
35 6 20.4548
35 7 22.2352
35 8 23.9699
35 9 25.3432
35 10 26.2153
35 11 -1
35 12 -1
35 13 -1
35 14 -1
35 15 -1
35 16 -1
35 17 -1
35 18 -1
35 19 -1
35 20 -1
35 21 -1
35 22 -1
35 23 -1
35 24 -1
35 25 -1
35 26 -1
35 27 -1
35 28 -1
35 29 -1
35 30 -1
35 31 -1
35 32 -1
35 33 -1
35 34 -1
35 35 -1
35 36 -1
35 37 -1
35 38 -1

36 0 -0
36 1 5.80635
36 2 10.1793
36 3 13.1691
36 4 16.0061
36 5 18.3826
36 6 20.6873
36 7 22.5482
36 8 24.2798
36 9 25.6871
36 10 26.7043
36 11 -1
36 12 -1
36 13 -1
36 14 -1
36 15 -1
36 16 -1
36 17 -1
36 18 -1
36 19 -1
36 20 -1
36 21 -1
36 22 -1
36 23 -1
36 24 -1
36 25 -1
36 26 -1
36 27 -1
36 28 -1
36 29 -1
36 30 -1
36 31 -1
36 32 -1
36 33 -1
36 34 -1
36 35 -1
36 36 -1
36 37 -1
36 38 -1

37 0 -0
37 1 5.81692
37 2 10.205
37 3 13.1821
37 4 16.1769
37 5 18.2677
37 6 20.8679
37 7 22.8056
37 8 24.5437
37 9 25.9635
37 10 27.1435
37 11 28.5639
37 12 -1
37 13 -1
37 14 -1
37 15 -1
37 16 -1
37 17 -1
37 18 -1
37 19 -1
37 20 -1
37 21 -1
37 22 -1
37 23 -1
37 24 -1
37 25 -1
37 26 -1
37 27 -1
37 28 -1
37 29 -1
37 30 -1
37 31 -1
37 32 -1
37 33 -1
37 34 -1
37 35 -1
37 36 -1
37 37 -1
37 38 -1

38 0 -0
38 1 5.8042
38 2 10.233
38 3 13.2653
38 4 16.2903
38 5 18.6972
38 6 20.9654
38 7 22.9936
38 8 24.8508
38 9 26.3393
38 10 27.5288
38 11 28.8085
38 12 -1
38 13 -1
38 14 -1
38 15 -1
38 16 -1
38 17 -1
38 18 -1
38 19 -1
38 20 -1
38 21 -1
38 22 -1
38 23 -1
38 24 -1
38 25 -1
38 26 -1
38 27 -1
38 28 -1
38 29 -1
38 30 -1
38 31 -1
38 32 -1
38 33 -1
38 34 -1
38 35 -1
38 36 -1
38 37 -1
38 38 -1

39 0 -0
39 1 5.81855
39 2 10.2725
39 3 13.4307
39 4 16.3302
39 5 18.7186
39 6 21.1075
39 7 23.2663
39 8 25.0401
39 9 26.6234
39 10 27.8793
39 11 29.1262
39 12 29.6625
39 13 -1
39 14 -1
39 15 -1
39 16 -1
39 17 -1
39 18 -1
39 19 -1
39 20 -1
39 21 -1
39 22 -1
39 23 -1
39 24 -1
39 25 -1
39 26 -1
39 27 -1
39 28 -1
39 29 -1
39 30 -1
39 31 -1
39 32 -1
39 33 -1
39 34 -1
39 35 -1
39 36 -1
39 37 -1
39 38 -1

40 0 -0
40 1 5.81976
40 2 10.3114
40 3 13.4364
40 4 16.5479
40 5 18.8833
40 6 21.3852
40 7 23.49
40 8 25.3056
40 9 26.9243
40 10 28.2365
40 11 29.4813
40 12 30.0065
40 13 -1
40 14 -1
40 15 -1
40 16 -1
40 17 -1
40 18 -1
40 19 -1
40 20 -1
40 21 -1
40 22 -1
40 23 -1
40 24 -1
40 25 -1
40 26 -1
40 27 -1
40 28 -1
40 29 -1
40 30 -1
40 31 -1
40 32 -1
40 33 -1
40 34 -1
40 35 -1
40 36 -1
40 37 -1
40 38 -1

41 0 -0
41 1 5.84172
41 2 10.2972
41 3 13.3977
41 4 16.5801
41 5 19.1967
41 6 21.5063
41 7 23.711
41 8 25.497
41 9 27.2171
41 10 28.6162
41 11 29.8069
41 12 30.5114
41 13 -1
41 14 -1
41 15 -1
41 16 -1
41 17 -1
41 18 -1
41 19 -1
41 20 -1
41 21 -1
41 22 -1
41 23 -1
41 24 -1
41 25 -1
41 26 -1
41 27 -1
41 28 -1
41 29 -1
41 30 -1
41 31 -1
41 32 -1
41 33 -1
41 34 -1
41 35 -1
41 36 -1
41 37 -1
41 38 -1

42 0 -0
42 1 5.85297
42 2 10.3395
42 3 13.4681
42 4 16.6362
42 5 19.2322
42 6 21.7208
42 7 23.8306
42 8 25.7547
42 9 27.6145
42 10 28.8799
42 11 30.1664
42 12 30.982
42 13 31.8598
42 14 -1
42 15 -1
42 16 -1
42 17 -1
42 18 -1
42 19 -1
42 20 -1
42 21 -1
42 22 -1
42 23 -1
42 24 -1
42 25 -1
42 26 -1
42 27 -1
42 28 -1
42 29 -1
42 30 -1
42 31 -1
42 32 -1
42 33 -1
42 34 -1
42 35 -1
42 36 -1
42 37 -1
42 38 -1

43 0 -0
43 1 5.85481
43 2 10.3945
43 3 13.4694
43 4 16.6996
43 5 19.2499
43 6 21.9738
43 7 23.9724
43 8 26.0752
43 9 27.7102
43 10 29.2046
43 11 30.462
43 12 31.4223
43 13 32.3547
43 14 -1
43 15 -1
43 16 -1
43 17 -1
43 18 -1
43 19 -1
43 20 -1
43 21 -1
43 22 -1
43 23 -1
43 24 -1
43 25 -1
43 26 -1
43 27 -1
43 28 -1
43 29 -1
43 30 -1
43 31 -1
43 32 -1
43 33 -1
43 34 -1
43 35 -1
43 36 -1
43 37 -1
43 38 -1

44 0 -0
44 1 5.86711
44 2 10.44
44 3 13.5655
44 4 16.7852
44 5 19.2041
44 6 22.0701
44 7 24.2735
44 8 26.1423
44 9 27.9957
44 10 29.4703
44 11 30.796
44 12 31.879
44 13 32.8042
44 14 -1
44 15 -1
44 16 -1
44 17 -1
44 18 -1
44 19 -1
44 20 -1
44 21 -1
44 22 -1
44 23 -1
44 24 -1
44 25 -1
44 26 -1
44 27 -1
44 28 -1
44 29 -1
44 30 -1
44 31 -1
44 32 -1
44 33 -1
44 34 -1
44 35 -1
44 36 -1
44 37 -1
44 38 -1

45 0 -0
45 1 5.84424
45 2 10.4389
45 3 13.67
45 4 16.9779
45 5 19.7711
45 6 22.103
45 7 24.7089
45 8 26.5601
45 9 28.2384
45 10 29.7895
45 11 31.1873
45 12 32.3084
45 13 33.2412
45 14 34.057
45 15 -1
45 16 -1
45 17 -1
45 18 -1
45 19 -1
45 20 -1
45 21 -1
45 22 -1
45 23 -1
45 24 -1
45 25 -1
45 26 -1
45 27 -1
45 28 -1
45 29 -1
45 30 -1
45 31 -1
45 32 -1
45 33 -1
45 34 -1
45 35 -1
45 36 -1
45 37 -1
45 38 -1

46 0 -0
46 1 5.87658
46 2 10.4615
46 3 13.8939
46 4 16.9373
46 5 19.8001
46 6 22.266
46 7 24.2751
46 8 26.8293
46 9 28.5783
46 10 30.1069
46 11 31.5266
46 12 32.5912
46 13 33.656
46 14 34.5164
46 15 -1
46 16 -1
46 17 -1
46 18 -1
46 19 -1
46 20 -1
46 21 -1
46 22 -1
46 23 -1
46 24 -1
46 25 -1
46 26 -1
46 27 -1
46 28 -1
46 29 -1
46 30 -1
46 31 -1
46 32 -1
46 33 -1
46 34 -1
46 35 -1
46 36 -1
46 37 -1
46 38 -1

47 0 -0
47 1 5.89378
47 2 10.474
47 3 14.0194
47 4 16.9967
47 5 19.9977
47 6 22.4708
47 7 24.7894
47 8 27.0989
47 9 28.796
47 10 30.5272
47 11 31.8546
47 12 32.9578
47 13 34.0736
47 14 34.9398
47 15 -1
47 16 -1
47 17 -1
47 18 -1
47 19 -1
47 20 -1
47 21 -1
47 22 -1
47 23 -1
47 24 -1
47 25 -1
47 26 -1
47 27 -1
47 28 -1
47 29 -1
47 30 -1
47 31 -1
47 32 -1
47 33 -1
47 34 -1
47 35 -1
47 36 -1
47 37 -1
47 38 -1

48 0 -0
48 1 5.87173
48 2 10.5381
48 3 13.9258
48 4 17.1473
48 5 19.595
48 6 22.5982
48 7 24.7873
48 8 27.1998
48 9 29.0372
48 10 30.7434
48 11 32.1342
48 12 33.282
48 13 34.4948
48 14 35.3904
48 15 36.2542
48 16 -1
48 17 -1
48 18 -1
48 19 -1
48 20 -1
48 21 -1
48 22 -1
48 23 -1
48 24 -1
48 25 -1
48 26 -1
48 27 -1
48 28 -1
48 29 -1
48 30 -1
48 31 -1
48 32 -1
48 33 -1
48 34 -1
48 35 -1
48 36 -1
48 37 -1
48 38 -1

49 0 -0
49 1 5.89891
49 2 10.5275
49 3 14.0754
49 4 17.3449
49 5 19.9607
49 6 22.5039
49 7 25.0102
49 8 27.3144
49 9 28.9216
49 10 31.0391
49 11 32.4505
49 12 33.627
49 13 34.8835
49 14 35.8161
49 15 36.6546
49 16 -1
49 17 -1
49 18 -1
49 19 -1
49 20 -1
49 21 -1
49 22 -1
49 23 -1
49 24 -1
49 25 -1
49 26 -1
49 27 -1
49 28 -1
49 29 -1
49 30 -1
49 31 -1
49 32 -1
49 33 -1
49 34 -1
49 35 -1
49 36 -1
49 37 -1
49 38 -1

50 0 -0
50 1 5.91244
50 2 10.5639
50 3 14.1821
50 4 17.2531
50 5 20.3283
50 6 23.0029
50 7 25.0543
50 8 27.5088
50 9 29.2828
50 10 31.3426
50 11 32.7007
50 12 34.1644
50 13 35.2478
50 14 36.2434
50 15 37.1231
50 16 -1
50 17 -1
50 18 -1
50 19 -1
50 20 -1
50 21 -1
50 22 -1
50 23 -1
50 24 -1
50 25 -1
50 26 -1
50 27 -1
50 28 -1
50 29 -1
50 30 -1
50 31 -1
50 32 -1
50 33 -1
50 34 -1
50 35 -1
50 36 -1
50 37 -1
50 38 -1

51 0 -0
51 1 5.90788
51 2 10.6271
51 3 14.0442
51 4 17.3817
51 5 20.4021
51 6 23.1378
51 7 25.4904
51 8 27.4628
51 9 29.6136
51 10 31.3561
51 11 32.9489
51 12 34.429
51 13 35.5525
51 14 36.6363
51 15 37.6012
51 16 38.4514
51 17 -1
51 18 -1
51 19 -1
51 20 -1
51 21 -1
51 22 -1
51 23 -1
51 24 -1
51 25 -1
51 26 -1
51 27 -1
51 28 -1
51 29 -1
51 30 -1
51 31 -1
51 32 -1
51 33 -1
51 34 -1
51 35 -1
51 36 -1
51 37 -1
51 38 -1

52 0 -0
52 1 5.94399
52 2 10.5933
52 3 14.1018
52 4 17.3441
52 5 20.2782
52 6 23.0618
52 7 25.5888
52 8 27.9028
52 9 29.6616
52 10 31.7616
52 11 33.3805
52 12 34.6502
52 13 35.9265
52 14 37.0736
52 15 38.0127
52 16 38.9805
52 17 -1
52 18 -1
52 19 -1
52 20 -1
52 21 -1
52 22 -1
52 23 -1
52 24 -1
52 25 -1
52 26 -1
52 27 -1
52 28 -1
52 29 -1
52 30 -1
52 31 -1
52 32 -1
52 33 -1
52 34 -1
52 35 -1
52 36 -1
52 37 -1
52 38 -1

53 0 -0
53 1 5.93702
53 2 10.6723
53 3 14.1433
53 4 17.5487
53 5 20.3652
53 6 23.234
53 7 25.8208
53 8 28.1604
53 9 30.0006
53 10 32.0291
53 11 33.7159
53 12 35.1048
53 13 36.4035
53 14 37.4628
53 15 38.4638
53 16 39.4198
53 17 -1
53 18 -1
53 19 -1
53 20 -1
53 21 -1
53 22 -1
53 23 -1
53 24 -1
53 25 -1
53 26 -1
53 27 -1
53 28 -1
53 29 -1
53 30 -1
53 31 -1
53 32 -1
53 33 -1
53 34 -1
53 35 -1
53 36 -1
53 37 -1
53 38 -1

54 0 -0
54 1 5.94465
54 2 10.6786
54 3 14.2687
54 4 17.5859
54 5 20.524
54 6 23.2444
54 7 25.8257
54 8 27.9972
54 9 30.3018
54 10 32.3627
54 11 33.9566
54 12 35.244
54 13 36.8812
54 14 37.8536
54 15 38.8685
54 16 39.846
54 17 40.6487
54 18 -1
54 19 -1
54 20 -1
54 21 -1
54 22 -1
54 23 -1
54 24 -1
54 25 -1
54 26 -1
54 27 -1
54 28 -1
54 29 -1
54 30 -1
54 31 -1
54 32 -1
54 33 -1
54 34 -1
54 35 -1
54 36 -1
54 37 -1
54 38 -1

55 0 -0
55 1 5.96792
55 2 10.6417
55 3 14.1611
55 4 17.5355
55 5 20.6906
55 6 23.5996
55 7 26.1671
55 8 28.4656
55 9 30.0994
55 10 32.4893
55 11 34.0868
55 12 35.7043
55 13 37.1439
55 14 38.3139
55 15 39.3988
55 16 40.2974
55 17 41.0493
55 18 -1
55 19 -1
55 20 -1
55 21 -1
55 22 -1
55 23 -1
55 24 -1
55 25 -1
55 26 -1
55 27 -1
55 28 -1
55 29 -1
55 30 -1
55 31 -1
55 32 -1
55 33 -1
55 34 -1
55 35 -1
55 36 -1
55 37 -1
55 38 -1

56 0 -0
56 1 5.96762
56 2 10.6962
56 3 14.2429
56 4 17.6371
56 5 21.1078
56 6 23.6252
56 7 26.0678
56 8 28.2154
56 9 30.7397
56 10 32.6715
56 11 34.6258
56 12 36.0082
56 13 37.3828
56 14 38.5314
56 15 39.8557
56 16 40.7768
56 17 41.5515
56 18 -1
56 19 -1
56 20 -1
56 21 -1
56 22 -1
56 23 -1
56 24 -1
56 25 -1
56 26 -1
56 27 -1
56 28 -1
56 29 -1
56 30 -1
56 31 -1
56 32 -1
56 33 -1
56 34 -1
56 35 -1
56 36 -1
56 37 -1
56 38 -1

57 0 -0
57 1 5.93159
57 2 10.709
57 3 14.3361
57 4 17.679
57 5 20.4361
57 6 23.6645
57 7 26.3781
57 8 28.5684
57 9 30.6733
57 10 32.9039
57 11 35.0304
57 12 36.2612
57 13 37.9251
57 14 39.1399
57 15 40.2443
57 16 41.2426
57 17 42.091
57 18 42.8459
57 19 -1
57 20 -1
57 21 -1
57 22 -1
57 23 -1
57 24 -1
57 25 -1
57 26 -1
57 27 -1
57 28 -1
57 29 -1
57 30 -1
57 31 -1
57 32 -1
57 33 -1
57 34 -1
57 35 -1
57 36 -1
57 37 -1
57 38 -1

58 0 -0
58 1 5.9469
58 2 10.7505
58 3 14.4539
58 4 17.8989
58 5 20.6761
58 6 23.5334
58 7 26.4226
58 8 28.8002
58 9 31.3348
58 10 33.2757
58 11 34.9189
58 12 36.6179
58 13 38.0682
58 14 39.4941
58 15 40.6834
58 16 41.7202
58 17 42.6011
58 18 43.3935
58 19 -1
58 20 -1
58 21 -1
58 22 -1
58 23 -1
58 24 -1
58 25 -1
58 26 -1
58 27 -1
58 28 -1
58 29 -1
58 30 -1
58 31 -1
58 32 -1
58 33 -1
58 34 -1
58 35 -1
58 36 -1
58 37 -1
58 38 -1

59 0 -0
59 1 5.97261
59 2 10.8306
59 3 14.4172
59 4 17.9944
59 5 20.9039
59 6 23.7908
59 7 26.802
59 8 28.9642
59 9 31.3175
59 10 33.3466
59 11 35.0021
59 12 36.7365
59 13 38.2595
59 14 39.9994
59 15 41.1713
59 16 42.1337
59 17 43.0784
59 18 43.9031
59 19 -1
59 20 -1
59 21 -1
59 22 -1
59 23 -1
59 24 -1
59 25 -1
59 26 -1
59 27 -1
59 28 -1
59 29 -1
59 30 -1
59 31 -1
59 32 -1
59 33 -1
59 34 -1
59 35 -1
59 36 -1
59 37 -1
59 38 -1

60 0 -0
60 1 5.98627
60 2 10.8191
60 3 14.5493
60 4 18.2148
60 5 21.4228
60 6 24.1196
60 7 26.0894
60 8 29.2025
60 9 31.3841
60 10 33.788
60 11 35.4747
60 12 36.8027
60 13 38.5461
60 14 40.1605
60 15 41.403
60 16 42.5813
60 17 43.6423
60 18 44.4284
60 19 45.0431
60 20 -1
60 21 -1
60 22 -1
60 23 -1
60 24 -1
60 25 -1
60 26 -1
60 27 -1
60 28 -1
60 29 -1
60 30 -1
60 31 -1
60 32 -1
60 33 -1
60 34 -1
60 35 -1
60 36 -1
60 37 -1
60 38 -1

61 0 -0
61 1 5.97283
61 2 10.8288
61 3 14.5858
61 4 18.026
61 5 21.5895
61 6 23.7382
61 7 26.758
61 8 28.8369
61 9 31.4141
61 10 33.9648
61 11 35.8308
61 12 37.7021
61 13 39.0584
61 14 40.5583
61 15 41.7429
61 16 43.0401
61 17 43.977
61 18 44.9231
61 19 45.6043
61 20 -1
61 21 -1
61 22 -1
61 23 -1
61 24 -1
61 25 -1
61 26 -1
61 27 -1
61 28 -1
61 29 -1
61 30 -1
61 31 -1
61 32 -1
61 33 -1
61 34 -1
61 35 -1
61 36 -1
61 37 -1
61 38 -1

62 0 -0
62 1 6.00377
62 2 10.8351
62 3 14.6097
62 4 18.0214
62 5 21.5354
62 6 24.3286
62 7 26.8375
62 8 29.5001
62 9 31.2014
62 10 33.8558
62 11 36.0349
62 12 37.1813
62 13 39.5957
62 14 40.5995
62 15 42.2048
62 16 43.3462
62 17 44.4631
62 18 45.4529
62 19 46.1679
62 20 -1
62 21 -1
62 22 -1
62 23 -1
62 24 -1
62 25 -1
62 26 -1
62 27 -1
62 28 -1
62 29 -1
62 30 -1
62 31 -1
62 32 -1
62 33 -1
62 34 -1
62 35 -1
62 36 -1
62 37 -1
62 38 -1

63 0 -0
63 1 5.99149
63 2 10.8746
63 3 14.5519
63 4 18.0989
63 5 21.3395
63 6 24.2036
63 7 27.1865
63 8 30.0214
63 9 31.6428
63 10 34.4759
63 11 36.4271
63 12 37.9813
63 13 39.4659
63 14 41.1847
63 15 42.8436
63 16 43.7951
63 17 44.9927
63 18 45.9219
63 19 46.7092
63 20 47.2403
63 21 -1
63 22 -1
63 23 -1
63 24 -1
63 25 -1
63 26 -1
63 27 -1
63 28 -1
63 29 -1
63 30 -1
63 31 -1
63 32 -1
63 33 -1
63 34 -1
63 35 -1
63 36 -1
63 37 -1
63 38 -1

64 0 -0
64 1 6.0254
64 2 10.8718
64 3 14.6064
64 4 18.1133
64 5 21.4453
64 6 24.8049
64 7 27.5391
64 8 29.9363
64 9 31.8641
64 10 34.5342
64 11 36.6851
64 12 38.2212
64 13 39.9451
64 14 41.6901
64 15 43.1901
64 16 44.3873
64 17 45.4051
64 18 46.4274
64 19 47.2292
64 20 47.8858
64 21 -1
64 22 -1
64 23 -1
64 24 -1
64 25 -1
64 26 -1
64 27 -1
64 28 -1
64 29 -1
64 30 -1
64 31 -1
64 32 -1
64 33 -1
64 34 -1
64 35 -1
64 36 -1
64 37 -1
64 38 -1

65 0 -0
65 1 6.01521
65 2 10.9048
65 3 14.8252
65 4 18.5051
65 5 21.4409
65 6 24.0714
65 7 27.9519
65 8 29.9676
65 9 32.3121
65 10 33.9136
65 11 36.5616
65 12 38.532
65 13 40.7778
65 14 41.7843
65 15 43.2847
65 16 44.5306
65 17 45.6818
65 18 46.8405
65 19 47.6902
65 20 48.479
65 21 -1
65 22 -1
65 23 -1
65 24 -1
65 25 -1
65 26 -1
65 27 -1
65 28 -1
65 29 -1
65 30 -1
65 31 -1
65 32 -1
65 33 -1
65 34 -1
65 35 -1
65 36 -1
65 37 -1
65 38 -1

66 0 -0
66 1 6.02317
66 2 11.0107
66 3 14.8394
66 4 18.398
66 5 21.3884
66 6 24.6369
66 7 27.7498
66 8 30.2128
66 9 32.9209
66 10 34.7318
66 11 37.0861
66 12 38.7695
66 13 40.2119
66 14 42.1506
66 15 43.6525
66 16 45.0891
66 17 46.2449
66 18 47.268
66 19 48.2079
66 20 49.0119
66 21 49.4376
66 22 -1
66 23 -1
66 24 -1
66 25 -1
66 26 -1
66 27 -1
66 28 -1
66 29 -1
66 30 -1
66 31 -1
66 32 -1
66 33 -1
66 34 -1
66 35 -1
66 36 -1
66 37 -1
66 38 -1

67 0 -0
67 1 6.03268
67 2 10.9695
67 3 14.8582
67 4 18.6039
67 5 21.5435
67 6 24.9299
67 7 27.9784
67 8 30.4284
67 9 32.9407
67 10 34.9628
67 11 36.8969
67 12 38.9503
67 13 40.678
67 14 42.4098
67 15 43.7378
67 16 45.2021
67 17 46.4849
67 18 47.6347
67 19 48.6966
67 20 49.4804
67 21 50.1285
67 22 -1
67 23 -1
67 24 -1
67 25 -1
67 26 -1
67 27 -1
67 28 -1
67 29 -1
67 30 -1
67 31 -1
67 32 -1
67 33 -1
67 34 -1
67 35 -1
67 36 -1
67 37 -1
67 38 -1

68 0 -0
68 1 6.03934
68 2 10.9799
68 3 15.0221
68 4 18.4371
68 5 21.9048
68 6 24.8421
68 7 27.5255
68 8 30.2384
68 9 32.3111
68 10 34.1324
68 11 37.2361
68 12 38.9432
68 13 41.4066
68 14 42.7591
68 15 44.0622
68 16 45.4518
68 17 47.0369
68 18 48.1788
68 19 49.0955
68 20 49.9617
68 21 50.649
68 22 -1
68 23 -1
68 24 -1
68 25 -1
68 26 -1
68 27 -1
68 28 -1
68 29 -1
68 30 -1
68 31 -1
68 32 -1
68 33 -1
68 34 -1
68 35 -1
68 36 -1
68 37 -1
68 38 -1

69 0 -0
69 1 6.03781
69 2 10.9988
69 3 15.0143
69 4 18.5772
69 5 21.4335
69 6 25.2184
69 7 27.3477
69 8 31.1023
69 9 33.5136
69 10 34.9491
69 11 37.3122
69 12 38.9766
69 13 40.5144
69 14 42.2761
69 15 44.535
69 16 46.0962
69 17 47.0828
69 18 48.487
69 19 49.5084
69 20 50.4058
69 21 51.1683
69 22 51.6348
69 23 -1
69 24 -1
69 25 -1
69 26 -1
69 27 -1
69 28 -1
69 29 -1
69 30 -1
69 31 -1
69 32 -1
69 33 -1
69 34 -1
69 35 -1
69 36 -1
69 37 -1
69 38 -1

70 0 -0
70 1 6.06965
70 2 10.9724
70 3 14.9232
70 4 18.4424
70 5 22.3731
70 6 25.1647
70 7 28.1545
70 8 30.3036
70 9 33.3016
70 10 36.3488
70 11 37.799
70 12 39.1095
70 13 41.8809
70 14 43.4259
70 15 44.8178
70 16 45.9328
70 17 47.488
70 18 48.9011
70 19 49.8737
70 20 50.7828
70 21 51.6239
70 22 52.1964
70 23 -1
70 24 -1
70 25 -1
70 26 -1
70 27 -1
70 28 -1
70 29 -1
70 30 -1
70 31 -1
70 32 -1
70 33 -1
70 34 -1
70 35 -1
70 36 -1
70 37 -1
70 38 -1

71 0 -0
71 1 6.0712
71 2 11.0802
71 3 14.882
71 4 18.5853
71 5 22.2195
71 6 25.2751
71 7 28.0581
71 8 30.3516
71 9 33.5285
71 10 36.1729
71 11 37.4701
71 12 39.6038
71 13 42.1606
71 14 43.8506
71 15 45.4702
71 16 46.8162
71 17 47.5716
71 18 49.2035
71 19 50.3274
71 20 51.3241
71 21 52.0964
71 22 52.7535
71 23 -1
71 24 -1
71 25 -1
71 26 -1
71 27 -1
71 28 -1
71 29 -1
71 30 -1
71 31 -1
71 32 -1
71 33 -1
71 34 -1
71 35 -1
71 36 -1
71 37 -1
71 38 -1

72 0 -0
72 1 6.06733
72 2 11.1222
72 3 15.1036
72 4 18.6984
72 5 22.4986
72 6 25.6635
72 7 28.6374
72 8 30.6701
72 9 33.6203
72 10 35.8387
72 11 37.3428
72 12 40.3573
72 13 40.8468
72 14 44.2336
72 15 45.5561
72 16 47.1803
72 17 48.4291
72 18 49.7028
72 19 50.8036
72 20 51.7189
72 21 52.5192
72 22 53.2709
72 23 53.832
72 24 -1
72 25 -1
72 26 -1
72 27 -1
72 28 -1
72 29 -1
72 30 -1
72 31 -1
72 32 -1
72 33 -1
72 34 -1
72 35 -1
72 36 -1
72 37 -1
72 38 -1

73 0 -0
73 1 6.07512
73 2 11.0979
73 3 15.0936
73 4 18.7669
73 5 22.3878
73 6 25.8549
73 7 28.1199
73 8 30.5551
73 9 33.3931
73 10 36.1625
73 11 37.9966
73 12 40.5306
73 13 42.4397
73 14 43.0003
73 15 45.9696
73 16 47.2425
73 17 48.7119
73 18 50.0585
73 19 51.1099
73 20 51.9952
73 21 52.9501
73 22 53.7419
73 23 54.4237
73 24 -1
73 25 -1
73 26 -1
73 27 -1
73 28 -1
73 29 -1
73 30 -1
73 31 -1
73 32 -1
73 33 -1
73 34 -1
73 35 -1
73 36 -1
73 37 -1
73 38 -1

74 0 -0
74 1 6.10036
74 2 11.1452
74 3 15.1839
74 4 18.7172
74 5 22.3302
74 6 24.8537
74 7 28.6405
74 8 31.6941
74 9 34.3648
74 10 36.4386
74 11 38.5307
74 12 40.9058
74 13 42.861
74 14 43.2737
74 15 45.9701
74 16 47.6213
74 17 48.8736
74 18 50.2484
74 19 51.4334
74 20 52.4707
74 21 53.3836
74 22 54.1846
74 23 54.8952
74 24 -1
74 25 -1
74 26 -1
74 27 -1
74 28 -1
74 29 -1
74 30 -1
74 31 -1
74 32 -1
74 33 -1
74 34 -1
74 35 -1
74 36 -1
74 37 -1
74 38 -1

75 0 -0
75 1 6.10885
75 2 11.1515
75 3 15.1357
75 4 18.854
75 5 21.6735
75 6 24.9789
75 7 29.2414
75 8 30.9937
75 9 33.1579
75 10 35.9939
75 11 38.4262
75 12 41.0379
75 13 43.035
75 14 44.9178
75 15 45.4867
75 16 47.784
75 17 49.4949
75 18 50.6136
75 19 51.7988
75 20 52.8836
75 21 53.8708
75 22 54.6664
75 23 55.3963
75 24 56.0292
75 25 -1
75 26 -1
75 27 -1
75 28 -1
75 29 -1
75 30 -1
75 31 -1
75 32 -1
75 33 -1
75 34 -1
75 35 -1
75 36 -1
75 37 -1
75 38 -1

76 0 -0
76 1 6.08803
76 2 11.1876
76 3 15.4774
76 4 18.8493
76 5 22.649
76 6 25.7989
76 7 28.3137
76 8 30.4308
76 9 34.527
76 10 36.843
76 11 38.2628
76 12 40.4785
76 13 43.0966
76 14 45.3697
76 15 46.1487
76 16 48.4611
76 17 49.5285
76 18 51.2106
76 19 52.4422
76 20 53.3683
76 21 54.2594
76 22 55.1269
76 23 55.9028
76 24 56.5331
76 25 -1
76 26 -1
76 27 -1
76 28 -1
76 29 -1
76 30 -1
76 31 -1
76 32 -1
76 33 -1
76 34 -1
76 35 -1
76 36 -1
76 37 -1
76 38 -1

77 0 -0
77 1 6.10804
77 2 11.1883
77 3 15.3213
77 4 18.9723
77 5 22.6723
77 6 25.4477
77 7 28.5318
77 8 31.0909
77 9 34.5855
77 10 36.6653
77 11 38.7246
77 12 40.7945
77 13 42.7154
77 14 45.502
77 15 46.851
77 16 48.8564
77 17 50.1431
77 18 51.1196
77 19 52.6717
77 20 53.7491
77 21 54.7656
77 22 55.5152
77 23 56.3927
77 24 57.0303
77 25 -1
77 26 -1
77 27 -1
77 28 -1
77 29 -1
77 30 -1
77 31 -1
77 32 -1
77 33 -1
77 34 -1
77 35 -1
77 36 -1
77 37 -1
77 38 -1

78 0 -0
78 1 6.10924
78 2 11.1523
78 3 15.3055
78 4 19.0747
78 5 21.8396
78 6 26.0805
78 7 28.6746
78 8 31.82
78 9 34.4936
78 10 36.2814
78 11 38.8939
78 12 41.8302
78 13 44.0016
78 14 44.9688
78 15 47.1023
78 16 48.5037
78 17 50.4731
78 18 51.4169
78 19 52.721
78 20 54.0772
78 21 55.064
78 22 56.0204
78 23 56.8677
78 24 57.5316
78 25 58.2265
78 26 -1
78 27 -1
78 28 -1
78 29 -1
78 30 -1
78 31 -1
78 32 -1
78 33 -1
78 34 -1
78 35 -1
78 36 -1
78 37 -1
78 38 -1

79 0 -0
79 1 6.10769
79 2 11.1957
79 3 15.2889
79 4 19.3624
79 5 22.8909
79 6 25.6276
79 7 28.7469
79 8 31.5371
79 9 34.7484
79 10 36.3602
79 11 36.7656
79 12 41.2242
79 13 44.3531
79 14 46.122
79 15 46.6289
79 16 49.2836
79 17 50.7923
79 18 52.2854
79 19 53.1221
79 20 54.2955
79 21 55.509
79 22 56.5354
79 23 57.3195
79 24 58.0592
79 25 58.7279
79 26 -1
79 27 -1
79 28 -1
79 29 -1
79 30 -1
79 31 -1
79 32 -1
79 33 -1
79 34 -1
79 35 -1
79 36 -1
79 37 -1
79 38 -1

80 0 -0
80 1 6.11014
80 2 11.2334
80 3 15.3943
80 4 19.3123
80 5 22.8468
80 6 26.0851
80 7 29.0787
80 8 31.7574
80 9 34.1352
80 10 37.7591
80 11 39.2603
80 12 41.9565
80 13 44.0034
80 14 45.5747
80 15 47.4721
80 16 49.2193
80 17 50.8799
80 18 52.2684
80 19 53.7451
80 20 54.7173
80 21 56.012
80 22 56.8529
80 23 57.8436
80 24 58.5806
80 25 59.2018
80 26 -1
80 27 -1
80 28 -1
80 29 -1
80 30 -1
80 31 -1
80 32 -1
80 33 -1
80 34 -1
80 35 -1
80 36 -1
80 37 -1
80 38 -1

81 0 -0
81 1 6.15396
81 2 11.215
81 3 15.3437
81 4 19.4155
81 5 22.9631
81 6 26.4119
81 7 28.4967
81 8 31.6985
81 9 34.9425
81 10 37.0824
81 11 36.7616
81 12 41.0261
81 13 44.2981
81 14 47.2164
81 15 47.3019
81 16 49.6941
81 17 51.1293
81 18 52.5847
81 19 53.8896
81 20 55.2827
81 21 56.2454
81 22 57.4107
81 23 58.266
81 24 59.0729
81 25 59.7274
81 26 60.4237
81 27 -1
81 28 -1
81 29 -1
81 30 -1
81 31 -1
81 32 -1
81 33 -1
81 34 -1
81 35 -1
81 36 -1
81 37 -1
81 38 -1

82 0 -1
82 1 6.14355
82 2 11.3321
82 3 15.7278
82 4 18.9738
82 5 22.9506
82 6 26.1967
82 7 29.1446
82 8 32.0204
82 9 33.3915
82 10 36.558
82 11 40.2411
82 12 41.6382
82 13 43.2089
82 14 46.0403
82 15 48.0938
82 16 50.1759
82 17 51.3338
82 18 53.2369
82 19 54.2099
82 20 55.7551
82 21 56.806
82 22 57.5549
82 23 58.7046
82 24 59.5341
82 25 60.2324
82 26 60.9089
82 27 -1
82 28 -1
82 29 -1
82 30 -1
82 31 -1
82 32 -1
82 33 -1
82 34 -1
82 35 -1
82 36 -1
82 37 -1
82 38 -1

83 0 -1
83 1 -1
83 2 11.2847
83 3 15.6044
83 4 19.5056
83 5 22.7278
83 6 26.2601
83 7 29.8267
83 8 32.0195
83 9 34.429
83 10 37.2262
83 11 40.299
83 12 42.2738
83 13 44.4768
83 14 46.6756
83 15 48.9597
83 16 50.4749
83 17 51.8461
83 18 52.4855
83 19 54.2814
83 20 55.8116
83 21 56.9559
83 22 58.2767
83 23 59.182
83 24 60.0405
83 25 60.7664
83 26 61.4413
83 27 -1
83 28 -1
83 29 -1
83 30 -1
83 31 -1
83 32 -1
83 33 -1
83 34 -1
83 35 -1
83 36 -1
83 37 -1
83 38 -1

84 0 -1
84 1 -1
84 2 -1
84 3 15.482
84 4 19.5607
84 5 23.2321
84 6 25.6759
84 7 30.2398
84 8 32.7418
84 9 35.3614
84 10 38.4691
84 11 40.3391
84 12 40.9875
84 13 43.5813
84 14 46.0449
84 15 48.3105
84 16 49.8348
84 17 51.4652
84 18 53.2445
84 19 54.6405
84 20 56.4015
84 21 57.6552
84 22 58.7652
84 23 59.5491
84 24 60.4591
84 25 61.3198
84 26 61.9358
84 27 62.6209
84 28 -1
84 29 -1
84 30 -1
84 31 -1
84 32 -1
84 33 -1
84 34 -1
84 35 -1
84 36 -1
84 37 -1
84 38 -1

85 0 -1
85 1 -1
85 2 -1
85 3 -1
85 4 19.5701
85 5 23.6122
85 6 25.5285
85 7 30.5274
85 8 33.3755
85 9 34.1793
85 10 37.8695
85 11 40.9308
85 12 42.9405
85 13 44.5125
85 14 46.2359
85 15 49.1862
85 16 49.787
85 17 52.7022
85 18 53.8749
85 19 55.7074
85 20 56.5743
85 21 57.8702
85 22 58.5612
85 23 60.1026
85 24 61.0021
85 25 61.7583
85 26 62.4596
85 27 63.082
85 28 -1
85 29 -1
85 30 -1
85 31 -1
85 32 -1
85 33 -1
85 34 -1
85 35 -1
85 36 -1
85 37 -1
85 38 -1

86 0 -1
86 1 -1
86 2 -1
86 3 -1
86 4 -1
86 5 23.1853
86 6 26.3627
86 7 30.0334
86 8 32.5496
86 9 35.0377
86 10 38.6203
86 11 40.6722
86 12 43.4344
86 13 46.1241
86 14 47.5758
86 15 48.3486
86 16 51.2766
86 17 52.5335
86 18 53.8384
86 19 55.6298
86 20 56.6369
86 21 58.2923
86 22 59.3747
86 23 60.524
86 24 61.4807
86 25 62.3401
86 26 63.0289
86 27 63.677
86 28 -1
86 29 -1
86 30 -1
86 31 -1
86 32 -1
86 33 -1
86 34 -1
86 35 -1
86 36 -1
86 37 -1
86 38 -1

87 0 -1
87 1 -1
87 2 -1
87 3 -1
87 4 -1
87 5 -1
87 6 26.7208
87 7 30.2457
87 8 32.9973
87 9 35.2758
87 10 38.1654
87 11 40.7536
87 12 43.5121
87 13 44.6064
87 14 46.9553
87 15 49.3585
87 16 49.6688
87 17 53.5339
87 18 54.0706
87 19 55.9841
87 20 57.3569
87 21 58.1196
87 22 60.0004
87 23 60.9074
87 24 61.7265
87 25 62.7969
87 26 63.6058
87 27 64.2185
87 28 64.8181
87 29 -1
87 30 -1
87 31 -1
87 32 -1
87 33 -1
87 34 -1
87 35 -1
87 36 -1
87 37 -1
87 38 -1

88 0 -1
88 1 -1
88 2 -1
88 3 -1
88 4 -1
88 5 -1
88 6 -1
88 7 29.2666
88 8 33.6424
88 9 35.2524
88 10 39.1526
88 11 41.4021
88 12 43.4952
88 13 46.2078
88 14 47.9318
88 15 49.6339
88 16 51.2465
88 17 52.5092
88 18 54.1434
88 19 56.2782
88 20 57.29
88 21 59.2688
88 22 60.2703
88 23 60.9716
88 24 62.4199
88 25 63.3826
88 26 64.0637
88 27 64.8065
88 28 65.372
88 29 -1
88 30 -1
88 31 -1
88 32 -1
88 33 -1
88 34 -1
88 35 -1
88 36 -1
88 37 -1
88 38 -1

89 0 -1
89 1 -1
89 2 -1
89 3 -1
89 4 -1
89 5 -1
89 6 -1
89 7 -1
89 8 32.5187
89 9 36.3008
89 10 38.2257
89 11 40.7928
89 12 43.5709
89 13 45.1919
89 14 46.5315
89 15 50.1931
89 16 50.8348
89 17 53.059
89 18 54.8832
89 19 57.0511
89 20 58.2514
89 21 59.263
89 22 60.4514
89 23 61.8669
89 24 62.5557
89 25 63.8291
89 26 64.5886
89 27 65.3971
89 28 66.0044
89 29 -1
89 30 -1
89 31 -1
89 32 -1
89 33 -1
89 34 -1
89 35 -1
89 36 -1
89 37 -1
89 38 -1

90 0 -1
90 1 -1
90 2 -1
90 3 -1
90 4 -1
90 5 -1
90 6 -1
90 7 -1
90 8 -1
90 9 35.7581
90 10 37.7524
90 11 40.9274
90 12 44.051
90 13 45.6319
90 14 46.9278
90 15 47.6904
90 16 51.8339
90 17 53.5518
90 18 55.1942
90 19 57.111
90 20 57.8818
90 21 59.5683
90 22 60.7825
90 23 62.1074
90 24 63.1262
90 25 64.1252
90 26 65.2063
90 27 65.8821
90 28 66.5811
90 29 67.0153
90 30 -1
90 31 -1
90 32 -1
90 33 -1
90 34 -1
90 35 -1
90 36 -1
90 37 -1
90 38 -1

91 0 -1
91 1 -1
91 2 -1
91 3 -1
91 4 -1
91 5 -1
91 6 -1
91 7 -1
91 8 -1
91 9 -1
91 10 39.0516
91 11 39.7736
91 12 41.9143
91 13 46.5084
91 14 46.5695
91 15 49.3487
91 16 52.7404
91 17 54.0516
91 18 55.6634
91 19 56.8099
91 20 58.2193
91 21 60.1395
91 22 61.3641
91 23 62.6295
91 24 63.4279
91 25 64.5875
91 26 65.5054
91 27 66.4709
91 28 67.2396
91 29 67.8273
91 30 -1
91 31 -1
91 32 -1
91 33 -1
91 34 -1
91 35 -1
91 36 -1
91 37 -1
91 38 -1

92 0 -1
92 1 -1
92 2 -1
92 3 -1
92 4 -1
92 5 -1
92 6 -1
92 7 -1
92 8 -1
92 9 -1
92 10 -1
92 11 42.3838
92 12 41.2247
92 13 46.2266
92 14 48.2957
92 15 51.3369
92 16 50.9716
92 17 54.1435
92 18 56.4286
92 19 57.3128
92 20 59.0495
92 21 60.3064
92 22 61.5029
92 23 62.3384
92 24 64.0166
92 25 64.7928
92 26 66.0357
92 27 66.9389
92 28 67.7895
92 29 68.4435
92 30 -1
92 31 -1
92 32 -1
92 33 -1
92 34 -1
92 35 -1
92 36 -1
92 37 -1
92 38 -1

93 0 -1
93 1 -1
93 2 -1
93 3 -1
93 4 -1
93 5 -1
93 6 -1
93 7 -1
93 8 -1
93 9 -1
93 10 -1
93 11 -1
93 12 43.2425
93 13 45.9126
93 14 49.6456
93 15 50.273
93 16 52.7099
93 17 53.1305
93 18 55.4618
93 19 58.2035
93 20 59.48
93 21 60.8972
93 22 61.9129
93 23 63.3675
93 24 63.7949
93 25 65.7053
93 26 66.5831
93 27 67.4249
93 28 68.2991
93 29 69.0588
93 30 -1
93 31 -1
93 32 -1
93 33 -1
93 34 -1
93 35 -1
93 36 -1
93 37 -1
93 38 -1

94 0 -1
94 1 -1
94 2 -1
94 3 -1
94 4 -1
94 5 -1
94 6 -1
94 7 -1
94 8 -1
94 9 -1
94 10 -1
94 11 -1
94 12 -1
94 13 45.4768
94 14 48.538
94 15 52.0784
94 16 52.0661
94 17 54.4563
94 18 56.6588
94 19 57.4773
94 20 59.5502
94 21 60.7598
94 22 61.4657
94 23 63.8077
94 24 64.4939
94 25 65.8895
94 26 66.6062
94 27 67.76
94 28 68.7672
94 29 69.5865
94 30 70.3112
94 31 -1
94 32 -1
94 33 -1
94 34 -1
94 35 -1
94 36 -1
94 37 -1
94 38 -1

95 0 -1
95 1 -1
95 2 -1
95 3 -1
95 4 -1
95 5 -1
95 6 -1
95 7 -1
95 8 -1
95 9 -1
95 10 -1
95 11 -1
95 12 -1
95 13 -1
95 14 47.6822
95 15 51.275
95 16 52.395
95 17 55.4319
95 18 56.8033
95 19 57.5046
95 20 59.687
95 21 60.8551
95 22 62.5063
95 23 63.6285
95 24 65.452
95 25 66.1343
95 26 67.282
95 27 68.3081
95 28 69.2546
95 29 70.0651
95 30 70.8519
95 31 -1
95 32 -1
95 33 -1
95 34 -1
95 35 -1
95 36 -1
95 37 -1
95 38 -1

96 0 -1
96 1 -1
96 2 -1
96 3 -1
96 4 -1
96 5 -1
96 6 -1
96 7 -1
96 8 -1
96 9 -1
96 10 -1
96 11 -1
96 12 -1
96 13 -1
96 14 -1
96 15 52.3787
96 16 53.9874
96 17 55.2463
96 18 57.346
96 19 58.3086
96 20 60.2059
96 21 61.725
96 22 63.3144
96 23 63.7388
96 24 65.6874
96 25 66.8649
96 26 67.6548
96 27 68.6862
96 28 69.6023
96 29 70.5622
96 30 71.3516
96 31 -1
96 32 -1
96 33 -1
96 34 -1
96 35 -1
96 36 -1
96 37 -1
96 38 -1

97 0 -1
97 1 -1
97 2 -1
97 3 -1
97 4 -1
97 5 -1
97 6 -1
97 7 -1
97 8 -1
97 9 -1
97 10 -1
97 11 -1
97 12 -1
97 13 -1
97 14 -1
97 15 -1
97 16 53.3541
97 17 54.2901
97 18 57.1755
97 19 58.4184
97 20 60.6531
97 21 62.3641
97 22 63.3111
97 23 64.3427
97 24 65.6085
97 25 67.194
97 26 67.7812
97 27 69.1493
97 28 70.132
97 29 71.0078
97 30 71.8674
97 31 72.5084
97 32 -1
97 33 -1
97 34 -1
97 35 -1
97 36 -1
97 37 -1
97 38 -1

98 0 -1
98 1 -1
98 2 -1
98 3 -1
98 4 -1
98 5 -1
98 6 -1
98 7 -1
98 8 -1
98 9 -1
98 10 -1
98 11 -1
98 12 -1
98 13 -1
98 14 -1
98 15 -1
98 16 -1
98 17 55.0944
98 18 57.8658
98 19 59.541
98 20 60.6934
98 21 62.708
98 22 63.8983
98 23 64.7703
98 24 65.6902
98 25 67.4509
98 26 68.4262
98 27 69.477
98 28 70.5187
98 29 71.5245
98 30 72.3469
98 31 73.044
98 32 -1
98 33 -1
98 34 -1
98 35 -1
98 36 -1
98 37 -1
98 38 -1

99 0 -1
99 1 -1
99 2 -1
99 3 -1
99 4 -1
99 5 -1
99 6 -1
99 7 -1
99 8 -1
99 9 -1
99 10 -1
99 11 -1
99 12 -1
99 13 -1
99 14 -1
99 15 -1
99 16 -1
99 17 -1
99 18 58.6221
99 19 58.7718
99 20 58.7224
99 21 63.2383
99 22 64.2424
99 23 65.3168
99 24 66.3093
99 25 67.8289
99 26 68.7144
99 27 70.0295
99 28 70.8645
99 29 71.925
99 30 72.7431
99 31 73.5276
99 32 -1
99 33 -1
99 34 -1
99 35 -1
99 36 -1
99 37 -1
99 38 -1

100 0 -1
100 1 -1
100 2 -1
100 3 -1
100 4 -1
100 5 -1
100 6 -1
100 7 -1
100 8 -1
100 9 -1
100 10 -1
100 11 -1
100 12 -1
100 13 -1
100 14 -1
100 15 -1
100 16 -1
100 17 -1
100 18 -1
100 19 60.1289
100 20 61.0887
100 21 62.3877
100 22 64.9949
100 23 65.7836
100 24 66.8358
100 25 68.1918
100 26 69.2169
100 27 70.2963
100 28 71.2431
100 29 72.2799
100 30 73.1848
100 31 73.9809
100 32 74.7056
100 33 -1
100 34 -1
100 35 -1
100 36 -1
100 37 -1
100 38 -1

101 0 -1
101 1 -1
101 2 -1
101 3 -1
101 4 -1
101 5 -1
101 6 -1
101 7 -1
101 8 -1
101 9 -1
101 10 -1
101 11 -1
101 12 -1
101 13 -1
101 14 -1
101 15 -1
101 16 -1
101 17 -1
101 18 -1
101 19 -1
101 20 62.2219
101 21 63.5021
101 22 64.0904
101 23 65.9295
101 24 67.6465
101 25 68.6748
101 26 69.4885
101 27 70.5328
101 28 71.9011
101 29 72.708
101 30 73.6531
101 31 74.4683
101 32 75.1711
101 33 -1
101 34 -1
101 35 -1
101 36 -1
101 37 -1
101 38 -1

102 0 -1
102 1 -1
102 2 -1
102 3 -1
102 4 -1
102 5 -1
102 6 -1
102 7 -1
102 8 -1
102 9 -1
102 10 -1
102 11 -1
102 12 -1
102 13 -1
102 14 -1
102 15 -1
102 16 -1
102 17 -1
102 18 -1
102 19 -1
102 20 -1
102 21 62.5972
102 22 64.6811
102 23 65.229
102 24 67.2949
102 25 68.6147
102 26 69.736
102 27 71.1071
102 28 72.2342
102 29 73.2695
102 30 74.0654
102 31 74.928
102 32 75.6916
102 33 -1
102 34 -1
102 35 -1
102 36 -1
102 37 -1
102 38 -1

103 0 -1
103 1 -1
103 2 -1
103 3 -1
103 4 -1
103 5 -1
103 6 -1
103 7 -1
103 8 -1
103 9 -1
103 10 -1
103 11 -1
103 12 -1
103 13 -1
103 14 -1
103 15 -1
103 16 -1
103 17 -1
103 18 -1
103 19 -1
103 20 -1
103 21 -1
103 22 65.9787
103 23 66.6803
103 24 68.2672
103 25 69.6794
103 26 70.3611
103 27 71.436
103 28 72.73
103 29 73.6089
103 30 74.4906
103 31 75.4028
103 32 76.1902
103 33 76.9029
103 34 -1
103 35 -1
103 36 -1
103 37 -1
103 38 -1

104 0 -1
104 1 -1
104 2 -1
104 3 -1
104 4 -1
104 5 -1
104 6 -1
104 7 -1
104 8 -1
104 9 -1
104 10 -1
104 11 -1
104 12 -1
104 13 -1
104 14 -1
104 15 -1
104 16 -1
104 17 -1
104 18 -1
104 19 -1
104 20 -1
104 21 -1
104 22 -1
104 23 67.1956
104 24 67.2523
104 25 69.5968
104 26 70.6699
104 27 71.6291
104 28 72.7795
104 29 73.9004
104 30 74.8758
104 31 75.882
104 32 76.6667
104 33 77.3949
104 34 -1
104 35 -1
104 36 -1
104 37 -1
104 38 -1

105 0 -1
105 1 -1
105 2 -1
105 3 -1
105 4 -1
105 5 -1
105 6 -1
105 7 -1
105 8 -1
105 9 -1
105 10 -1
105 11 -1
105 12 -1
105 13 -1
105 14 -1
105 15 -1
105 16 -1
105 17 -1
105 18 -1
105 19 -1
105 20 -1
105 21 -1
105 22 -1
105 23 -1
105 24 68.021
105 25 69.8123
105 26 71.2476
105 27 72.3132
105 28 73.357
105 29 74.5292
105 30 75.3653
105 31 76.3328
105 32 77.1646
105 33 77.891
105 34 -1
105 35 -1
105 36 -1
105 37 -1
105 38 -1

106 0 -1
106 1 -1
106 2 -1
106 3 -1
106 4 -1
106 5 -1
106 6 -1
106 7 -1
106 8 -1
106 9 -1
106 10 -1
106 11 -1
106 12 -1
106 13 -1
106 14 -1
106 15 -1
106 16 -1
106 17 -1
106 18 -1
106 19 -1
106 20 -1
106 21 -1
106 22 -1
106 23 -1
106 24 -1
106 25 70.5056
106 26 71.3917
106 27 72.8061
106 28 73.8649
106 29 74.7825
106 30 75.7429
106 31 76.6903
106 32 77.5943
106 33 78.4659
106 34 79.1001
106 35 -1
106 36 -1
106 37 -1
106 38 -1

107 0 -1
107 1 -1
107 2 -1
107 3 -1
107 4 -1
107 5 -1
107 6 -1
107 7 -1
107 8 -1
107 9 -1
107 10 -1
107 11 -1
107 12 -1
107 13 -1
107 14 -1
107 15 -1
107 16 -1
107 17 -1
107 18 -1
107 19 -1
107 20 -1
107 21 -1
107 22 -1
107 23 -1
107 24 -1
107 25 -1
107 26 72.0872
107 27 73.3123
107 28 74.3191
107 29 75.2414
107 30 76.1786
107 31 77.1834
107 32 78.1111
107 33 78.9254
107 34 79.7872
107 35 -1
107 36 -1
107 37 -1
107 38 -1

108 0 -1
108 1 -1
108 2 -1
108 3 -1
108 4 -1
108 5 -1
108 6 -1
108 7 -1
108 8 -1
108 9 -1
108 10 -1
108 11 -1
108 12 -1
108 13 -1
108 14 -1
108 15 -1
108 16 -1
108 17 -1
108 18 -1
108 19 -1
108 20 -1
108 21 -1
108 22 -1
108 23 -1
108 24 -1
108 25 -1
108 26 -1
108 27 73.8072
108 28 74.9571
108 29 75.3926
108 30 76.6831
108 31 77.6042
108 32 78.6189
108 33 79.5093
108 34 80.3105
108 35 -1
108 36 -1
108 37 -1
108 38 -1

109 0 -1
109 1 -1
109 2 -1
109 3 -1
109 4 -1
109 5 -1
109 6 -1
109 7 -1
109 8 -1
109 9 -1
109 10 -1
109 11 -1
109 12 -1
109 13 -1
109 14 -1
109 15 -1
109 16 -1
109 17 -1
109 18 -1
109 19 -1
109 20 -1
109 21 -1
109 22 -1
109 23 -1
109 24 -1
109 25 -1
109 26 -1
109 27 -1
109 28 75.0641
109 29 76.3116
109 30 77.0813
109 31 78.2444
109 32 79.0577
109 33 79.9798
109 34 80.8901
109 35 -1
109 36 -1
109 37 -1
109 38 -1

110 0 -1
110 1 -1
110 2 -1
110 3 -1
110 4 -1
110 5 -1
110 6 -1
110 7 -1
110 8 -1
110 9 -1
110 10 -1
110 11 -1
110 12 -1
110 13 -1
110 14 -1
110 15 -1
110 16 -1
110 17 -1
110 18 -1
110 19 -1
110 20 -1
110 21 -1
110 22 -1
110 23 -1
110 24 -1
110 25 -1
110 26 -1
110 27 -1
110 28 -1
110 29 76.6421
110 30 77.4742
110 31 78.4699
110 32 79.5078
110 33 80.4622
110 34 81.4332
110 35 82.3959
110 36 -1
110 37 -1
110 38 -1

111 0 -1
111 1 -1
111 2 -1
111 3 -1
111 4 -1
111 5 -1
111 6 -1
111 7 -1
111 8 -1
111 9 -1
111 10 -1
111 11 -1
111 12 -1
111 13 -1
111 14 -1
111 15 -1
111 16 -1
111 17 -1
111 18 -1
111 19 -1
111 20 -1
111 21 -1
111 22 -1
111 23 -1
111 24 -1
111 25 -1
111 26 -1
111 27 -1
111 28 -1
111 29 -1
111 30 78.1378
111 31 78.9507
111 32 80.0082
111 33 81.0034
111 34 81.8834
111 35 82.8902
111 36 -1
111 37 -1
111 38 -1

112 0 -1
112 1 -1
112 2 -1
112 3 -1
112 4 -1
112 5 -1
112 6 -1
112 7 -1
112 8 -1
112 9 -1
112 10 -1
112 11 -1
112 12 -1
112 13 -1
112 14 -1
112 15 -1
112 16 -1
112 17 -1
112 18 -1
112 19 -1
112 20 -1
112 21 -1
112 22 -1
112 23 -1
112 24 -1
112 25 -1
112 26 -1
112 27 -1
112 28 -1
112 29 -1
112 30 -1
112 31 79.6763
112 32 80.6171
112 33 81.4739
112 34 82.4179
112 35 83.4397
112 36 -1
112 37 -1
112 38 -1

113 0 -1
113 1 -1
113 2 -1
113 3 -1
113 4 -1
113 5 -1
113 6 -1
113 7 -1
113 8 -1
113 9 -1
113 10 -1
113 11 -1
113 12 -1
113 13 -1
113 14 -1
113 15 -1
113 16 -1
113 17 -1
113 18 -1
113 19 -1
113 20 -1
113 21 -1
113 22 -1
113 23 -1
113 24 -1
113 25 -1
113 26 -1
113 27 -1
113 28 -1
113 29 -1
113 30 -1
113 31 -1
113 32 80.8979
113 33 82.0084
113 34 82.8686
113 35 83.9538
113 36 -1
113 37 -1
113 38 -1

114 0 -1
114 1 -1
114 2 -1
114 3 -1
114 4 -1
114 5 -1
114 6 -1
114 7 -1
114 8 -1
114 9 -1
114 10 -1
114 11 -1
114 12 -1
114 13 -1
114 14 -1
114 15 -1
114 16 -1
114 17 -1
114 18 -1
114 19 -1
114 20 -1
114 21 -1
114 22 -1
114 23 -1
114 24 -1
114 25 -1
114 26 -1
114 27 -1
114 28 -1
114 29 -1
114 30 -1
114 31 -1
114 32 -1
114 33 82.4574
114 34 83.5205
114 35 84.5216
114 36 85.6918
114 37 -1
114 38 -1

115 0 -1
115 1 -1
115 2 -1
115 3 -1
115 4 -1
115 5 -1
115 6 -1
115 7 -1
115 8 -1
115 9 -1
115 10 -1
115 11 -1
115 12 -1
115 13 -1
115 14 -1
115 15 -1
115 16 -1
115 17 -1
115 18 -1
115 19 -1
115 20 -1
115 21 -1
115 22 -1
115 23 -1
115 24 -1
115 25 -1
115 26 -1
115 27 -1
115 28 -1
115 29 -1
115 30 -1
115 31 -1
115 32 -1
115 33 -1
115 34 84.0965
115 35 85.0783
115 36 86.0945
115 37 -1
115 38 -1

116 0 -1
116 1 -1
116 2 -1
116 3 -1
116 4 -1
116 5 -1
116 6 -1
116 7 -1
116 8 -1
116 9 -1
116 10 -1
116 11 -1
116 12 -1
116 13 -1
116 14 -1
116 15 -1
116 16 -1
116 17 -1
116 18 -1
116 19 -1
116 20 -1
116 21 -1
116 22 -1
116 23 -1
116 24 -1
116 25 -1
116 26 -1
116 27 -1
116 28 -1
116 29 -1
116 30 -1
116 31 -1
116 32 -1
116 33 -1
116 34 -1
116 35 85.5934
116 36 86.6587
116 37 -1
116 38 -1

117 0 -1
117 1 -1
117 2 -1
117 3 -1
117 4 -1
117 5 -1
117 6 -1
117 7 -1
117 8 -1
117 9 -1
117 10 -1
117 11 -1
117 12 -1
117 13 -1
117 14 -1
117 15 -1
117 16 -1
117 17 -1
117 18 -1
117 19 -1
117 20 -1
117 21 -1
117 22 -1
117 23 -1
117 24 -1
117 25 -1
117 26 -1
117 27 -1
117 28 -1
117 29 -1
117 30 -1
117 31 -1
117 32 -1
117 33 -1
117 34 -1
117 35 -1
117 36 87.2408
117 37 -1
117 38 -1

118 0 -1
118 1 -1
118 2 -1
118 3 -1
118 4 -1
118 5 -1
118 6 -1
118 7 -1
118 8 -1
118 9 -1
118 10 -1
118 11 -1
118 12 -1
118 13 -1
118 14 -1
118 15 -1
118 16 -1
118 17 -1
118 18 -1
118 19 -1
118 20 -1
118 21 -1
118 22 -1
118 23 -1
118 24 -1
118 25 -1
118 26 -1
118 27 -1
118 28 -1
118 29 -1
118 30 -1
118 31 -1
118 32 -1
118 33 -1
118 34 -1
118 35 -1
118 36 -1
118 37 88.9876
118 38 -1

