# f = 6.10352e-05

0 0 -1
0 1 -1
0 2 -1
0 3 -1
0 4 -1
0 5 -1
0 6 -1
0 7 -1
0 8 -1
0 9 -1
0 10 -1
0 11 -1
0 12 -1
0 13 -1
0 14 -1
0 15 -1
0 16 -1
0 17 -1
0 18 -1
0 19 -1
0 20 -1
0 21 -1
0 22 -1
0 23 -1
0 24 -1
0 25 -1
0 26 -1
0 27 -1
0 28 -1
0 29 -1
0 30 -1
0 31 -1
0 32 -1
0 33 -1
0 34 -1
0 35 -1
0 36 -1
0 37 -1
0 38 -1

1 0 5.08942
1 1 -1
1 2 -1
1 3 -1
1 4 -1
1 5 -1
1 6 -1
1 7 -1
1 8 -1
1 9 -1
1 10 -1
1 11 -1
1 12 -1
1 13 -1
1 14 -1
1 15 -1
1 16 -1
1 17 -1
1 18 -1
1 19 -1
1 20 -1
1 21 -1
1 22 -1
1 23 -1
1 24 -1
1 25 -1
1 26 -1
1 27 -1
1 28 -1
1 29 -1
1 30 -1
1 31 -1
1 32 -1
1 33 -1
1 34 -1
1 35 -1
1 36 -1
1 37 -1
1 38 -1

2 0 5.85907
2 1 -1
2 2 -1
2 3 -1
2 4 -1
2 5 -1
2 6 -1
2 7 -1
2 8 -1
2 9 -1
2 10 -1
2 11 -1
2 12 -1
2 13 -1
2 14 -1
2 15 -1
2 16 -1
2 17 -1
2 18 -1
2 19 -1
2 20 -1
2 21 -1
2 22 -1
2 23 -1
2 24 -1
2 25 -1
2 26 -1
2 27 -1
2 28 -1
2 29 -1
2 30 -1
2 31 -1
2 32 -1
2 33 -1
2 34 -1
2 35 -1
2 36 -1
2 37 -1
2 38 -1

3 0 6.8476
3 1 -1
3 2 -1
3 3 -1
3 4 -1
3 5 -1
3 6 -1
3 7 -1
3 8 -1
3 9 -1
3 10 -1
3 11 -1
3 12 -1
3 13 -1
3 14 -1
3 15 -1
3 16 -1
3 17 -1
3 18 -1
3 19 -1
3 20 -1
3 21 -1
3 22 -1
3 23 -1
3 24 -1
3 25 -1
3 26 -1
3 27 -1
3 28 -1
3 29 -1
3 30 -1
3 31 -1
3 32 -1
3 33 -1
3 34 -1
3 35 -1
3 36 -1
3 37 -1
3 38 -1

4 0 7.96326
4 1 -1
4 2 -1
4 3 -1
4 4 -1
4 5 -1
4 6 -1
4 7 -1
4 8 -1
4 9 -1
4 10 -1
4 11 -1
4 12 -1
4 13 -1
4 14 -1
4 15 -1
4 16 -1
4 17 -1
4 18 -1
4 19 -1
4 20 -1
4 21 -1
4 22 -1
4 23 -1
4 24 -1
4 25 -1
4 26 -1
4 27 -1
4 28 -1
4 29 -1
4 30 -1
4 31 -1
4 32 -1
4 33 -1
4 34 -1
4 35 -1
4 36 -1
4 37 -1
4 38 -1

5 0 9.16095
5 1 -1
5 2 -1
5 3 -1
5 4 -1
5 5 -1
5 6 -1
5 7 -1
5 8 -1
5 9 -1
5 10 -1
5 11 -1
5 12 -1
5 13 -1
5 14 -1
5 15 -1
5 16 -1
5 17 -1
5 18 -1
5 19 -1
5 20 -1
5 21 -1
5 22 -1
5 23 -1
5 24 -1
5 25 -1
5 26 -1
5 27 -1
5 28 -1
5 29 -1
5 30 -1
5 31 -1
5 32 -1
5 33 -1
5 34 -1
5 35 -1
5 36 -1
5 37 -1
5 38 -1

6 0 10.4045
6 1 4.15295
6 2 -1
6 3 -1
6 4 -1
6 5 -1
6 6 -1
6 7 -1
6 8 -1
6 9 -1
6 10 -1
6 11 -1
6 12 -1
6 13 -1
6 14 -1
6 15 -1
6 16 -1
6 17 -1
6 18 -1
6 19 -1
6 20 -1
6 21 -1
6 22 -1
6 23 -1
6 24 -1
6 25 -1
6 26 -1
6 27 -1
6 28 -1
6 29 -1
6 30 -1
6 31 -1
6 32 -1
6 33 -1
6 34 -1
6 35 -1
6 36 -1
6 37 -1
6 38 -1

7 0 11.6786
7 1 6.34332
7 2 -1
7 3 -1
7 4 -1
7 5 -1
7 6 -1
7 7 -1
7 8 -1
7 9 -1
7 10 -1
7 11 -1
7 12 -1
7 13 -1
7 14 -1
7 15 -1
7 16 -1
7 17 -1
7 18 -1
7 19 -1
7 20 -1
7 21 -1
7 22 -1
7 23 -1
7 24 -1
7 25 -1
7 26 -1
7 27 -1
7 28 -1
7 29 -1
7 30 -1
7 31 -1
7 32 -1
7 33 -1
7 34 -1
7 35 -1
7 36 -1
7 37 -1
7 38 -1

8 0 12.9648
8 1 8.17389
8 2 -1
8 3 -1
8 4 -1
8 5 -1
8 6 -1
8 7 -1
8 8 -1
8 9 -1
8 10 -1
8 11 -1
8 12 -1
8 13 -1
8 14 -1
8 15 -1
8 16 -1
8 17 -1
8 18 -1
8 19 -1
8 20 -1
8 21 -1
8 22 -1
8 23 -1
8 24 -1
8 25 -1
8 26 -1
8 27 -1
8 28 -1
8 29 -1
8 30 -1
8 31 -1
8 32 -1
8 33 -1
8 34 -1
8 35 -1
8 36 -1
8 37 -1
8 38 -1

9 0 14.2584
9 1 9.92389
9 2 -1
9 3 -1
9 4 -1
9 5 -1
9 6 -1
9 7 -1
9 8 -1
9 9 -1
9 10 -1
9 11 -1
9 12 -1
9 13 -1
9 14 -1
9 15 -1
9 16 -1
9 17 -1
9 18 -1
9 19 -1
9 20 -1
9 21 -1
9 22 -1
9 23 -1
9 24 -1
9 25 -1
9 26 -1
9 27 -1
9 28 -1
9 29 -1
9 30 -1
9 31 -1
9 32 -1
9 33 -1
9 34 -1
9 35 -1
9 36 -1
9 37 -1
9 38 -1

10 0 15.5573
10 1 11.5258
10 2 4.7439
10 3 -1
10 4 -1
10 5 -1
10 6 -1
10 7 -1
10 8 -1
10 9 -1
10 10 -1
10 11 -1
10 12 -1
10 13 -1
10 14 -1
10 15 -1
10 16 -1
10 17 -1
10 18 -1
10 19 -1
10 20 -1
10 21 -1
10 22 -1
10 23 -1
10 24 -1
10 25 -1
10 26 -1
10 27 -1
10 28 -1
10 29 -1
10 30 -1
10 31 -1
10 32 -1
10 33 -1
10 34 -1
10 35 -1
10 36 -1
10 37 -1
10 38 -1

11 0 16.8539
11 1 13.1078
11 2 7.31909
11 3 -1
11 4 -1
11 5 -1
11 6 -1
11 7 -1
11 8 -1
11 9 -1
11 10 -1
11 11 -1
11 12 -1
11 13 -1
11 14 -1
11 15 -1
11 16 -1
11 17 -1
11 18 -1
11 19 -1
11 20 -1
11 21 -1
11 22 -1
11 23 -1
11 24 -1
11 25 -1
11 26 -1
11 27 -1
11 28 -1
11 29 -1
11 30 -1
11 31 -1
11 32 -1
11 33 -1
11 34 -1
11 35 -1
11 36 -1
11 37 -1
11 38 -1

12 0 18.134
12 1 14.6143
12 2 9.41919
12 3 2.64044
12 4 -1
12 5 -1
12 6 -1
12 7 -1
12 8 -1
12 9 -1
12 10 -1
12 11 -1
12 12 -1
12 13 -1
12 14 -1
12 15 -1
12 16 -1
12 17 -1
12 18 -1
12 19 -1
12 20 -1
12 21 -1
12 22 -1
12 23 -1
12 24 -1
12 25 -1
12 26 -1
12 27 -1
12 28 -1
12 29 -1
12 30 -1
12 31 -1
12 32 -1
12 33 -1
12 34 -1
12 35 -1
12 36 -1
12 37 -1
12 38 -1

13 0 19.4224
13 1 16.0869
13 2 11.3149
13 3 5.15033
13 4 -1
13 5 -1
13 6 -1
13 7 -1
13 8 -1
13 9 -1
13 10 -1
13 11 -1
13 12 -1
13 13 -1
13 14 -1
13 15 -1
13 16 -1
13 17 -1
13 18 -1
13 19 -1
13 20 -1
13 21 -1
13 22 -1
13 23 -1
13 24 -1
13 25 -1
13 26 -1
13 27 -1
13 28 -1
13 29 -1
13 30 -1
13 31 -1
13 32 -1
13 33 -1
13 34 -1
13 35 -1
13 36 -1
13 37 -1
13 38 -1

14 0 20.6982
14 1 17.5612
14 2 13.0965
14 3 7.35461
14 4 -1
14 5 -1
14 6 -1
14 7 -1
14 8 -1
14 9 -1
14 10 -1
14 11 -1
14 12 -1
14 13 -1
14 14 -1
14 15 -1
14 16 -1
14 17 -1
14 18 -1
14 19 -1
14 20 -1
14 21 -1
14 22 -1
14 23 -1
14 24 -1
14 25 -1
14 26 -1
14 27 -1
14 28 -1
14 29 -1
14 30 -1
14 31 -1
14 32 -1
14 33 -1
14 34 -1
14 35 -1
14 36 -1
14 37 -1
14 38 -1

15 0 21.9675
15 1 18.9824
15 2 14.804
15 3 9.49457
15 4 -1
15 5 -1
15 6 -1
15 7 -1
15 8 -1
15 9 -1
15 10 -1
15 11 -1
15 12 -1
15 13 -1
15 14 -1
15 15 -1
15 16 -1
15 17 -1
15 18 -1
15 19 -1
15 20 -1
15 21 -1
15 22 -1
15 23 -1
15 24 -1
15 25 -1
15 26 -1
15 27 -1
15 28 -1
15 29 -1
15 30 -1
15 31 -1
15 32 -1
15 33 -1
15 34 -1
15 35 -1
15 36 -1
15 37 -1
15 38 -1

16 0 23.2227
16 1 20.3963
16 2 16.4326
16 3 11.4339
16 4 4.50787
16 5 -1
16 6 -1
16 7 -1
16 8 -1
16 9 -1
16 10 -1
16 11 -1
16 12 -1
16 13 -1
16 14 -1
16 15 -1
16 16 -1
16 17 -1
16 18 -1
16 19 -1
16 20 -1
16 21 -1
16 22 -1
16 23 -1
16 24 -1
16 25 -1
16 26 -1
16 27 -1
16 28 -1
16 29 -1
16 30 -1
16 31 -1
16 32 -1
16 33 -1
16 34 -1
16 35 -1
16 36 -1
16 37 -1
16 38 -1

17 0 24.4902
17 1 21.8021
17 2 18.0201
17 3 13.3149
17 4 7.2793
17 5 -1
17 6 -1
17 7 -1
17 8 -1
17 9 -1
17 10 -1
17 11 -1
17 12 -1
17 13 -1
17 14 -1
17 15 -1
17 16 -1
17 17 -1
17 18 -1
17 19 -1
17 20 -1
17 21 -1
17 22 -1
17 23 -1
17 24 -1
17 25 -1
17 26 -1
17 27 -1
17 28 -1
17 29 -1
17 30 -1
17 31 -1
17 32 -1
17 33 -1
17 34 -1
17 35 -1
17 36 -1
17 37 -1
17 38 -1

18 0 25.759
18 1 23.1845
18 2 19.5616
18 3 15.1379
18 4 9.60895
18 5 2.30865
18 6 -1
18 7 -1
18 8 -1
18 9 -1
18 10 -1
18 11 -1
18 12 -1
18 13 -1
18 14 -1
18 15 -1
18 16 -1
18 17 -1
18 18 -1
18 19 -1
18 20 -1
18 21 -1
18 22 -1
18 23 -1
18 24 -1
18 25 -1
18 26 -1
18 27 -1
18 28 -1
18 29 -1
18 30 -1
18 31 -1
18 32 -1
18 33 -1
18 34 -1
18 35 -1
18 36 -1
18 37 -1
18 38 -1

19 0 27.0234
19 1 24.5416
19 2 21.0659
19 3 16.8578
19 4 11.7192
19 5 4.99725
19 6 -1
19 7 -1
19 8 -1
19 9 -1
19 10 -1
19 11 -1
19 12 -1
19 13 -1
19 14 -1
19 15 -1
19 16 -1
19 17 -1
19 18 -1
19 19 -1
19 20 -1
19 21 -1
19 22 -1
19 23 -1
19 24 -1
19 25 -1
19 26 -1
19 27 -1
19 28 -1
19 29 -1
19 30 -1
19 31 -1
19 32 -1
19 33 -1
19 34 -1
19 35 -1
19 36 -1
19 37 -1
19 38 -1

20 0 28.2892
20 1 25.8753
20 2 22.5743
20 3 18.507
20 4 13.6007
20 5 7.40826
20 6 -1
20 7 -1
20 8 -1
20 9 -1
20 10 -1
20 11 -1
20 12 -1
20 13 -1
20 14 -1
20 15 -1
20 16 -1
20 17 -1
20 18 -1
20 19 -1
20 20 -1
20 21 -1
20 22 -1
20 23 -1
20 24 -1
20 25 -1
20 26 -1
20 27 -1
20 28 -1
20 29 -1
20 30 -1
20 31 -1
20 32 -1
20 33 -1
20 34 -1
20 35 -1
20 36 -1
20 37 -1
20 38 -1

21 0 29.5306
21 1 27.2181
21 2 24.0098
21 3 20.0963
21 4 15.4556
21 5 9.70563
21 6 -1
21 7 -1
21 8 -1
21 9 -1
21 10 -1
21 11 -1
21 12 -1
21 13 -1
21 14 -1
21 15 -1
21 16 -1
21 17 -1
21 18 -1
21 19 -1
21 20 -1
21 21 -1
21 22 -1
21 23 -1
21 24 -1
21 25 -1
21 26 -1
21 27 -1
21 28 -1
21 29 -1
21 30 -1
21 31 -1
21 32 -1
21 33 -1
21 34 -1
21 35 -1
21 36 -1
21 37 -1
21 38 -1

22 0 30.7729
22 1 28.5341
22 2 25.4558
22 3 21.6772
22 4 17.207
22 5 11.805
22 6 4.63843
22 7 -1
22 8 -1
22 9 -1
22 10 -1
22 11 -1
22 12 -1
22 13 -1
22 14 -1
22 15 -1
22 16 -1
22 17 -1
22 18 -1
22 19 -1
22 20 -1
22 21 -1
22 22 -1
22 23 -1
22 24 -1
22 25 -1
22 26 -1
22 27 -1
22 28 -1
22 29 -1
22 30 -1
22 31 -1
22 32 -1
22 33 -1
22 34 -1
22 35 -1
22 36 -1
22 37 -1
22 38 -1

23 0 32.0115
23 1 29.8555
23 2 26.8705
23 3 23.2191
23 4 18.9337
23 5 13.8511
23 6 7.39215
23 7 -1
23 8 -1
23 9 -1
23 10 -1
23 11 -1
23 12 -1
23 13 -1
23 14 -1
23 15 -1
23 16 -1
23 17 -1
23 18 -1
23 19 -1
23 20 -1
23 21 -1
23 22 -1
23 23 -1
23 24 -1
23 25 -1
23 26 -1
23 27 -1
23 28 -1
23 29 -1
23 30 -1
23 31 -1
23 32 -1
23 33 -1
23 34 -1
23 35 -1
23 36 -1
23 37 -1
23 38 -1

24 0 33.2541
24 1 31.1633
24 2 28.2819
24 3 24.7309
24 4 20.5806
24 5 15.7266
24 6 9.75134
24 7 1.6145
24 8 -1
24 9 -1
24 10 -1
24 11 -1
24 12 -1
24 13 -1
24 14 -1
24 15 -1
24 16 -1
24 17 -1
24 18 -1
24 19 -1
24 20 -1
24 21 -1
24 22 -1
24 23 -1
24 24 -1
24 25 -1
24 26 -1
24 27 -1
24 28 -1
24 29 -1
24 30 -1
24 31 -1
24 32 -1
24 33 -1
24 34 -1
24 35 -1
24 36 -1
24 37 -1
24 38 -1

25 0 34.4911
25 1 32.4742
25 2 29.6504
25 3 26.204
25 4 22.2377
25 5 17.5741
25 6 11.9283
25 7 4.38287
25 8 -1
25 9 -1
25 10 -1
25 11 -1
25 12 -1
25 13 -1
25 14 -1
25 15 -1
25 16 -1
25 17 -1
25 18 -1
25 19 -1
25 20 -1
25 21 -1
25 22 -1
25 23 -1
25 24 -1
25 25 -1
25 26 -1
25 27 -1
25 28 -1
25 29 -1
25 30 -1
25 31 -1
25 32 -1
25 33 -1
25 34 -1
25 35 -1
25 36 -1
25 37 -1
25 38 -1

26 0 35.7134
26 1 33.7792
26 2 31.0314
26 3 27.6731
26 4 23.7919
26 5 19.3483
26 6 14.0304
26 7 7.1676
26 8 -1
26 9 -1
26 10 -1
26 11 -1
26 12 -1
26 13 -1
26 14 -1
26 15 -1
26 16 -1
26 17 -1
26 18 -1
26 19 -1
26 20 -1
26 21 -1
26 22 -1
26 23 -1
26 24 -1
26 25 -1
26 26 -1
26 27 -1
26 28 -1
26 29 -1
26 30 -1
26 31 -1
26 32 -1
26 33 -1
26 34 -1
26 35 -1
26 36 -1
26 37 -1
26 38 -1

27 0 36.9091
27 1 35.0596
27 2 32.397
27 3 29.122
27 4 25.3688
27 5 21.0682
27 6 16.0422
27 7 9.72797
27 8 -1
27 9 -1
27 10 -1
27 11 -1
27 12 -1
27 13 -1
27 14 -1
27 15 -1
27 16 -1
27 17 -1
27 18 -1
27 19 -1
27 20 -1
27 21 -1
27 22 -1
27 23 -1
27 24 -1
27 25 -1
27 26 -1
27 27 -1
27 28 -1
27 29 -1
27 30 -1
27 31 -1
27 32 -1
27 33 -1
27 34 -1
27 35 -1
27 36 -1
27 37 -1
27 38 -1

28 0 38.1029
28 1 36.3265
28 2 33.7365
28 3 30.5756
28 4 26.8989
28 5 22.7385
28 6 17.8981
28 7 12.0686
28 8 4.27753
28 9 -1
28 10 -1
28 11 -1
28 12 -1
28 13 -1
28 14 -1
28 15 -1
28 16 -1
28 17 -1
28 18 -1
28 19 -1
28 20 -1
28 21 -1
28 22 -1
28 23 -1
28 24 -1
28 25 -1
28 26 -1
28 27 -1
28 28 -1
28 29 -1
28 30 -1
28 31 -1
28 32 -1
28 33 -1
28 34 -1
28 35 -1
28 36 -1
28 37 -1
28 38 -1

29 0 39.2783
29 1 37.5765
29 2 35.0819
29 3 31.9841
29 4 28.4413
29 5 24.37
29 6 19.6989
29 7 14.2626
29 8 7.32898
29 9 -1
29 10 -1
29 11 -1
29 12 -1
29 13 -1
29 14 -1
29 15 -1
29 16 -1
29 17 -1
29 18 -1
29 19 -1
29 20 -1
29 21 -1
29 22 -1
29 23 -1
29 24 -1
29 25 -1
29 26 -1
29 27 -1
29 28 -1
29 29 -1
29 30 -1
29 31 -1
29 32 -1
29 33 -1
29 34 -1
29 35 -1
29 36 -1
29 37 -1
29 38 -1

30 0 40.4453
30 1 38.8132
30 2 36.383
30 3 33.3799
30 4 29.9177
30 5 25.9672
30 6 21.5225
30 7 16.31
30 8 9.9541
30 9 1.16101
30 10 -1
30 11 -1
30 12 -1
30 13 -1
30 14 -1
30 15 -1
30 16 -1
30 17 -1
30 18 -1
30 19 -1
30 20 -1
30 21 -1
30 22 -1
30 23 -1
30 24 -1
30 25 -1
30 26 -1
30 27 -1
30 28 -1
30 29 -1
30 30 -1
30 31 -1
30 32 -1
30 33 -1
30 34 -1
30 35 -1
30 36 -1
30 37 -1
30 38 -1

31 0 41.6036
31 1 40.0383
31 2 37.6862
31 3 34.7627
31 4 31.3887
31 5 27.5449
31 6 23.2224
31 7 18.2541
31 8 12.2644
31 9 4.29022
31 10 -1
31 11 -1
31 12 -1
31 13 -1
31 14 -1
31 15 -1
31 16 -1
31 17 -1
31 18 -1
31 19 -1
31 20 -1
31 21 -1
31 22 -1
31 23 -1
31 24 -1
31 25 -1
31 26 -1
31 27 -1
31 28 -1
31 29 -1
31 30 -1
31 31 -1
31 32 -1
31 33 -1
31 34 -1
31 35 -1
31 36 -1
31 37 -1
31 38 -1

32 0 42.7382
32 1 41.2505
32 2 38.9689
32 3 36.1271
32 4 32.8412
32 5 29.0902
32 6 24.8926
32 7 20.1116
32 8 14.4843
32 9 7.2655
32 10 -1
32 11 -1
32 12 -1
32 13 -1
32 14 -1
32 15 -1
32 16 -1
32 17 -1
32 18 -1
32 19 -1
32 20 -1
32 21 -1
32 22 -1
32 23 -1
32 24 -1
32 25 -1
32 26 -1
32 27 -1
32 28 -1
32 29 -1
32 30 -1
32 31 -1
32 32 -1
32 33 -1
32 34 -1
32 35 -1
32 36 -1
32 37 -1
32 38 -1

33 0 43.8671
33 1 42.4515
33 2 40.2296
33 3 37.4647
33 4 34.2364
33 5 30.6175
33 6 26.5279
33 7 21.9211
33 8 16.6161
33 9 9.97412
33 10 0.747009
33 11 -1
33 12 -1
33 13 -1
33 14 -1
33 15 -1
33 16 -1
33 17 -1
33 18 -1
33 19 -1
33 20 -1
33 21 -1
33 22 -1
33 23 -1
33 24 -1
33 25 -1
33 26 -1
33 27 -1
33 28 -1
33 29 -1
33 30 -1
33 31 -1
33 32 -1
33 33 -1
33 34 -1
33 35 -1
33 36 -1
33 37 -1
33 38 -1

34 0 44.9706
34 1 43.643
34 2 41.4933
34 3 38.7806
34 4 35.6251
34 5 32.1147
34 6 28.1461
34 7 23.6549
34 8 18.6277
34 9 12.4296
34 10 4.36725
34 11 -1
34 12 -1
34 13 -1
34 14 -1
34 15 -1
34 16 -1
34 17 -1
34 18 -1
34 19 -1
34 20 -1
34 21 -1
34 22 -1
34 23 -1
34 24 -1
34 25 -1
34 26 -1
34 27 -1
34 28 -1
34 29 -1
34 30 -1
34 31 -1
34 32 -1
34 33 -1
34 34 -1
34 35 -1
34 36 -1
34 37 -1
34 38 -1

35 0 46.0561
35 1 44.7969
35 2 42.7126
35 3 40.0931
35 4 37.0231
35 5 33.6019
35 6 29.7247
35 7 25.3715
35 8 20.506
35 9 14.6821
35 10 7.56885
35 11 -1
35 12 -1
35 13 -1
35 14 -1
35 15 -1
35 16 -1
35 17 -1
35 18 -1
35 19 -1
35 20 -1
35 21 -1
35 22 -1
35 23 -1
35 24 -1
35 25 -1
35 26 -1
35 27 -1
35 28 -1
35 29 -1
35 30 -1
35 31 -1
35 32 -1
35 33 -1
35 34 -1
35 35 -1
35 36 -1
35 37 -1
35 38 -1

36 0 47.1239
36 1 45.9438
36 2 43.918
36 3 41.3738
36 4 38.3954
36 5 35.0443
36 6 31.2655
36 7 27.0529
36 8 22.3218
36 9 16.786
36 10 10.1626
36 11 -1
36 12 -1
36 13 -1
36 14 -1
36 15 -1
36 16 -1
36 17 -1
36 18 -1
36 19 -1
36 20 -1
36 21 -1
36 22 -1
36 23 -1
36 24 -1
36 25 -1
36 26 -1
36 27 -1
36 28 -1
36 29 -1
36 30 -1
36 31 -1
36 32 -1
36 33 -1
36 34 -1
36 35 -1
36 36 -1
36 37 -1
36 38 -1

37 0 48.1658
37 1 47.063
37 2 45.1185
37 3 42.6324
37 4 39.7306
37 5 36.4699
37 6 32.7689
37 7 28.6982
37 8 24.0099
37 9 18.8377
37 10 12.6873
37 11 4.43756
37 12 -1
37 13 -1
37 14 -1
37 15 -1
37 16 -1
37 17 -1
37 18 -1
37 19 -1
37 20 -1
37 21 -1
37 22 -1
37 23 -1
37 24 -1
37 25 -1
37 26 -1
37 27 -1
37 28 -1
37 29 -1
37 30 -1
37 31 -1
37 32 -1
37 33 -1
37 34 -1
37 35 -1
37 36 -1
37 37 -1
37 38 -1

38 0 49.1993
38 1 48.1465
38 2 46.281
38 3 43.8683
38 4 41.0634
38 5 37.8594
38 6 34.2343
38 7 30.269
38 8 25.8158
38 9 20.7711
38 10 14.942
38 11 7.68347
38 12 -1
38 13 -1
38 14 -1
38 15 -1
38 16 -1
38 17 -1
38 18 -1
38 19 -1
38 20 -1
38 21 -1
38 22 -1
38 23 -1
38 24 -1
38 25 -1
38 26 -1
38 27 -1
38 28 -1
38 29 -1
38 30 -1
38 31 -1
38 32 -1
38 33 -1
38 34 -1
38 35 -1
38 36 -1
38 37 -1
38 38 -1

39 0 50.2173
39 1 49.2213
39 2 47.4191
39 3 45.116
39 4 42.3546
39 5 39.2413
39 6 35.7131
39 7 31.8022
39 8 27.5313
39 9 22.6761
39 10 17.0916
39 11 10.4734
39 12 1.77692
39 13 -1
39 14 -1
39 15 -1
39 16 -1
39 17 -1
39 18 -1
39 19 -1
39 20 -1
39 21 -1
39 22 -1
39 23 -1
39 24 -1
39 25 -1
39 26 -1
39 27 -1
39 28 -1
39 29 -1
39 30 -1
39 31 -1
39 32 -1
39 33 -1
39 34 -1
39 35 -1
39 36 -1
39 37 -1
39 38 -1

40 0 51.2097
40 1 50.2839
40 2 48.5553
40 3 46.3068
40 4 43.6548
40 5 40.5849
40 6 37.148
40 7 33.3613
40 8 29.1571
40 9 24.5074
40 10 19.1559
40 11 12.9619
40 12 5.16382
40 13 -1
40 14 -1
40 15 -1
40 16 -1
40 17 -1
40 18 -1
40 19 -1
40 20 -1
40 21 -1
40 22 -1
40 23 -1
40 24 -1
40 25 -1
40 26 -1
40 27 -1
40 28 -1
40 29 -1
40 30 -1
40 31 -1
40 32 -1
40 33 -1
40 34 -1
40 35 -1
40 36 -1
40 37 -1
40 38 -1

41 0 52.1705
41 1 51.3119
41 2 49.6636
41 3 47.5044
41 4 44.8959
41 5 41.9293
41 6 38.5699
41 7 34.8641
41 8 30.7962
41 9 26.2585
41 10 21.1341
41 11 15.2762
41 12 8.07892
41 13 -1
41 14 -1
41 15 -1
41 16 -1
41 17 -1
41 18 -1
41 19 -1
41 20 -1
41 21 -1
41 22 -1
41 23 -1
41 24 -1
41 25 -1
41 26 -1
41 27 -1
41 28 -1
41 29 -1
41 30 -1
41 31 -1
41 32 -1
41 33 -1
41 34 -1
41 35 -1
41 36 -1
41 37 -1
41 38 -1

42 0 53.0984
42 1 52.3315
42 2 50.7549
42 3 48.6421
42 4 46.1254
42 5 43.2361
42 6 39.9773
42 7 36.3572
42 8 32.3708
42 9 27.9807
42 10 23.0392
42 11 17.4459
42 12 10.6792
42 13 1.48132
42 14 -1
42 15 -1
42 16 -1
42 17 -1
42 18 -1
42 19 -1
42 20 -1
42 21 -1
42 22 -1
42 23 -1
42 24 -1
42 25 -1
42 26 -1
42 27 -1
42 28 -1
42 29 -1
42 30 -1
42 31 -1
42 32 -1
42 33 -1
42 34 -1
42 35 -1
42 36 -1
42 37 -1
42 38 -1

43 0 54.0221
43 1 53.3206
43 2 51.8243
43 3 49.7889
43 4 47.3372
43 5 44.5186
43 6 41.3426
43 7 37.8117
43 8 33.9149
43 9 29.656
43 10 24.8993
43 11 19.5377
43 12 13.2127
43 13 5.14423
43 14 -1
43 15 -1
43 16 -1
43 17 -1
43 18 -1
43 19 -1
43 20 -1
43 21 -1
43 22 -1
43 23 -1
43 24 -1
43 25 -1
43 26 -1
43 27 -1
43 28 -1
43 29 -1
43 30 -1
43 31 -1
43 32 -1
43 33 -1
43 34 -1
43 35 -1
43 36 -1
43 37 -1
43 38 -1

44 0 54.9411
44 1 54.2899
44 2 52.8699
44 3 50.8881
44 4 48.5226
44 5 45.7752
44 6 42.6948
44 7 39.2449
44 8 35.4589
44 9 31.3019
44 10 26.6577
44 11 21.5038
44 12 15.5474
44 13 8.28937
44 14 -1
44 15 -1
44 16 -1
44 17 -1
44 18 -1
44 19 -1
44 20 -1
44 21 -1
44 22 -1
44 23 -1
44 24 -1
44 25 -1
44 26 -1
44 27 -1
44 28 -1
44 29 -1
44 30 -1
44 31 -1
44 32 -1
44 33 -1
44 34 -1
44 35 -1
44 36 -1
44 37 -1
44 38 -1

45 0 55.8381
45 1 55.2396
45 2 53.8746
45 3 51.9792
45 4 49.6818
45 5 47.0057
45 6 44.0005
45 7 40.6707
45 8 36.9438
45 9 32.9182
45 10 28.45
45 11 23.4511
45 12 17.7899
45 13 11.0169
45 14 2.05554
45 15 -1
45 16 -1
45 17 -1
45 18 -1
45 19 -1
45 20 -1
45 21 -1
45 22 -1
45 23 -1
45 24 -1
45 25 -1
45 26 -1
45 27 -1
45 28 -1
45 29 -1
45 30 -1
45 31 -1
45 32 -1
45 33 -1
45 34 -1
45 35 -1
45 36 -1
45 37 -1
45 38 -1

46 0 56.7004
46 1 56.1638
46 2 54.8663
46 3 53.0583
46 4 50.8127
46 5 48.217
46 6 45.2935
46 7 42.0621
46 8 38.4522
46 9 34.465
46 10 30.1636
46 11 25.2806
46 12 19.8295
46 13 13.5091
46 14 5.57251
46 15 -1
46 16 -1
46 17 -1
46 18 -1
46 19 -1
46 20 -1
46 21 -1
46 22 -1
46 23 -1
46 24 -1
46 25 -1
46 26 -1
46 27 -1
46 28 -1
46 29 -1
46 30 -1
46 31 -1
46 32 -1
46 33 -1
46 34 -1
46 35 -1
46 36 -1
46 37 -1
46 38 -1

47 0 57.538
47 1 57.0688
47 2 55.8416
47 3 54.0928
47 4 51.9344
47 5 49.4102
47 6 46.5803
47 7 43.3906
47 8 39.9231
47 9 36.0251
47 10 31.8249
47 11 27.0612
47 12 21.8143
47 13 15.8685
47 14 8.59418
47 15 -1
47 16 -1
47 17 -1
47 18 -1
47 19 -1
47 20 -1
47 21 -1
47 22 -1
47 23 -1
47 24 -1
47 25 -1
47 26 -1
47 27 -1
47 28 -1
47 29 -1
47 30 -1
47 31 -1
47 32 -1
47 33 -1
47 34 -1
47 35 -1
47 36 -1
47 37 -1
47 38 -1

48 0 58.3376
48 1 57.9469
48 2 56.7664
48 3 55.1028
48 4 52.9957
48 5 50.5849
48 6 47.833
48 7 44.7343
48 8 41.3271
48 9 37.5397
48 10 33.3757
48 11 28.8034
48 12 23.7054
48 13 18.0358
48 14 11.3429
48 15 2.21185
48 16 -1
48 17 -1
48 18 -1
48 19 -1
48 20 -1
48 21 -1
48 22 -1
48 23 -1
48 24 -1
48 25 -1
48 26 -1
48 27 -1
48 28 -1
48 29 -1
48 30 -1
48 31 -1
48 32 -1
48 33 -1
48 34 -1
48 35 -1
48 36 -1
48 37 -1
48 38 -1

49 0 59.1224
49 1 58.7838
49 2 57.6826
49 3 56.0883
49 4 54.0487
49 5 51.6945
49 6 49.0574
49 7 46.0497
49 8 42.7018
49 9 39.0255
49 10 34.9793
49 11 30.4902
49 12 25.5786
49 13 20.0792
49 14 13.775
49 15 5.71967
49 16 -1
49 17 -1
49 18 -1
49 19 -1
49 20 -1
49 21 -1
49 22 -1
49 23 -1
49 24 -1
49 25 -1
49 26 -1
49 27 -1
49 28 -1
49 29 -1
49 30 -1
49 31 -1
49 32 -1
49 33 -1
49 34 -1
49 35 -1
49 36 -1
49 37 -1
49 38 -1

50 0 59.8777
50 1 59.5978
50 2 58.5667
50 3 57.0356
50 4 55.0754
50 5 52.8095
50 6 50.2099
50 7 47.2892
50 8 44.0464
50 9 40.4683
50 10 36.5073
50 11 32.1453
50 12 27.3969
50 13 22.093
50 14 16.0259
50 15 8.69781
50 16 -1
50 17 -1
50 18 -1
50 19 -1
50 20 -1
50 21 -1
50 22 -1
50 23 -1
50 24 -1
50 25 -1
50 26 -1
50 27 -1
50 28 -1
50 29 -1
50 30 -1
50 31 -1
50 32 -1
50 33 -1
50 34 -1
50 35 -1
50 36 -1
50 37 -1
50 38 -1

51 0 60.6011
51 1 60.3796
51 2 59.4088
51 3 57.9495
51 4 56.0722
51 5 53.8726
51 6 51.3398
51 7 48.5276
51 8 45.3605
51 9 41.8809
51 10 38.0387
51 11 33.7797
51 12 29.1572
51 13 24.0247
51 14 18.2375
51 15 11.3013
51 16 2.01178
51 17 -1
51 18 -1
51 19 -1
51 20 -1
51 21 -1
51 22 -1
51 23 -1
51 24 -1
51 25 -1
51 26 -1
51 27 -1
51 28 -1
51 29 -1
51 30 -1
51 31 -1
51 32 -1
51 33 -1
51 34 -1
51 35 -1
51 36 -1
51 37 -1
51 38 -1

52 0 61.2823
52 1 61.139
52 2 60.2328
52 3 58.8444
52 4 57.0496
52 5 54.9088
52 6 52.4687
52 7 49.7197
52 8 46.6818
52 9 43.2411
52 10 39.5244
52 11 35.3966
52 12 30.894
52 13 25.8497
52 14 20.3129
52 15 13.8359
52 16 5.74823
52 17 -1
52 18 -1
52 19 -1
52 20 -1
52 21 -1
52 22 -1
52 23 -1
52 24 -1
52 25 -1
52 26 -1
52 27 -1
52 28 -1
52 29 -1
52 30 -1
52 31 -1
52 32 -1
52 33 -1
52 34 -1
52 35 -1
52 36 -1
52 37 -1
52 38 -1

53 0 61.9343
53 1 61.8678
53 2 61.0289
53 3 59.7071
53 4 57.9863
53 5 55.9227
53 6 53.5443
53 7 50.8655
53 8 47.8994
53 9 44.6288
53 10 40.9508
53 11 36.9857
53 12 32.5894
53 13 27.7104
53 14 22.3268
53 15 16.1498
53 16 8.68219
53 17 -1
53 18 -1
53 19 -1
53 20 -1
53 21 -1
53 22 -1
53 23 -1
53 24 -1
53 25 -1
53 26 -1
53 27 -1
53 28 -1
53 29 -1
53 30 -1
53 31 -1
53 32 -1
53 33 -1
53 34 -1
53 35 -1
53 36 -1
53 37 -1
53 38 -1

54 0 62.56
54 1 62.5558
54 2 61.7935
54 3 60.5392
54 4 58.8822
54 5 56.8935
54 6 54.6148
54 7 52.0035
54 8 49.129
54 9 45.9382
54 10 42.4022
54 11 38.4915
54 12 34.244
54 13 29.5434
54 14 24.2919
54 15 18.3964
54 16 11.3445
54 17 2.03247
54 18 -1
54 19 -1
54 20 -1
54 21 -1
54 22 -1
54 23 -1
54 24 -1
54 25 -1
54 26 -1
54 27 -1
54 28 -1
54 29 -1
54 30 -1
54 31 -1
54 32 -1
54 33 -1
54 34 -1
54 35 -1
54 36 -1
54 37 -1
54 38 -1

55 0 63.1492
55 1 63.2136
55 2 62.5261
55 3 61.3326
55 4 59.7462
55 5 57.8376
55 6 55.6143
55 7 53.1022
55 8 50.3087
55 9 47.1559
55 10 43.7733
55 11 39.9866
55 12 35.8644
55 13 31.2656
55 14 26.2065
55 15 20.5115
55 16 13.8472
55 17 5.48206
55 18 -1
55 19 -1
55 20 -1
55 21 -1
55 22 -1
55 23 -1
55 24 -1
55 25 -1
55 26 -1
55 27 -1
55 28 -1
55 29 -1
55 30 -1
55 31 -1
55 32 -1
55 33 -1
55 34 -1
55 35 -1
55 36 -1
55 37 -1
55 38 -1

56 0 63.6984
56 1 63.8416
56 2 63.2206
56 3 62.0935
56 4 60.5853
56 5 58.7405
56 6 56.6
56 7 54.1678
56 8 51.4476
56 9 48.4349
56 10 45.0828
56 11 41.4496
56 12 37.4218
56 13 32.9729
56 14 28.0853
56 15 22.5651
56 16 16.2477
56 17 8.51025
56 18 -1
56 19 -1
56 20 -1
56 21 -1
56 22 -1
56 23 -1
56 24 -1
56 25 -1
56 26 -1
56 27 -1
56 28 -1
56 29 -1
56 30 -1
56 31 -1
56 32 -1
56 33 -1
56 34 -1
56 35 -1
56 36 -1
56 37 -1
56 38 -1

57 0 64.2183
57 1 64.4287
57 2 63.8846
57 3 62.8322
57 4 61.3901
57 5 59.6352
57 6 57.5269
57 7 55.1802
57 8 52.5379
57 9 49.6307
57 10 46.3821
57 11 42.8263
57 12 38.9297
57 13 34.6322
57 14 29.8563
57 15 24.5615
57 16 18.4926
57 17 11.3889
57 18 1.56085
57 19 -1
57 20 -1
57 21 -1
57 22 -1
57 23 -1
57 24 -1
57 25 -1
57 26 -1
57 27 -1
57 28 -1
57 29 -1
57 30 -1
57 31 -1
57 32 -1
57 33 -1
57 34 -1
57 35 -1
57 36 -1
57 37 -1
57 38 -1

58 0 64.7163
58 1 64.9916
58 2 64.5097
58 3 63.5292
58 4 62.1769
58 5 60.4753
58 6 58.4656
58 7 56.166
58 8 53.6001
58 9 50.7847
58 10 47.6357
58 11 44.1829
58 12 40.3774
58 13 36.199
58 14 31.6074
58 15 26.4919
58 16 20.7028
58 17 13.9855
58 18 5.57764
58 19 -1
58 20 -1
58 21 -1
58 22 -1
58 23 -1
58 24 -1
58 25 -1
58 26 -1
58 27 -1
58 28 -1
58 29 -1
58 30 -1
58 31 -1
58 32 -1
58 33 -1
58 34 -1
58 35 -1
58 36 -1
58 37 -1
58 38 -1

59 0 65.1766
59 1 65.5279
59 2 65.0993
59 3 64.2036
59 4 62.9204
59 5 61.2899
59 6 59.3514
59 7 57.1432
59 8 54.647
59 9 51.885
59 10 48.8692
59 11 45.4977
59 12 41.7928
59 13 37.7499
59 14 33.2679
59 15 28.3928
59 16 22.7906
59 17 16.4879
59 18 8.75159
59 19 -1
59 20 -1
59 21 -1
59 22 -1
59 23 -1
59 24 -1
59 25 -1
59 26 -1
59 27 -1
59 28 -1
59 29 -1
59 30 -1
59 31 -1
59 32 -1
59 33 -1
59 34 -1
59 35 -1
59 36 -1
59 37 -1
59 38 -1

60 0 65.5914
60 1 66.0104
60 2 65.6497
60 3 64.8242
60 4 63.6243
60 5 62.0559
60 6 60.2201
60 7 58.1032
60 8 55.6722
60 9 52.9977
60 10 50.0159
60 11 46.7888
60 12 43.1686
60 13 39.2468
60 14 34.9564
60 15 30.1755
60 16 24.8204
60 17 18.7258
60 18 11.5055
60 19 2.2392
60 20 -1
60 21 -1
60 22 -1
60 23 -1
60 24 -1
60 25 -1
60 26 -1
60 27 -1
60 28 -1
60 29 -1
60 30 -1
60 31 -1
60 32 -1
60 33 -1
60 34 -1
60 35 -1
60 36 -1
60 37 -1
60 38 -1

61 0 65.9597
61 1 66.4462
61 2 66.1807
61 3 65.4011
61 4 64.2708
61 5 62.8018
61 6 61.0342
61 7 58.9963
61 8 56.67
61 9 54.0604
61 10 51.1954
61 11 48.0065
61 12 44.5242
61 13 40.6859
61 14 36.4684
61 15 31.9406
61 16 26.7775
61 17 20.968
61 18 14.0703
61 19 5.68524
61 20 -1
61 21 -1
61 22 -1
61 23 -1
61 24 -1
61 25 -1
61 26 -1
61 27 -1
61 28 -1
61 29 -1
61 30 -1
61 31 -1
61 32 -1
61 33 -1
61 34 -1
61 35 -1
61 36 -1
61 37 -1
61 38 -1

62 0 66.3085
62 1 66.8561
62 2 66.6567
62 3 65.9554
62 4 64.8844
62 5 63.4965
62 6 61.819
62 7 59.8648
62 8 57.6192
62 9 55.0905
62 10 52.302
62 11 49.2302
62 12 45.8501
62 13 42.1118
62 14 38.0168
62 15 33.5737
62 16 28.6238
62 17 23.0443
62 18 16.5312
62 19 8.71167
62 20 -1
62 21 -1
62 22 -1
62 23 -1
62 24 -1
62 25 -1
62 26 -1
62 27 -1
62 28 -1
62 29 -1
62 30 -1
62 31 -1
62 32 -1
62 33 -1
62 34 -1
62 35 -1
62 36 -1
62 37 -1
62 38 -1

63 0 66.5862
63 1 67.2244
63 2 67.0822
63 3 66.4583
63 4 65.4646
63 5 64.1498
63 6 62.5569
63 7 60.6748
63 8 58.5052
63 9 56.0853
63 10 53.3549
63 11 50.395
63 12 47.1266
63 13 43.4999
63 14 39.5212
63 15 35.2031
63 16 30.4517
63 17 25.0383
63 18 18.9567
63 19 11.6857
63 20 1.74811
63 21 -1
63 22 -1
63 23 -1
63 24 -1
63 25 -1
63 26 -1
63 27 -1
63 28 -1
63 29 -1
63 30 -1
63 31 -1
63 32 -1
63 33 -1
63 34 -1
63 35 -1
63 36 -1
63 37 -1
63 38 -1

64 0 66.8278
64 1 67.5295
64 2 67.4688
64 3 66.9101
64 4 65.9899
64 5 64.7568
64 6 63.2155
64 7 61.4412
64 8 59.3638
64 9 57.0106
64 10 54.3927
64 11 51.4869
64 12 48.3413
64 13 44.8454
64 14 41.0027
64 15 36.795
64 16 32.1659
64 17 26.9963
64 18 21.1499
64 19 14.2596
64 20 5.47937
64 21 -1
64 22 -1
64 23 -1
64 24 -1
64 25 -1
64 26 -1
64 27 -1
64 28 -1
64 29 -1
64 30 -1
64 31 -1
64 32 -1
64 33 -1
64 34 -1
64 35 -1
64 36 -1
64 37 -1
64 38 -1

65 0 67.009
65 1 67.7842
65 2 67.8075
65 3 67.3368
65 4 66.4824
65 5 65.3353
65 6 63.8724
65 7 62.1542
65 8 60.1637
65 9 57.9282
65 10 55.3895
65 11 52.5599
65 12 49.5156
65 13 46.1541
65 14 42.4116
65 15 38.324
65 16 33.8363
65 17 28.8376
65 18 23.2274
65 19 16.7108
65 20 8.83276
65 21 -1
65 22 -1
65 23 -1
65 24 -1
65 25 -1
65 26 -1
65 27 -1
65 28 -1
65 29 -1
65 30 -1
65 31 -1
65 32 -1
65 33 -1
65 34 -1
65 35 -1
65 36 -1
65 37 -1
65 38 -1

66 0 67.1222
66 1 68.0059
66 2 68.0892
66 3 67.7002
66 4 66.9409
66 5 65.8536
66 6 64.4916
66 7 62.8334
66 8 60.9462
66 9 58.7467
66 10 56.3286
66 11 53.6149
66 12 50.6132
66 13 47.385
66 14 43.7682
66 15 39.7877
66 16 35.4681
66 17 30.6233
66 18 25.2242
66 19 19.0425
66 20 11.7024
66 21 1.85327
66 22 -1
66 23 -1
66 24 -1
66 25 -1
66 26 -1
66 27 -1
66 28 -1
66 29 -1
66 30 -1
66 31 -1
66 32 -1
66 33 -1
66 34 -1
66 35 -1
66 36 -1
66 37 -1
66 38 -1

67 0 67.1868
67 1 68.1475
67 2 68.3401
67 3 68.0142
67 4 67.3429
67 5 66.3237
67 6 65.0416
67 7 63.4776
67 8 61.6632
67 9 59.5688
67 10 57.2285
67 11 54.6072
67 12 51.7206
67 13 48.5358
67 14 45.063
67 15 41.2253
67 16 37.0013
67 17 32.3885
67 18 27.1586
67 19 21.2723
67 20 14.3461
67 21 5.84943
67 22 -1
67 23 -1
67 24 -1
67 25 -1
67 26 -1
67 27 -1
67 28 -1
67 29 -1
67 30 -1
67 31 -1
67 32 -1
67 33 -1
67 34 -1
67 35 -1
67 36 -1
67 37 -1
67 38 -1

68 0 67.2072
68 1 68.2452
68 2 68.5106
68 3 68.2799
68 4 67.6824
68 5 66.7513
68 6 65.5515
68 7 64.0654
68 8 62.3411
68 9 60.3331
68 10 58.084
68 11 55.5515
68 12 52.7607
68 13 49.6794
68 14 46.304
68 15 42.612
68 16 38.4985
68 17 33.9948
68 18 29.0334
68 19 23.4362
68 20 16.8729
68 21 9.15167
68 22 -1
68 23 -1
68 24 -1
68 25 -1
68 26 -1
68 27 -1
68 28 -1
68 29 -1
68 30 -1
68 31 -1
68 32 -1
68 33 -1
68 34 -1
68 35 -1
68 36 -1
68 37 -1
68 38 -1

69 0 67.1697
69 1 68.2959
69 2 68.6429
69 3 68.4935
69 4 67.9794
69 5 67.1349
69 6 66.0043
69 7 64.6205
69 8 62.9622
69 9 61.0463
69 10 58.8815
69 11 56.4604
69 12 53.7404
69 13 50.7834
69 14 47.5234
69 15 43.9066
69 16 39.9398
69 17 35.5917
69 18 30.7797
69 19 25.4391
69 20 19.2749
69 21 12.0275
69 22 2.17853
69 23 -1
69 24 -1
69 25 -1
69 26 -1
69 27 -1
69 28 -1
69 29 -1
69 30 -1
69 31 -1
69 32 -1
69 33 -1
69 34 -1
69 35 -1
69 36 -1
69 37 -1
69 38 -1

70 0 67.0612
70 1 68.2802
70 2 68.7157
70 3 68.6652
70 4 68.2358
70 5 67.4686
70 6 66.4177
70 7 65.1049
70 8 63.5369
70 9 61.7298
70 10 59.6423
70 11 57.3043
70 12 54.6968
70 13 51.8219
70 14 48.6766
70 15 45.1954
70 16 41.3584
70 17 37.1412
70 18 32.4566
70 19 27.3533
70 20 21.4554
70 21 14.6294
70 22 5.97363
70 23 -1
70 24 -1
70 25 -1
70 26 -1
70 27 -1
70 28 -1
70 29 -1
70 30 -1
70 31 -1
70 32 -1
70 33 -1
70 34 -1
70 35 -1
70 36 -1
70 37 -1
70 38 -1

71 0 66.8596
71 1 68.1846
71 2 68.7298
71 3 68.7757
71 4 68.426
71 5 67.7468
71 6 66.7697
71 7 65.5594
71 8 64.0709
71 9 62.3316
71 10 60.355
71 11 58.1
71 12 55.5953
71 13 52.8227
71 14 49.7747
71 15 46.3873
71 16 42.7285
71 17 38.6027
71 18 34.1428
71 19 29.1657
71 20 23.5972
71 21 17.0524
71 22 9.20557
71 23 -1
71 24 -1
71 25 -1
71 26 -1
71 27 -1
71 28 -1
71 29 -1
71 30 -1
71 31 -1
71 32 -1
71 33 -1
71 34 -1
71 35 -1
71 36 -1
71 37 -1
71 38 -1

72 0 66.5516
72 1 68.0063
72 2 68.6687
72 3 68.7996
72 4 68.5481
72 5 67.9608
72 6 67.0899
72 7 65.933
72 8 64.551
72 9 62.9061
72 10 61.0149
72 11 58.8557
72 12 56.4351
72 13 53.7668
72 14 50.8366
72 15 47.5493
72 16 43.9662
72 17 40.0463
72 18 35.6958
72 19 30.9239
72 20 25.5909
72 21 19.3326
72 22 12.1299
72 23 2.40839
72 24 -1
72 25 -1
72 26 -1
72 27 -1
72 28 -1
72 29 -1
72 30 -1
72 31 -1
72 32 -1
72 33 -1
72 34 -1
72 35 -1
72 36 -1
72 37 -1
72 38 -1

73 0 66.1575
73 1 67.7335
73 2 68.5053
73 3 68.7572
73 4 68.602
73 5 68.1155
73 6 67.3355
73 7 66.2796
73 8 64.9669
73 9 63.4222
73 10 61.6281
73 11 59.5661
73 12 57.2394
73 13 54.6663
73 14 51.8073
73 15 48.6372
73 16 45.1834
73 17 41.3648
73 18 37.193
73 19 32.5671
73 20 27.4415
73 21 21.551
73 22 14.6959
73 23 6.36316
73 24 -1
73 25 -1
73 26 -1
73 27 -1
73 28 -1
73 29 -1
73 30 -1
73 31 -1
73 32 -1
73 33 -1
73 34 -1
73 35 -1
73 36 -1
73 37 -1
73 38 -1

74 0 65.6508
74 1 67.3795
74 2 68.2706
74 3 68.6381
74 4 68.5917
74 5 68.2057
74 6 67.5143
74 7 66.5632
74 8 65.3389
74 9 63.8907
74 10 62.1494
74 11 60.2181
74 12 58.0015
74 13 55.5125
74 14 52.7545
74 15 49.7037
74 16 46.3318
74 17 42.6671
74 18 38.6207
74 19 34.1337
74 20 29.2018
74 21 23.5968
74 22 17.0696
74 23 9.35828
74 24 -1
74 25 -1
74 26 -1
74 27 -1
74 28 -1
74 29 -1
74 30 -1
74 31 -1
74 32 -1
74 33 -1
74 34 -1
74 35 -1
74 36 -1
74 37 -1
74 38 -1

75 0 65.0436
75 1 66.9003
75 2 67.9355
75 3 68.424
75 4 68.5015
75 5 68.2209
75 6 67.6421
75 7 66.7792
75 8 65.6549
75 9 64.2812
75 10 62.6744
75 11 60.8112
75 12 58.6927
75 13 56.3124
75 14 53.6472
75 15 50.7131
75 16 47.4526
75 17 43.9191
75 18 40.0138
75 19 35.6802
75 20 30.8714
75 21 25.519
75 22 19.4331
75 23 12.1647
75 24 2.24359
75 25 -1
75 26 -1
75 27 -1
75 28 -1
75 29 -1
75 30 -1
75 31 -1
75 32 -1
75 33 -1
75 34 -1
75 35 -1
75 36 -1
75 37 -1
75 38 -1

76 0 64.304
76 1 66.3237
76 2 67.4826
76 3 68.1157
76 4 68.3188
76 5 68.1539
76 6 67.6831
76 7 66.9299
76 8 65.9014
76 9 64.6234
76 10 63.1109
76 11 61.3585
76 12 59.3398
76 13 57.0395
76 14 54.5098
76 15 51.6605
76 16 48.516
76 17 45.0984
76 18 41.3143
76 19 37.1547
76 20 32.5152
76 21 27.3638
76 22 21.5397
76 23 14.7663
76 24 6.27716
76 25 -1
76 26 -1
76 27 -1
76 28 -1
76 29 -1
76 30 -1
76 31 -1
76 32 -1
76 33 -1
76 34 -1
76 35 -1
76 36 -1
76 37 -1
76 38 -1

77 0 63.3906
77 1 65.6058
77 2 66.9285
77 3 67.6884
77 4 68.0294
77 5 67.9979
77 6 67.6497
77 7 66.997
77 8 66.0794
77 9 64.9191
77 10 63.4865
77 11 61.8249
77 12 59.9072
77 13 57.7659
77 14 55.2846
77 15 52.5812
77 16 49.5273
77 17 46.2348
77 18 42.5925
77 19 38.5388
77 20 34.1138
77 21 29.1306
77 22 23.5564
77 23 17.119
77 24 9.47272
77 25 -1
77 26 -1
77 27 -1
77 28 -1
77 29 -1
77 30 -1
77 31 -1
77 32 -1
77 33 -1
77 34 -1
77 35 -1
77 36 -1
77 37 -1
77 38 -1

78 0 62.2602
78 1 64.7098
78 2 66.2192
78 3 67.1527
78 4 67.6296
78 5 67.7497
78 6 67.521
78 7 66.9982
78 8 66.1893
78 9 65.1362
78 10 63.7902
78 11 62.2347
78 12 60.4011
78 13 58.3596
78 14 56.0487
78 15 53.431
78 16 50.5079
78 17 47.3135
78 18 43.7974
78 19 39.9368
78 20 35.5983
78 21 30.8151
78 22 25.4524
78 23 19.427
78 24 12.2082
78 25 2.28259
78 26 -1
78 27 -1
78 28 -1
78 29 -1
78 30 -1
78 31 -1
78 32 -1
78 33 -1
78 34 -1
78 35 -1
78 36 -1
78 37 -1
78 38 -1

79 0 60.8624
79 1 63.6163
79 2 65.3659
79 3 66.4986
79 4 67.1199
79 5 67.3787
79 6 67.2944
79 7 66.8979
79 8 66.2137
79 9 65.2647
79 10 64.0486
79 11 62.5847
79 12 60.8501
79 13 58.8968
79 14 56.6699
79 15 54.2175
79 16 51.4106
79 17 48.3405
79 18 44.9308
79 19 41.1721
79 20 37.058
79 21 32.443
79 22 27.2759
79 23 21.4811
79 24 14.7361
79 25 6.23907
79 26 -1
79 27 -1
79 28 -1
79 29 -1
79 30 -1
79 31 -1
79 32 -1
79 33 -1
79 34 -1
79 35 -1
79 36 -1
79 37 -1
79 38 -1

80 0 59.0958
80 1 62.2433
80 2 64.3077
80 3 65.6663
80 4 66.5096
80 5 66.8942
80 6 66.9611
80 7 66.6905
80 8 66.126
80 9 65.3104
80 10 64.2098
80 11 62.8679
80 12 61.263
80 13 59.3931
80 14 57.2666
80 15 54.8789
80 16 52.2399
80 17 49.2841
80 18 46.0446
80 19 42.4072
80 20 38.4341
80 21 33.9883
80 22 29.0049
80 23 23.4549
80 24 17.0275
80 25 9.3385
80 26 -1
80 27 -1
80 28 -1
80 29 -1
80 30 -1
80 31 -1
80 32 -1
80 33 -1
80 34 -1
80 35 -1
80 36 -1
80 37 -1
80 38 -1

81 0 56.6069
81 1 60.5001
81 2 62.9462
81 3 64.6181
81 4 65.7106
81 5 66.2989
81 6 66.5177
81 7 66.3979
81 8 65.9575
81 9 65.2585
81 10 64.3054
81 11 63.0587
81 12 61.5679
81 13 59.8198
81 14 57.8113
81 15 55.5462
81 16 52.9838
81 17 50.1884
81 18 47.044
81 19 43.5519
81 20 39.6988
81 21 35.4871
81 22 30.6784
81 23 25.3137
81 24 19.207
81 25 12.0166
81 26 2.7962
81 27 -1
81 28 -1
81 29 -1
81 30 -1
81 31 -1
81 32 -1
81 33 -1
81 34 -1
81 35 -1
81 36 -1
81 37 -1
81 38 -1

82 0 -1
82 1 58.0173
82 2 61.233
82 3 63.2857
82 4 64.6823
82 5 65.533
82 6 65.9335
82 7 65.9839
82 8 65.7145
82 9 65.1208
82 10 64.2784
82 11 63.1902
82 12 61.8049
82 13 60.1777
82 14 58.2833
82 15 56.1487
82 16 53.7062
82 17 50.9668
82 18 47.9993
82 19 44.6575
82 20 40.9492
82 21 36.8441
82 22 32.3188
82 23 27.1259
82 24 21.2921
82 25 14.5281
82 26 6.25238
82 27 -1
82 28 -1
82 29 -1
82 30 -1
82 31 -1
82 32 -1
82 33 -1
82 34 -1
82 35 -1
82 36 -1
82 37 -1
82 38 -1

83 0 -1
83 1 -1
83 2 58.8029
83 3 61.6086
83 4 63.3904
83 5 64.5422
83 6 65.1829
83 7 65.4277
83 8 65.3209
83 9 64.8932
83 10 64.174
83 11 63.199
83 12 61.9675
83 13 60.4554
83 14 58.692
83 15 56.6421
83 16 54.3389
83 17 51.7579
83 18 48.8564
83 19 45.6724
83 20 42.1476
83 21 38.1697
83 22 33.7596
83 23 28.9139
83 24 23.2703
83 25 16.8181
83 26 9.12976
83 27 -1
83 28 -1
83 29 -1
83 30 -1
83 31 -1
83 32 -1
83 33 -1
83 34 -1
83 35 -1
83 36 -1
83 37 -1
83 38 -1

84 0 -1
84 1 -1
84 2 -1
84 3 59.2169
84 4 61.7319
84 5 63.2821
84 6 64.2184
84 7 64.7014
84 8 64.8006
84 9 64.5355
84 10 63.9659
84 11 63.1246
84 12 62.0192
84 13 60.6568
84 14 59.0007
84 15 57.0816
84 16 54.8814
84 17 52.4285
84 18 49.6742
84 19 46.6285
84 20 43.2137
84 21 39.4681
84 22 35.2279
84 23 30.5449
84 24 25.2346
84 25 19.0401
84 26 11.7369
84 27 2.53998
84 28 -1
84 29 -1
84 30 -1
84 31 -1
84 32 -1
84 33 -1
84 34 -1
84 35 -1
84 36 -1
84 37 -1
84 38 -1

85 0 -1
85 1 -1
85 2 -1
85 3 -1
85 4 59.3666
85 5 61.6407
85 6 62.983
85 7 63.754
85 8 64.0906
85 9 64.0433
85 10 63.6415
85 11 62.949
85 12 61.9724
85 13 60.7362
85 14 59.2352
85 15 57.4404
85 16 55.3802
85 17 53.0211
85 18 50.4049
85 19 47.4911
85 20 44.2323
85 21 40.6385
85 22 36.6138
85 23 32.0583
85 24 26.9802
85 25 21.2008
85 26 14.2274
85 27 5.98328
85 28 -1
85 29 -1
85 30 -1
85 31 -1
85 32 -1
85 33 -1
85 34 -1
85 35 -1
85 36 -1
85 37 -1
85 38 -1

86 0 -1
86 1 -1
86 2 -1
86 3 -1
86 4 -1
86 5 59.3144
86 6 61.3744
86 7 62.5651
86 8 63.1732
86 9 63.3679
86 10 63.183
86 11 62.6512
86 12 61.8283
86 13 60.7264
86 14 59.3576
86 15 57.7174
86 16 55.7667
86 17 53.5549
86 18 51.0496
86 19 48.2698
86 20 45.1758
86 21 41.7032
86 22 37.8736
86 23 33.5532
86 24 28.6481
86 25 23.048
86 26 16.6323
86 27 8.88055
86 28 -1
86 29 -1
86 30 -1
86 31 -1
86 32 -1
86 33 -1
86 34 -1
86 35 -1
86 36 -1
86 37 -1
86 38 -1

87 0 -1
87 1 -1
87 2 -1
87 3 -1
87 4 -1
87 5 -1
87 6 59.0929
87 7 60.9889
87 8 62.0185
87 9 62.49
87 10 62.5439
87 11 62.2211
87 12 61.5754
87 13 60.617
87 14 59.3832
87 15 57.8761
87 16 56.0967
87 17 53.9848
87 18 51.6284
87 19 48.9769
87 20 45.9955
87 21 42.7208
87 22 39.04
87 23 34.8771
87 24 30.2179
87 25 24.8885
87 26 18.7618
87 27 11.5604
87 28 2.09613
87 29 -1
87 30 -1
87 31 -1
87 32 -1
87 33 -1
87 34 -1
87 35 -1
87 36 -1
87 37 -1
87 38 -1

88 0 -1
88 1 -1
88 2 -1
88 3 -1
88 4 -1
88 5 -1
88 6 -1
88 7 58.738
88 8 60.4762
88 9 61.3688
88 10 61.7003
88 11 61.6196
88 12 61.1665
88 13 60.394
88 14 59.3046
88 15 57.9463
88 16 56.315
88 17 54.3675
88 18 52.1154
88 19 49.5994
88 20 46.7549
88 21 43.593
88 22 40.0944
88 23 36.1613
88 24 31.6745
88 25 26.6359
88 26 20.8276
88 27 13.9498
88 28 5.4021
88 29 -1
88 30 -1
88 31 -1
88 32 -1
88 33 -1
88 34 -1
88 35 -1
88 36 -1
88 37 -1
88 38 -1

89 0 -1
89 1 -1
89 2 -1
89 3 -1
89 4 -1
89 5 -1
89 6 -1
89 7 -1
89 8 58.2473
89 9 59.8529
89 10 60.6061
89 11 60.8177
89 12 60.5975
89 13 60.0217
89 14 59.1183
89 15 57.9016
89 16 56.4341
89 17 54.6274
89 18 52.5575
89 19 50.1264
89 20 47.4692
89 21 44.4277
89 22 41.0967
89 23 37.3145
89 24 33.0488
89 25 28.2483
89 26 22.7721
89 27 16.244
89 28 8.35114
89 29 -1
89 30 -1
89 31 -1
89 32 -1
89 33 -1
89 34 -1
89 35 -1
89 36 -1
89 37 -1
89 38 -1

90 0 -1
90 1 -1
90 2 -1
90 3 -1
90 4 -1
90 5 -1
90 6 -1
90 7 -1
90 8 -1
90 9 57.657
90 10 59.1208
90 11 59.7504
90 12 59.8431
90 13 59.4935
90 14 58.7878
90 15 57.7605
90 16 56.4014
90 17 54.8076
90 18 52.8615
90 19 50.624
90 20 48.0374
90 21 45.1736
90 22 41.9778
90 23 38.3851
90 24 34.3407
90 25 29.7619
90 26 24.5764
90 27 18.4332
90 28 11.1968
90 29 0
90 30 -1
90 31 -1
90 32 -1
90 33 -1
90 34 -1
90 35 -1
90 36 -1
90 37 -1
90 38 -1

91 0 -1
91 1 -1
91 2 -1
91 3 -1
91 4 -1
91 5 -1
91 6 -1
91 7 -1
91 8 -1
91 9 -1
91 10 56.9569
91 11 58.3123
91 12 58.8076
91 13 58.7698
91 14 58.2993
91 15 57.4672
91 16 56.3007
91 17 54.8243
91 18 53.0629
91 19 50.9799
91 20 48.584
91 21 45.824
91 22 42.759
91 23 39.3583
91 24 35.5229
91 25 31.1829
91 26 26.1964
91 27 20.5386
91 28 13.6086
91 29 4.5802
91 30 -1
91 31 -1
91 32 -1
91 33 -1
91 34 -1
91 35 -1
91 36 -1
91 37 -1
91 38 -1

92 0 -1
92 1 -1
92 2 -1
92 3 -1
92 4 -1
92 5 -1
92 6 -1
92 7 -1
92 8 -1
92 9 -1
92 10 -1
92 11 56.1757
92 12 57.4034
92 13 57.7762
92 14 57.6122
92 15 57.0216
92 16 56.0511
92 17 54.7528
92 18 53.1346
92 19 51.2258
92 20 48.9935
92 21 46.4219
92 22 43.4814
92 23 40.2236
92 24 36.5908
92 25 32.4279
92 26 27.8118
92 27 22.3564
92 28 16.0286
92 29 7.74078
92 30 -1
92 31 -1
92 32 -1
92 33 -1
92 34 -1
92 35 -1
92 36 -1
92 37 -1
92 38 -1

93 0 -1
93 1 -1
93 2 -1
93 3 -1
93 4 -1
93 5 -1
93 6 -1
93 7 -1
93 8 -1
93 9 -1
93 10 -1
93 11 -1
93 12 55.3117
93 13 56.3953
93 14 56.6503
93 15 56.3715
93 16 55.6566
93 17 54.5478
93 18 53.1246
93 19 51.3511
93 20 49.3038
93 21 46.887
93 22 44.1326
93 23 41.006
93 24 37.5607
93 25 33.6316
93 26 29.1942
93 27 24.1061
93 28 18.0739
93 29 10.7083
93 30 -1
93 31 -1
93 32 -1
93 33 -1
93 34 -1
93 35 -1
93 36 -1
93 37 -1
93 38 -1

94 0 -1
94 1 -1
94 2 -1
94 3 -1
94 4 -1
94 5 -1
94 6 -1
94 7 -1
94 8 -1
94 9 -1
94 10 -1
94 11 -1
94 12 -1
94 13 54.3681
94 14 55.303
94 15 55.442
94 16 55.037
94 17 54.1838
94 18 52.9601
94 19 51.3961
94 20 49.4811
94 21 47.2659
94 22 44.6714
94 23 41.7297
94 24 38.4116
94 25 34.6675
94 26 30.4661
94 27 25.6627
94 28 20.0049
94 29 13.2747
94 30 3.95392
94 31 -1
94 32 -1
94 33 -1
94 34 -1
94 35 -1
94 36 -1
94 37 -1
94 38 -1

95 0 -1
95 1 -1
95 2 -1
95 3 -1
95 4 -1
95 5 -1
95 6 -1
95 7 -1
95 8 -1
95 9 -1
95 10 -1
95 11 -1
95 12 -1
95 13 -1
95 14 53.3325
95 15 54.1345
95 16 54.151
95 17 53.623
95 18 52.6299
95 19 51.2624
95 20 49.5502
95 21 47.4955
95 22 45.0991
95 23 42.3406
95 24 39.1936
95 25 35.6179
95 26 31.6224
95 27 27.0577
95 28 21.8506
95 29 15.495
95 30 7.46509
95 31 -1
95 32 -1
95 33 -1
95 34 -1
95 35 -1
95 36 -1
95 37 -1
95 38 -1

96 0 -1
96 1 -1
96 2 -1
96 3 -1
96 4 -1
96 5 -1
96 6 -1
96 7 -1
96 8 -1
96 9 -1
96 10 -1
96 11 -1
96 12 -1
96 13 -1
96 14 -1
96 15 52.2003
96 16 52.8846
96 17 52.7697
96 18 52.116
96 19 50.9715
96 20 49.4774
96 21 47.6112
96 22 45.4099
96 23 42.8104
96 24 39.8727
96 25 36.4711
96 26 32.665
96 27 28.3344
96 28 23.3837
96 29 17.5263
96 30 10.2105
96 31 -1
96 32 -1
96 33 -1
96 34 -1
96 35 -1
96 36 -1
96 37 -1
96 38 -1

97 0 -1
97 1 -1
97 2 -1
97 3 -1
97 4 -1
97 5 -1
97 6 -1
97 7 -1
97 8 -1
97 9 -1
97 10 -1
97 11 -1
97 12 -1
97 13 -1
97 14 -1
97 15 -1
97 16 50.9893
97 17 51.5585
97 18 51.3194
97 19 50.5174
97 20 49.2479
97 21 47.5958
97 22 45.5588
97 23 43.1978
97 24 40.3984
97 25 37.2274
97 26 33.6071
97 27 29.5082
97 28 24.8143
97 29 19.2901
97 30 12.7766
97 31 3.23401
97 32 -1
97 33 -1
97 34 -1
97 35 -1
97 36 -1
97 37 -1
97 38 -1

98 0 -1
98 1 -1
98 2 -1
98 3 -1
98 4 -1
98 5 -1
98 6 -1
98 7 -1
98 8 -1
98 9 -1
98 10 -1
98 11 -1
98 12 -1
98 13 -1
98 14 -1
98 15 -1
98 16 -1
98 17 49.6998
98 18 50.1584
98 19 49.7757
98 20 48.8294
98 21 47.4249
98 22 45.6062
98 23 43.4085
98 24 40.8576
98 25 37.8674
98 26 34.4534
98 27 30.5401
98 28 26.1177
98 29 20.9327
98 30 14.8065
98 31 6.85614
98 32 -1
98 33 -1
98 34 -1
98 35 -1
98 36 -1
98 37 -1
98 38 -1

99 0 -1
99 1 -1
99 2 -1
99 3 -1
99 4 -1
99 5 -1
99 6 -1
99 7 -1
99 8 -1
99 9 -1
99 10 -1
99 11 -1
99 12 -1
99 13 -1
99 14 -1
99 15 -1
99 16 -1
99 17 -1
99 18 48.3359
99 19 48.6602
99 20 48.1307
99 21 47.0532
99 22 45.4762
99 23 43.5057
99 24 41.1345
99 25 38.3836
99 26 35.1776
99 27 31.4806
99 28 27.2424
99 29 22.4111
99 30 16.7019
99 31 9.57312
99 32 -1
99 33 -1
99 34 -1
99 35 -1
99 36 -1
99 37 -1
99 38 -1

100 0 -1
100 1 -1
100 2 -1
100 3 -1
100 4 -1
100 5 -1
100 6 -1
100 7 -1
100 8 -1
100 9 -1
100 10 -1
100 11 -1
100 12 -1
100 13 -1
100 14 -1
100 15 -1
100 16 -1
100 17 -1
100 18 -1
100 19 46.8832
100 20 47.07
100 21 46.4066
100 22 45.1853
100 23 43.436
100 24 41.3137
100 25 38.7444
100 26 35.7825
100 27 32.3021
100 28 28.3167
100 29 23.7239
100 30 18.4296
100 31 11.9435
100 32 2.98071
100 33 -1
100 34 -1
100 35 -1
100 36 -1
100 37 -1
100 38 -1

101 0 -1
101 1 -1
101 2 -1
101 3 -1
101 4 -1
101 5 -1
101 6 -1
101 7 -1
101 8 -1
101 9 -1
101 10 -1
101 11 -1
101 12 -1
101 13 -1
101 14 -1
101 15 -1
101 16 -1
101 17 -1
101 18 -1
101 19 -1
101 20 45.3593
101 21 45.4029
101 22 44.5858
101 23 43.2202
101 24 41.3073
101 25 38.9661
101 26 36.2062
101 27 32.996
101 28 29.2162
101 29 24.9052
101 30 19.8898
101 31 13.8651
101 32 6.17371
101 33 -1
101 34 -1
101 35 -1
101 36 -1
101 37 -1
101 38 -1

102 0 -1
102 1 -1
102 2 -1
102 3 -1
102 4 -1
102 5 -1
102 6 -1
102 7 -1
102 8 -1
102 9 -1
102 10 -1
102 11 -1
102 12 -1
102 13 -1
102 14 -1
102 15 -1
102 16 -1
102 17 -1
102 18 -1
102 19 -1
102 20 -1
102 21 43.7576
102 22 43.6524
102 23 42.6731
102 24 41.1257
102 25 39.0392
102 26 36.5074
102 27 33.5171
102 28 30.0253
102 29 25.9285
102 30 21.2415
102 31 15.6926
102 32 8.71216
102 33 -1
102 34 -1
102 35 -1
102 36 -1
102 37 -1
102 38 -1

103 0 -1
103 1 -1
103 2 -1
103 3 -1
103 4 -1
103 5 -1
103 6 -1
103 7 -1
103 8 -1
103 9 -1
103 10 -1
103 11 -1
103 12 -1
103 13 -1
103 14 -1
103 15 -1
103 16 -1
103 17 -1
103 18 -1
103 19 -1
103 20 -1
103 21 -1
103 22 42.0692
103 23 41.7979
103 24 40.649
103 25 38.9094
103 26 36.6259
103 27 33.8856
103 28 30.6528
103 29 26.8713
103 30 22.4001
103 31 17.2623
103 32 10.8927
103 33 2.13635
103 34 -1
103 35 -1
103 36 -1
103 37 -1
103 38 -1

104 0 -1
104 1 -1
104 2 -1
104 3 -1
104 4 -1
104 5 -1
104 6 -1
104 7 -1
104 8 -1
104 9 -1
104 10 -1
104 11 -1
104 12 -1
104 13 -1
104 14 -1
104 15 -1
104 16 -1
104 17 -1
104 18 -1
104 19 -1
104 20 -1
104 21 -1
104 22 -1
104 23 40.279
104 24 39.8427
104 25 38.5209
104 26 36.5935
104 27 34.0946
104 28 31.1127
104 29 27.6049
104 30 23.4456
104 31 18.54
104 32 12.7437
104 33 5.08282
104 34 -1
104 35 -1
104 36 -1
104 37 -1
104 38 -1

105 0 -1
105 1 -1
105 2 -1
105 3 -1
105 4 -1
105 5 -1
105 6 -1
105 7 -1
105 8 -1
105 9 -1
105 10 -1
105 11 -1
105 12 -1
105 13 -1
105 14 -1
105 15 -1
105 16 -1
105 17 -1
105 18 -1
105 19 -1
105 20 -1
105 21 -1
105 22 -1
105 23 -1
105 24 38.3992
105 25 37.7831
105 26 36.2999
105 27 34.1371
105 28 31.4045
105 29 28.1524
105 30 24.3147
105 31 19.764
105 32 14.3021
105 33 7.47626
105 34 -1
105 35 -1
105 36 -1
105 37 -1
105 38 -1

106 0 -1
106 1 -1
106 2 -1
106 3 -1
106 4 -1
106 5 -1
106 6 -1
106 7 -1
106 8 -1
106 9 -1
106 10 -1
106 11 -1
106 12 -1
106 13 -1
106 14 -1
106 15 -1
106 16 -1
106 17 -1
106 18 -1
106 19 -1
106 20 -1
106 21 -1
106 22 -1
106 23 -1
106 24 -1
106 25 36.4276
106 26 35.6123
106 27 33.9331
106 28 31.5575
106 29 28.5573
106 30 24.9919
106 31 20.807
106 32 15.7529
106 33 9.47455
106 34 0.252502
106 35 -1
106 36 -1
106 37 -1
106 38 -1

107 0 -1
107 1 -1
107 2 -1
107 3 -1
107 4 -1
107 5 -1
107 6 -1
107 7 -1
107 8 -1
107 9 -1
107 10 -1
107 11 -1
107 12 -1
107 13 -1
107 14 -1
107 15 -1
107 16 -1
107 17 -1
107 18 -1
107 19 -1
107 20 -1
107 21 -1
107 22 -1
107 23 -1
107 24 -1
107 25 -1
107 26 34.3574
107 27 33.3442
107 28 31.4312
107 29 28.8258
107 30 25.5281
107 31 21.5959
107 32 16.9759
107 33 11.21
107 34 3.58038
107 35 -1
107 36 -1
107 37 -1
107 38 -1

108 0 -1
108 1 -1
108 2 -1
108 3 -1
108 4 -1
108 5 -1
108 6 -1
108 7 -1
108 8 -1
108 9 -1
108 10 -1
108 11 -1
108 12 -1
108 13 -1
108 14 -1
108 15 -1
108 16 -1
108 17 -1
108 18 -1
108 19 -1
108 20 -1
108 21 -1
108 22 -1
108 23 -1
108 24 -1
108 25 -1
108 26 -1
108 27 32.169
108 28 30.9546
108 29 28.7911
108 30 25.8752
108 31 22.2424
108 32 17.92
108 33 12.6339
108 34 5.79169
108 35 -1
108 36 -1
108 37 -1
108 38 -1

109 0 -1
109 1 -1
109 2 -1
109 3 -1
109 4 -1
109 5 -1
109 6 -1
109 7 -1
109 8 -1
109 9 -1
109 10 -1
109 11 -1
109 12 -1
109 13 -1
109 14 -1
109 15 -1
109 16 -1
109 17 -1
109 18 -1
109 19 -1
109 20 -1
109 21 -1
109 22 -1
109 23 -1
109 24 -1
109 25 -1
109 26 -1
109 27 -1
109 28 29.8747
109 29 28.415
109 30 25.9767
109 31 22.7327
109 32 18.6981
109 33 13.8785
109 34 7.72424
109 35 -1
109 36 -1
109 37 -1
109 38 -1

110 0 -1
110 1 -1
110 2 -1
110 3 -1
110 4 -1
110 5 -1
110 6 -1
110 7 -1
110 8 -1
110 9 -1
110 10 -1
110 11 -1
110 12 -1
110 13 -1
110 14 -1
110 15 -1
110 16 -1
110 17 -1
110 18 -1
110 19 -1
110 20 -1
110 21 -1
110 22 -1
110 23 -1
110 24 -1
110 25 -1
110 26 -1
110 27 -1
110 28 -1
110 29 27.4445
110 30 25.7183
110 31 22.9575
110 32 19.3546
110 33 14.8187
110 34 9.23883
110 35 1.578
110 36 -1
110 37 -1
110 38 -1

111 0 -1
111 1 -1
111 2 -1
111 3 -1
111 4 -1
111 5 -1
111 6 -1
111 7 -1
111 8 -1
111 9 -1
111 10 -1
111 11 -1
111 12 -1
111 13 -1
111 14 -1
111 15 -1
111 16 -1
111 17 -1
111 18 -1
111 19 -1
111 20 -1
111 21 -1
111 22 -1
111 23 -1
111 24 -1
111 25 -1
111 26 -1
111 27 -1
111 28 -1
111 29 -1
111 30 24.8672
111 31 22.8434
111 32 19.7262
111 33 15.6782
111 34 10.5455
111 35 3.68951
111 36 -1
111 37 -1
111 38 -1

112 0 -1
112 1 -1
112 2 -1
112 3 -1
112 4 -1
112 5 -1
112 6 -1
112 7 -1
112 8 -1
112 9 -1
112 10 -1
112 11 -1
112 12 -1
112 13 -1
112 14 -1
112 15 -1
112 16 -1
112 17 -1
112 18 -1
112 19 -1
112 20 -1
112 21 -1
112 22 -1
112 23 -1
112 24 -1
112 25 -1
112 26 -1
112 27 -1
112 28 -1
112 29 -1
112 30 -1
112 31 22.1401
112 32 19.7704
112 33 16.2006
112 34 11.6199
112 35 5.46082
112 36 -1
112 37 -1
112 38 -1

113 0 -1
113 1 -1
113 2 -1
113 3 -1
113 4 -1
113 5 -1
113 6 -1
113 7 -1
113 8 -1
113 9 -1
113 10 -1
113 11 -1
113 12 -1
113 13 -1
113 14 -1
113 15 -1
113 16 -1
113 17 -1
113 18 -1
113 19 -1
113 20 -1
113 21 -1
113 22 -1
113 23 -1
113 24 -1
113 25 -1
113 26 -1
113 27 -1
113 28 -1
113 29 -1
113 30 -1
113 31 -1
113 32 19.2562
113 33 16.4754
113 34 12.3428
113 35 6.96362
113 36 -1
113 37 -1
113 38 -1

114 0 -1
114 1 -1
114 2 -1
114 3 -1
114 4 -1
114 5 -1
114 6 -1
114 7 -1
114 8 -1
114 9 -1
114 10 -1
114 11 -1
114 12 -1
114 13 -1
114 14 -1
114 15 -1
114 16 -1
114 17 -1
114 18 -1
114 19 -1
114 20 -1
114 21 -1
114 22 -1
114 23 -1
114 24 -1
114 25 -1
114 26 -1
114 27 -1
114 28 -1
114 29 -1
114 30 -1
114 31 -1
114 32 -1
114 33 16.1672
114 34 12.8542
114 35 7.98816
114 36 1.24811
114 37 -1
114 38 -1

115 0 -1
115 1 -1
115 2 -1
115 3 -1
115 4 -1
115 5 -1
115 6 -1
115 7 -1
115 8 -1
115 9 -1
115 10 -1
115 11 -1
115 12 -1
115 13 -1
115 14 -1
115 15 -1
115 16 -1
115 17 -1
115 18 -1
115 19 -1
115 20 -1
115 21 -1
115 22 -1
115 23 -1
115 24 -1
115 25 -1
115 26 -1
115 27 -1
115 28 -1
115 29 -1
115 30 -1
115 31 -1
115 32 -1
115 33 -1
115 34 12.834
115 35 8.81573
115 36 2.77515
115 37 -1
115 38 -1

116 0 -1
116 1 -1
116 2 -1
116 3 -1
116 4 -1
116 5 -1
116 6 -1
116 7 -1
116 8 -1
116 9 -1
116 10 -1
116 11 -1
116 12 -1
116 13 -1
116 14 -1
116 15 -1
116 16 -1
116 17 -1
116 18 -1
116 19 -1
116 20 -1
116 21 -1
116 22 -1
116 23 -1
116 24 -1
116 25 -1
116 26 -1
116 27 -1
116 28 -1
116 29 -1
116 30 -1
116 31 -1
116 32 -1
116 33 -1
116 34 -1
116 35 9.19305
116 36 4.06525
116 37 -1
116 38 -1

117 0 -1
117 1 -1
117 2 -1
117 3 -1
117 4 -1
117 5 -1
117 6 -1
117 7 -1
117 8 -1
117 9 -1
117 10 -1
117 11 -1
117 12 -1
117 13 -1
117 14 -1
117 15 -1
117 16 -1
117 17 -1
117 18 -1
117 19 -1
117 20 -1
117 21 -1
117 22 -1
117 23 -1
117 24 -1
117 25 -1
117 26 -1
117 27 -1
117 28 -1
117 29 -1
117 30 -1
117 31 -1
117 32 -1
117 33 -1
117 34 -1
117 35 -1
117 36 5.1377
117 37 -1
117 38 -1

118 0 -1
118 1 -1
118 2 -1
118 3 -1
118 4 -1
118 5 -1
118 6 -1
118 7 -1
118 8 -1
118 9 -1
118 10 -1
118 11 -1
118 12 -1
118 13 -1
118 14 -1
118 15 -1
118 16 -1
118 17 -1
118 18 -1
118 19 -1
118 20 -1
118 21 -1
118 22 -1
118 23 -1
118 24 -1
118 25 -1
118 26 -1
118 27 -1
118 28 -1
118 29 -1
118 30 -1
118 31 -1
118 32 -1
118 33 -1
118 34 -1
118 35 -1
118 36 -1
118 37 0.371338
118 38 -1

