# qcoord = 4
# qdih = 3

0 0 -1
0 1 -1
0 2 -1
0 3 -1
0 4 -1
0 5 -1
0 6 -1
0 7 -1
0 8 -1
0 9 -1
0 10 -1
0 11 -1
0 12 -1
0 13 -1
0 14 -1
0 15 -1
0 16 -1
0 17 -1
0 18 -1
0 19 -1
0 20 -1
0 21 -1
0 22 -1
0 23 -1
0 24 -1
0 25 -1
0 26 -1
0 27 -1
0 28 -1
0 29 -1
0 30 -1
0 31 -1
0 32 -1
0 33 -1
0 34 -1

1 0 -0
1 1 -1
1 2 -1
1 3 -1
1 4 -1
1 5 -1
1 6 -1
1 7 -1
1 8 -1
1 9 -1
1 10 -1
1 11 -1
1 12 -1
1 13 -1
1 14 -1
1 15 -1
1 16 -1
1 17 -1
1 18 -1
1 19 -1
1 20 -1
1 21 -1
1 22 -1
1 23 -1
1 24 -1
1 25 -1
1 26 -1
1 27 -1
1 28 -1
1 29 -1
1 30 -1
1 31 -1
1 32 -1
1 33 -1
1 34 -1

2 0 -0
2 1 -1
2 2 -1
2 3 -1
2 4 -1
2 5 -1
2 6 -1
2 7 -1
2 8 -1
2 9 -1
2 10 -1
2 11 -1
2 12 -1
2 13 -1
2 14 -1
2 15 -1
2 16 -1
2 17 -1
2 18 -1
2 19 -1
2 20 -1
2 21 -1
2 22 -1
2 23 -1
2 24 -1
2 25 -1
2 26 -1
2 27 -1
2 28 -1
2 29 -1
2 30 -1
2 31 -1
2 32 -1
2 33 -1
2 34 -1

3 0 -0
3 1 -1
3 2 -1
3 3 -1
3 4 -1
3 5 -1
3 6 -1
3 7 -1
3 8 -1
3 9 -1
3 10 -1
3 11 -1
3 12 -1
3 13 -1
3 14 -1
3 15 -1
3 16 -1
3 17 -1
3 18 -1
3 19 -1
3 20 -1
3 21 -1
3 22 -1
3 23 -1
3 24 -1
3 25 -1
3 26 -1
3 27 -1
3 28 -1
3 29 -1
3 30 -1
3 31 -1
3 32 -1
3 33 -1
3 34 -1

4 0 -0
4 1 -1
4 2 -1
4 3 -1
4 4 -1
4 5 -1
4 6 -1
4 7 -1
4 8 -1
4 9 -1
4 10 -1
4 11 -1
4 12 -1
4 13 -1
4 14 -1
4 15 -1
4 16 -1
4 17 -1
4 18 -1
4 19 -1
4 20 -1
4 21 -1
4 22 -1
4 23 -1
4 24 -1
4 25 -1
4 26 -1
4 27 -1
4 28 -1
4 29 -1
4 30 -1
4 31 -1
4 32 -1
4 33 -1
4 34 -1

5 0 -0
5 1 -1
5 2 -1
5 3 -1
5 4 -1
5 5 -1
5 6 -1
5 7 -1
5 8 -1
5 9 -1
5 10 -1
5 11 -1
5 12 -1
5 13 -1
5 14 -1
5 15 -1
5 16 -1
5 17 -1
5 18 -1
5 19 -1
5 20 -1
5 21 -1
5 22 -1
5 23 -1
5 24 -1
5 25 -1
5 26 -1
5 27 -1
5 28 -1
5 29 -1
5 30 -1
5 31 -1
5 32 -1
5 33 -1
5 34 -1

6 0 -0
6 1 5.49306
6 2 -1
6 3 -1
6 4 -1
6 5 -1
6 6 -1
6 7 -1
6 8 -1
6 9 -1
6 10 -1
6 11 -1
6 12 -1
6 13 -1
6 14 -1
6 15 -1
6 16 -1
6 17 -1
6 18 -1
6 19 -1
6 20 -1
6 21 -1
6 22 -1
6 23 -1
6 24 -1
6 25 -1
6 26 -1
6 27 -1
6 28 -1
6 29 -1
6 30 -1
6 31 -1
6 32 -1
6 33 -1
6 34 -1

7 0 -0
7 1 5.49306
7 2 -1
7 3 -1
7 4 -1
7 5 -1
7 6 -1
7 7 -1
7 8 -1
7 9 -1
7 10 -1
7 11 -1
7 12 -1
7 13 -1
7 14 -1
7 15 -1
7 16 -1
7 17 -1
7 18 -1
7 19 -1
7 20 -1
7 21 -1
7 22 -1
7 23 -1
7 24 -1
7 25 -1
7 26 -1
7 27 -1
7 28 -1
7 29 -1
7 30 -1
7 31 -1
7 32 -1
7 33 -1
7 34 -1

8 0 -0
8 1 5.51353
8 2 -1
8 3 -1
8 4 -1
8 5 -1
8 6 -1
8 7 -1
8 8 -1
8 9 -1
8 10 -1
8 11 -1
8 12 -1
8 13 -1
8 14 -1
8 15 -1
8 16 -1
8 17 -1
8 18 -1
8 19 -1
8 20 -1
8 21 -1
8 22 -1
8 23 -1
8 24 -1
8 25 -1
8 26 -1
8 27 -1
8 28 -1
8 29 -1
8 30 -1
8 31 -1
8 32 -1
8 33 -1
8 34 -1

9 0 -0
9 1 5.52772
9 2 -1
9 3 -1
9 4 -1
9 5 -1
9 6 -1
9 7 -1
9 8 -1
9 9 -1
9 10 -1
9 11 -1
9 12 -1
9 13 -1
9 14 -1
9 15 -1
9 16 -1
9 17 -1
9 18 -1
9 19 -1
9 20 -1
9 21 -1
9 22 -1
9 23 -1
9 24 -1
9 25 -1
9 26 -1
9 27 -1
9 28 -1
9 29 -1
9 30 -1
9 31 -1
9 32 -1
9 33 -1
9 34 -1

10 0 -0
10 1 5.54658
10 2 8.7889
10 3 -1
10 4 -1
10 5 -1
10 6 -1
10 7 -1
10 8 -1
10 9 -1
10 10 -1
10 11 -1
10 12 -1
10 13 -1
10 14 -1
10 15 -1
10 16 -1
10 17 -1
10 18 -1
10 19 -1
10 20 -1
10 21 -1
10 22 -1
10 23 -1
10 24 -1
10 25 -1
10 26 -1
10 27 -1
10 28 -1
10 29 -1
10 30 -1
10 31 -1
10 32 -1
10 33 -1
10 34 -1

11 0 -0
11 1 5.56282
11 2 8.87963
11 3 -1
11 4 -1
11 5 -1
11 6 -1
11 7 -1
11 8 -1
11 9 -1
11 10 -1
11 11 -1
11 12 -1
11 13 -1
11 14 -1
11 15 -1
11 16 -1
11 17 -1
11 18 -1
11 19 -1
11 20 -1
11 21 -1
11 22 -1
11 23 -1
11 24 -1
11 25 -1
11 26 -1
11 27 -1
11 28 -1
11 29 -1
11 30 -1
11 31 -1
11 32 -1
11 33 -1
11 34 -1

12 0 -0
12 1 5.58943
12 2 8.95443
12 3 9.88751
12 4 -1
12 5 -1
12 6 -1
12 7 -1
12 8 -1
12 9 -1
12 10 -1
12 11 -1
12 12 -1
12 13 -1
12 14 -1
12 15 -1
12 16 -1
12 17 -1
12 18 -1
12 19 -1
12 20 -1
12 21 -1
12 22 -1
12 23 -1
12 24 -1
12 25 -1
12 26 -1
12 27 -1
12 28 -1
12 29 -1
12 30 -1
12 31 -1
12 32 -1
12 33 -1
12 34 -1

13 0 -0
13 1 5.59606
13 2 9.03489
13 3 9.88751
13 4 -1
13 5 -1
13 6 -1
13 7 -1
13 8 -1
13 9 -1
13 10 -1
13 11 -1
13 12 -1
13 13 -1
13 14 -1
13 15 -1
13 16 -1
13 17 -1
13 18 -1
13 19 -1
13 20 -1
13 21 -1
13 22 -1
13 23 -1
13 24 -1
13 25 -1
13 26 -1
13 27 -1
13 28 -1
13 29 -1
13 30 -1
13 31 -1
13 32 -1
13 33 -1
13 34 -1

14 0 -0
14 1 5.62052
14 2 9.11175
14 3 10.0597
14 4 -1
14 5 -1
14 6 -1
14 7 -1
14 8 -1
14 9 -1
14 10 -1
14 11 -1
14 12 -1
14 13 -1
14 14 -1
14 15 -1
14 16 -1
14 17 -1
14 18 -1
14 19 -1
14 20 -1
14 21 -1
14 22 -1
14 23 -1
14 24 -1
14 25 -1
14 26 -1
14 27 -1
14 28 -1
14 29 -1
14 30 -1
14 31 -1
14 32 -1
14 33 -1
14 34 -1

15 0 -0
15 1 5.6242
15 2 9.1741
15 3 10.3049
15 4 -1
15 5 -1
15 6 -1
15 7 -1
15 8 -1
15 9 -1
15 10 -1
15 11 -1
15 12 -1
15 13 -1
15 14 -1
15 15 -1
15 16 -1
15 17 -1
15 18 -1
15 19 -1
15 20 -1
15 21 -1
15 22 -1
15 23 -1
15 24 -1
15 25 -1
15 26 -1
15 27 -1
15 28 -1
15 29 -1
15 30 -1
15 31 -1
15 32 -1
15 33 -1
15 34 -1

16 0 -0
16 1 5.65848
16 2 9.25027
16 3 10.5418
16 4 13.1833
16 5 -1
16 6 -1
16 7 -1
16 8 -1
16 9 -1
16 10 -1
16 11 -1
16 12 -1
16 13 -1
16 14 -1
16 15 -1
16 16 -1
16 17 -1
16 18 -1
16 19 -1
16 20 -1
16 21 -1
16 22 -1
16 23 -1
16 24 -1
16 25 -1
16 26 -1
16 27 -1
16 28 -1
16 29 -1
16 30 -1
16 31 -1
16 32 -1
16 33 -1
16 34 -1

17 0 -0
17 1 5.65769
17 2 9.30683
17 3 10.7913
17 4 13.2708
17 5 -1
17 6 -1
17 7 -1
17 8 -1
17 9 -1
17 10 -1
17 11 -1
17 12 -1
17 13 -1
17 14 -1
17 15 -1
17 16 -1
17 17 -1
17 18 -1
17 19 -1
17 20 -1
17 21 -1
17 22 -1
17 23 -1
17 24 -1
17 25 -1
17 26 -1
17 27 -1
17 28 -1
17 29 -1
17 30 -1
17 31 -1
17 32 -1
17 33 -1
17 34 -1

18 0 -0
18 1 5.665
18 2 9.37904
18 3 10.997
18 4 13.3819
18 5 14.282
18 6 -1
18 7 -1
18 8 -1
18 9 -1
18 10 -1
18 11 -1
18 12 -1
18 13 -1
18 14 -1
18 15 -1
18 16 -1
18 17 -1
18 18 -1
18 19 -1
18 20 -1
18 21 -1
18 22 -1
18 23 -1
18 24 -1
18 25 -1
18 26 -1
18 27 -1
18 28 -1
18 29 -1
18 30 -1
18 31 -1
18 32 -1
18 33 -1
18 34 -1

19 0 -0
19 1 5.69543
19 2 9.44662
19 3 11.2109
19 4 13.5275
19 5 14.282
19 6 -1
19 7 -1
19 8 -1
19 9 -1
19 10 -1
19 11 -1
19 12 -1
19 13 -1
19 14 -1
19 15 -1
19 16 -1
19 17 -1
19 18 -1
19 19 -1
19 20 -1
19 21 -1
19 22 -1
19 23 -1
19 24 -1
19 25 -1
19 26 -1
19 27 -1
19 28 -1
19 29 -1
19 30 -1
19 31 -1
19 32 -1
19 33 -1
19 34 -1

20 0 -0
20 1 5.70513
20 2 9.51454
20 3 11.351
20 4 13.731
20 5 14.5366
20 6 -1
20 7 -1
20 8 -1
20 9 -1
20 10 -1
20 11 -1
20 12 -1
20 13 -1
20 14 -1
20 15 -1
20 16 -1
20 17 -1
20 18 -1
20 19 -1
20 20 -1
20 21 -1
20 22 -1
20 23 -1
20 24 -1
20 25 -1
20 26 -1
20 27 -1
20 28 -1
20 29 -1
20 30 -1
20 31 -1
20 32 -1
20 33 -1
20 34 -1

21 0 -0
21 1 5.70527
21 2 9.54156
21 3 11.5527
21 4 13.8983
21 5 14.8754
21 6 -1
21 7 -1
21 8 -1
21 9 -1
21 10 -1
21 11 -1
21 12 -1
21 13 -1
21 14 -1
21 15 -1
21 16 -1
21 17 -1
21 18 -1
21 19 -1
21 20 -1
21 21 -1
21 22 -1
21 23 -1
21 24 -1
21 25 -1
21 26 -1
21 27 -1
21 28 -1
21 29 -1
21 30 -1
21 31 -1
21 32 -1
21 33 -1
21 34 -1

22 0 -0
22 1 5.7283
22 2 9.62648
22 3 11.7116
22 4 14.0452
22 5 15.2225
22 6 17.5778
22 7 -1
22 8 -1
22 9 -1
22 10 -1
22 11 -1
22 12 -1
22 13 -1
22 14 -1
22 15 -1
22 16 -1
22 17 -1
22 18 -1
22 19 -1
22 20 -1
22 21 -1
22 22 -1
22 23 -1
22 24 -1
22 25 -1
22 26 -1
22 27 -1
22 28 -1
22 29 -1
22 30 -1
22 31 -1
22 32 -1
22 33 -1
22 34 -1

23 0 -0
23 1 5.7292
23 2 9.68348
23 3 11.8475
23 4 14.2229
23 5 15.5099
23 6 17.6438
23 7 -1
23 8 -1
23 9 -1
23 10 -1
23 11 -1
23 12 -1
23 13 -1
23 14 -1
23 15 -1
23 16 -1
23 17 -1
23 18 -1
23 19 -1
23 20 -1
23 21 -1
23 22 -1
23 23 -1
23 24 -1
23 25 -1
23 26 -1
23 27 -1
23 28 -1
23 29 -1
23 30 -1
23 31 -1
23 32 -1
23 33 -1
23 34 -1

24 0 -0
24 1 5.75725
24 2 9.71897
24 3 12.031
24 4 14.4457
24 5 15.8109
24 6 17.7905
24 7 18.6764
24 8 -1
24 9 -1
24 10 -1
24 11 -1
24 12 -1
24 13 -1
24 14 -1
24 15 -1
24 16 -1
24 17 -1
24 18 -1
24 19 -1
24 20 -1
24 21 -1
24 22 -1
24 23 -1
24 24 -1
24 25 -1
24 26 -1
24 27 -1
24 28 -1
24 29 -1
24 30 -1
24 31 -1
24 32 -1
24 33 -1
24 34 -1

25 0 -0
25 1 5.76324
25 2 9.76704
25 3 12.1053
25 4 14.5827
25 5 16.0443
25 6 18.0143
25 7 18.6764
25 8 -1
25 9 -1
25 10 -1
25 11 -1
25 12 -1
25 13 -1
25 14 -1
25 15 -1
25 16 -1
25 17 -1
25 18 -1
25 19 -1
25 20 -1
25 21 -1
25 22 -1
25 23 -1
25 24 -1
25 25 -1
25 26 -1
25 27 -1
25 28 -1
25 29 -1
25 30 -1
25 31 -1
25 32 -1
25 33 -1
25 34 -1

26 0 -0
26 1 5.78012
26 2 9.82526
26 3 12.311
26 4 14.7077
26 5 16.2755
26 6 18.2309
26 7 19.0344
26 8 -1
26 9 -1
26 10 -1
26 11 -1
26 12 -1
26 13 -1
26 14 -1
26 15 -1
26 16 -1
26 17 -1
26 18 -1
26 19 -1
26 20 -1
26 21 -1
26 22 -1
26 23 -1
26 24 -1
26 25 -1
26 26 -1
26 27 -1
26 28 -1
26 29 -1
26 30 -1
26 31 -1
26 32 -1
26 33 -1
26 34 -1

27 0 -0
27 1 5.79893
27 2 9.91135
27 3 12.3787
27 4 14.842
27 5 16.5604
27 6 18.4855
27 7 19.4452
27 8 -1
27 9 -1
27 10 -1
27 11 -1
27 12 -1
27 13 -1
27 14 -1
27 15 -1
27 16 -1
27 17 -1
27 18 -1
27 19 -1
27 20 -1
27 21 -1
27 22 -1
27 23 -1
27 24 -1
27 25 -1
27 26 -1
27 27 -1
27 28 -1
27 29 -1
27 30 -1
27 31 -1
27 32 -1
27 33 -1
27 34 -1

28 0 -0
28 1 5.78667
28 2 9.9487
28 3 12.4336
28 4 15.057
28 5 16.8083
28 6 18.7163
28 7 19.8383
28 8 21.9722
28 9 -1
28 10 -1
28 11 -1
28 12 -1
28 13 -1
28 14 -1
28 15 -1
28 16 -1
28 17 -1
28 18 -1
28 19 -1
28 20 -1
28 21 -1
28 22 -1
28 23 -1
28 24 -1
28 25 -1
28 26 -1
28 27 -1
28 28 -1
28 29 -1
28 30 -1
28 31 -1
28 32 -1
28 33 -1
28 34 -1

29 0 -0
29 1 5.80103
29 2 9.99774
29 3 12.5858
29 4 15.2055
29 5 17.019
29 6 18.9712
29 7 20.2188
29 8 22.084
29 9 -1
29 10 -1
29 11 -1
29 12 -1
29 13 -1
29 14 -1
29 15 -1
29 16 -1
29 17 -1
29 18 -1
29 19 -1
29 20 -1
29 21 -1
29 22 -1
29 23 -1
29 24 -1
29 25 -1
29 26 -1
29 27 -1
29 28 -1
29 29 -1
29 30 -1
29 31 -1
29 32 -1
29 33 -1
29 34 -1

30 0 -0
30 1 5.836
30 2 9.97862
30 3 12.6652
30 4 15.3824
30 5 17.2373
30 6 19.1878
30 7 20.5467
30 8 22.2864
30 9 23.0709
30 10 -1
30 11 -1
30 12 -1
30 13 -1
30 14 -1
30 15 -1
30 16 -1
30 17 -1
30 18 -1
30 19 -1
30 20 -1
30 21 -1
30 22 -1
30 23 -1
30 24 -1
30 25 -1
30 26 -1
30 27 -1
30 28 -1
30 29 -1
30 30 -1
30 31 -1
30 32 -1
30 33 -1
30 34 -1

31 0 -0
31 1 5.8482
31 2 10.0543
31 3 12.7948
31 4 15.4687
31 5 17.3791
31 6 19.3868
31 7 20.8325
31 8 22.5233
31 9 23.3213
31 10 -1
31 11 -1
31 12 -1
31 13 -1
31 14 -1
31 15 -1
31 16 -1
31 17 -1
31 18 -1
31 19 -1
31 20 -1
31 21 -1
31 22 -1
31 23 -1
31 24 -1
31 25 -1
31 26 -1
31 27 -1
31 28 -1
31 29 -1
31 30 -1
31 31 -1
31 32 -1
31 33 -1
31 34 -1

32 0 -0
32 1 5.84613
32 2 10.1335
32 3 12.8279
32 4 15.5608
32 5 17.6465
32 6 19.6018
32 7 21.0979
32 8 22.8072
32 9 23.7196
32 10 -1
32 11 -1
32 12 -1
32 13 -1
32 14 -1
32 15 -1
32 16 -1
32 17 -1
32 18 -1
32 19 -1
32 20 -1
32 21 -1
32 22 -1
32 23 -1
32 24 -1
32 25 -1
32 26 -1
32 27 -1
32 28 -1
32 29 -1
32 30 -1
32 31 -1
32 32 -1
32 33 -1
32 34 -1

33 0 -0
33 1 5.8339
33 2 10.0955
33 3 12.9135
33 4 15.7599
33 5 17.7555
33 6 19.8188
33 7 21.3348
33 8 23.051
33 9 24.1056
33 10 25.2681
33 11 -1
33 12 -1
33 13 -1
33 14 -1
33 15 -1
33 16 -1
33 17 -1
33 18 -1
33 19 -1
33 20 -1
33 21 -1
33 22 -1
33 23 -1
33 24 -1
33 25 -1
33 26 -1
33 27 -1
33 28 -1
33 29 -1
33 30 -1
33 31 -1
33 32 -1
33 33 -1
33 34 -1

34 0 -0
34 1 5.86228
34 2 10.2096
34 3 13.1232
34 4 15.8368
34 5 17.91
34 6 20.0392
34 7 21.6036
34 8 23.33
34 9 24.4468
34 10 25.5639
34 11 -1
34 12 -1
34 13 -1
34 14 -1
34 15 -1
34 16 -1
34 17 -1
34 18 -1
34 19 -1
34 20 -1
34 21 -1
34 22 -1
34 23 -1
34 24 -1
34 25 -1
34 26 -1
34 27 -1
34 28 -1
34 29 -1
34 30 -1
34 31 -1
34 32 -1
34 33 -1
34 34 -1

35 0 -0
35 1 5.86424
35 2 10.2463
35 3 13.1332
35 4 15.9408
35 5 17.9887
35 6 20.1506
35 7 22.0176
35 8 23.6242
35 9 24.8144
35 10 25.9214
35 11 26.3667
35 12 -1
35 13 -1
35 14 -1
35 15 -1
35 16 -1
35 17 -1
35 18 -1
35 19 -1
35 20 -1
35 21 -1
35 22 -1
35 23 -1
35 24 -1
35 25 -1
35 26 -1
35 27 -1
35 28 -1
35 29 -1
35 30 -1
35 31 -1
35 32 -1
35 33 -1
35 34 -1

36 0 -0
36 1 5.87993
36 2 10.258
36 3 13.2223
36 4 16.0863
36 5 18.3692
36 6 20.3998
36 7 22.1679
36 8 23.9005
36 9 25.1421
36 10 26.2682
36 11 26.512
36 12 -1
36 13 -1
36 14 -1
36 15 -1
36 16 -1
36 17 -1
36 18 -1
36 19 -1
36 20 -1
36 21 -1
36 22 -1
36 23 -1
36 24 -1
36 25 -1
36 26 -1
36 27 -1
36 28 -1
36 29 -1
36 30 -1
36 31 -1
36 32 -1
36 33 -1
36 34 -1

37 0 -0
37 1 5.89962
37 2 10.3212
37 3 13.3318
37 4 16.1568
37 5 18.4562
37 6 20.6602
37 7 22.4386
37 8 24.1161
37 9 25.4331
37 10 26.6541
37 11 27.1201
37 12 -1
37 13 -1
37 14 -1
37 15 -1
37 16 -1
37 17 -1
37 18 -1
37 19 -1
37 20 -1
37 21 -1
37 22 -1
37 23 -1
37 24 -1
37 25 -1
37 26 -1
37 27 -1
37 28 -1
37 29 -1
37 30 -1
37 31 -1
37 32 -1
37 33 -1
37 34 -1

38 0 -0
38 1 5.90501
38 2 10.3865
38 3 13.2601
38 4 16.3969
38 5 18.6335
38 6 20.8455
38 7 22.7277
38 8 24.37
38 9 25.7874
38 10 27.0205
38 11 27.6945
38 12 -1
38 13 -1
38 14 -1
38 15 -1
38 16 -1
38 17 -1
38 18 -1
38 19 -1
38 20 -1
38 21 -1
38 22 -1
38 23 -1
38 24 -1
38 25 -1
38 26 -1
38 27 -1
38 28 -1
38 29 -1
38 30 -1
38 31 -1
38 32 -1
38 33 -1
38 34 -1

39 0 -0
39 1 5.9171
39 2 10.4288
39 3 13.4473
39 4 16.3593
39 5 18.8655
39 6 21.0169
39 7 22.8323
39 8 24.6596
39 9 26.0306
39 10 27.3479
39 11 28.288
39 12 29.6625
39 13 -1
39 14 -1
39 15 -1
39 16 -1
39 17 -1
39 18 -1
39 19 -1
39 20 -1
39 21 -1
39 22 -1
39 23 -1
39 24 -1
39 25 -1
39 26 -1
39 27 -1
39 28 -1
39 29 -1
39 30 -1
39 31 -1
39 32 -1
39 33 -1
39 34 -1

40 0 -0
40 1 5.92856
40 2 10.4104
40 3 13.5663
40 4 16.68
40 5 18.9279
40 6 21.1675
40 7 23.0161
40 8 24.9239
40 9 26.2638
40 10 27.6778
40 11 28.6474
40 12 29.8723
40 13 -1
40 14 -1
40 15 -1
40 16 -1
40 17 -1
40 18 -1
40 19 -1
40 20 -1
40 21 -1
40 22 -1
40 23 -1
40 24 -1
40 25 -1
40 26 -1
40 27 -1
40 28 -1
40 29 -1
40 30 -1
40 31 -1
40 32 -1
40 33 -1
40 34 -1

41 0 -0
41 1 5.92031
41 2 10.4319
41 3 13.4881
41 4 16.7649
41 5 18.9476
41 6 21.4357
41 7 23.3524
41 8 25.0934
41 9 26.6491
41 10 27.9765
41 11 29.0135
41 12 30.173
41 13 30.7611
41 14 -1
41 15 -1
41 16 -1
41 17 -1
41 18 -1
41 19 -1
41 20 -1
41 21 -1
41 22 -1
41 23 -1
41 24 -1
41 25 -1
41 26 -1
41 27 -1
41 28 -1
41 29 -1
41 30 -1
41 31 -1
41 32 -1
41 33 -1
41 34 -1

42 0 -0
42 1 5.95961
42 2 10.4638
42 3 13.6554
42 4 16.6796
42 5 19.1037
42 6 21.3652
42 7 23.4828
42 8 25.2992
42 9 26.8788
42 10 28.3289
42 11 29.4322
42 12 30.5157
42 13 31.1294
42 14 -1
42 15 -1
42 16 -1
42 17 -1
42 18 -1
42 19 -1
42 20 -1
42 21 -1
42 22 -1
42 23 -1
42 24 -1
42 25 -1
42 26 -1
42 27 -1
42 28 -1
42 29 -1
42 30 -1
42 31 -1
42 32 -1
42 33 -1
42 34 -1

43 0 -0
43 1 5.93371
43 2 10.4593
43 3 13.7195
43 4 16.8323
43 5 19.042
43 6 21.6307
43 7 23.7916
43 8 25.5559
43 9 27.1248
43 10 28.5933
43 11 29.7728
43 12 30.9412
43 13 31.614
43 14 -1
43 15 -1
43 16 -1
43 17 -1
43 18 -1
43 19 -1
43 20 -1
43 21 -1
43 22 -1
43 23 -1
43 24 -1
43 25 -1
43 26 -1
43 27 -1
43 28 -1
43 29 -1
43 30 -1
43 31 -1
43 32 -1
43 33 -1
43 34 -1

44 0 -0
44 1 5.94117
44 2 10.5371
44 3 13.6905
44 4 16.945
44 5 19.4457
44 6 21.8045
44 7 23.7515
44 8 25.7263
44 9 27.5838
44 10 28.8321
44 11 30.1527
44 12 31.2923
44 13 32.0573
44 14 32.9584
44 15 -1
44 16 -1
44 17 -1
44 18 -1
44 19 -1
44 20 -1
44 21 -1
44 22 -1
44 23 -1
44 24 -1
44 25 -1
44 26 -1
44 27 -1
44 28 -1
44 29 -1
44 30 -1
44 31 -1
44 32 -1
44 33 -1
44 34 -1

45 0 -0
45 1 5.96051
45 2 10.5977
45 3 13.7471
45 4 17.0429
45 5 19.7004
45 6 21.8541
45 7 24.2239
45 8 25.9348
45 9 27.5778
45 10 29.2318
45 11 30.489
45 12 31.5989
45 13 32.4703
45 14 33.3178
45 15 -1
45 16 -1
45 17 -1
45 18 -1
45 19 -1
45 20 -1
45 21 -1
45 22 -1
45 23 -1
45 24 -1
45 25 -1
45 26 -1
45 27 -1
45 28 -1
45 29 -1
45 30 -1
45 31 -1
45 32 -1
45 33 -1
45 34 -1

46 0 -0
46 1 5.99461
46 2 10.5885
46 3 13.9515
46 4 17.2378
46 5 19.5142
46 6 22.3623
46 7 24.1429
46 8 26.3322
46 9 28.0369
46 10 29.5356
46 11 30.8599
46 12 31.9649
46 13 32.9206
46 14 33.7315
46 15 34.057
46 16 -1
46 17 -1
46 18 -1
46 19 -1
46 20 -1
46 21 -1
46 22 -1
46 23 -1
46 24 -1
46 25 -1
46 26 -1
46 27 -1
46 28 -1
46 29 -1
46 30 -1
46 31 -1
46 32 -1
46 33 -1
46 34 -1

47 0 -0
47 1 5.98332
47 2 10.6615
47 3 14.0965
47 4 17.124
47 5 19.8929
47 6 22.4757
47 7 24.5469
47 8 26.5239
47 9 28.1632
47 10 29.6592
47 11 31.1745
47 12 32.3793
47 13 33.3018
47 14 34.1351
47 15 34.3034
47 16 -1
47 17 -1
47 18 -1
47 19 -1
47 20 -1
47 21 -1
47 22 -1
47 23 -1
47 24 -1
47 25 -1
47 26 -1
47 27 -1
47 28 -1
47 29 -1
47 30 -1
47 31 -1
47 32 -1
47 33 -1
47 34 -1

48 0 -0
48 1 5.98733
48 2 10.6668
48 3 14.2882
48 4 17.3043
48 5 19.8883
48 6 22.3531
48 7 24.7764
48 8 26.7329
48 9 28.5439
48 10 30.0049
48 11 31.3894
48 12 32.6297
48 13 33.7322
48 14 34.6233
48 15 34.9629
48 16 -1
48 17 -1
48 18 -1
48 19 -1
48 20 -1
48 21 -1
48 22 -1
48 23 -1
48 24 -1
48 25 -1
48 26 -1
48 27 -1
48 28 -1
48 29 -1
48 30 -1
48 31 -1
48 32 -1
48 33 -1
48 34 -1

49 0 -0
49 1 6.02384
49 2 10.7022
49 3 14.1136
49 4 17.4533
49 5 20.1415
49 6 22.3963
49 7 24.9831
49 8 26.7368
49 9 28.8299
49 10 30.3458
49 11 31.7635
49 12 33.0766
49 13 34.0791
49 14 35.0728
49 15 35.6199
49 16 -1
49 17 -1
49 18 -1
49 19 -1
49 20 -1
49 21 -1
49 22 -1
49 23 -1
49 24 -1
49 25 -1
49 26 -1
49 27 -1
49 28 -1
49 29 -1
49 30 -1
49 31 -1
49 32 -1
49 33 -1
49 34 -1

50 0 -0
50 1 6.00704
50 2 10.7718
50 3 14.3262
50 4 17.5768
50 5 20.1131
50 6 22.8381
50 7 25.2332
50 8 27.2491
50 9 28.8325
50 10 30.5068
50 11 32.1194
50 12 33.4932
50 13 34.5469
50 14 35.4446
50 15 36.1973
50 16 37.3528
50 17 -1
50 18 -1
50 19 -1
50 20 -1
50 21 -1
50 22 -1
50 23 -1
50 24 -1
50 25 -1
50 26 -1
50 27 -1
50 28 -1
50 29 -1
50 30 -1
50 31 -1
50 32 -1
50 33 -1
50 34 -1

51 0 -0
51 1 6.01992
51 2 10.794
51 3 14.308
51 4 17.3508
51 5 20.5456
51 6 22.9209
51 7 25.2522
51 8 27.2945
51 9 29.0386
51 10 30.7881
51 11 32.3671
51 12 33.8893
51 13 34.8448
51 14 35.892
51 15 36.6883
51 16 37.6066
51 17 -1
51 18 -1
51 19 -1
51 20 -1
51 21 -1
51 22 -1
51 23 -1
51 24 -1
51 25 -1
51 26 -1
51 27 -1
51 28 -1
51 29 -1
51 30 -1
51 31 -1
51 32 -1
51 33 -1
51 34 -1

52 0 -0
52 1 6.04644
52 2 10.8094
52 3 14.3872
52 4 17.8107
52 5 20.2389
52 6 22.921
52 7 25.431
52 8 27.4352
52 9 29.5225
52 10 30.9115
52 11 32.477
52 12 34.0405
52 13 35.3075
52 14 36.3126
52 15 37.1443
52 16 38.0099
52 17 38.4514
52 18 -1
52 19 -1
52 20 -1
52 21 -1
52 22 -1
52 23 -1
52 24 -1
52 25 -1
52 26 -1
52 27 -1
52 28 -1
52 29 -1
52 30 -1
52 31 -1
52 32 -1
52 33 -1
52 34 -1

53 0 -0
53 1 6.0385
53 2 10.8328
53 3 14.2644
53 4 17.663
53 5 20.6198
53 6 23.2859
53 7 25.318
53 8 27.7763
53 9 29.6531
53 10 31.1732
53 11 32.9007
53 12 34.3655
53 13 35.5708
53 14 36.7065
53 15 37.645
53 16 38.4494
53 17 38.7341
53 18 -1
53 19 -1
53 20 -1
53 21 -1
53 22 -1
53 23 -1
53 24 -1
53 25 -1
53 26 -1
53 27 -1
53 28 -1
53 29 -1
53 30 -1
53 31 -1
53 32 -1
53 33 -1
53 34 -1

54 0 -0
54 1 6.03327
54 2 10.8209
54 3 14.4259
54 4 17.6535
54 5 20.4672
54 6 22.9758
54 7 25.7504
54 8 27.7299
54 9 29.4519
54 10 31.6319
54 11 33.1967
54 12 34.7298
54 13 35.9905
54 14 37.1319
54 15 38.0214
54 16 38.9309
54 17 39.4372
54 18 -1
54 19 -1
54 20 -1
54 21 -1
54 22 -1
54 23 -1
54 24 -1
54 25 -1
54 26 -1
54 27 -1
54 28 -1
54 29 -1
54 30 -1
54 31 -1
54 32 -1
54 33 -1
54 34 -1

55 0 -0
55 1 6.04824
55 2 10.9031
55 3 14.5352
55 4 18.0505
55 5 20.3067
55 6 23.401
55 7 25.849
55 8 27.9476
55 9 29.9643
55 10 31.7825
55 11 33.6253
55 12 35.1713
55 13 36.1824
55 14 37.5129
55 15 38.4629
55 16 39.395
55 17 40.0545
55 18 40.6487
55 19 -1
55 20 -1
55 21 -1
55 22 -1
55 23 -1
55 24 -1
55 25 -1
55 26 -1
55 27 -1
55 28 -1
55 29 -1
55 30 -1
55 31 -1
55 32 -1
55 33 -1
55 34 -1

56 0 -0
56 1 6.03694
56 2 10.8522
56 3 14.4028
56 4 17.7596
56 5 20.5695
56 6 23.2659
56 7 25.9316
56 8 27.7638
56 9 30.3541
56 10 32.1663
56 11 33.6276
56 12 35.2652
56 13 36.6573
56 14 37.771
56 15 38.9753
56 16 39.8722
56 17 40.5924
56 18 41.4327
56 19 -1
56 20 -1
56 21 -1
56 22 -1
56 23 -1
56 24 -1
56 25 -1
56 26 -1
56 27 -1
56 28 -1
56 29 -1
56 30 -1
56 31 -1
56 32 -1
56 33 -1
56 34 -1

57 0 -0
57 1 6.09278
57 2 10.9228
57 3 14.3199
57 4 18.0038
57 5 21.2128
57 6 23.688
57 7 26.2456
57 8 28.0305
57 9 30.3555
57 10 32.1013
57 11 34.1091
57 12 35.6542
57 13 37.0365
57 14 38.2744
57 15 39.3918
57 16 40.3094
57 17 41.0154
57 18 41.8739
57 19 -1
57 20 -1
57 21 -1
57 22 -1
57 23 -1
57 24 -1
57 25 -1
57 26 -1
57 27 -1
57 28 -1
57 29 -1
57 30 -1
57 31 -1
57 32 -1
57 33 -1
57 34 -1

58 0 -0
58 1 6.09474
58 2 10.9725
58 3 14.7754
58 4 18.0884
58 5 20.8389
58 6 23.5928
58 7 26.558
58 8 29.0635
58 9 30.7805
58 10 32.7602
58 11 33.8993
58 12 35.6858
58 13 37.3678
58 14 38.6692
58 15 39.5695
58 16 40.7379
58 17 41.5821
58 18 42.3469
58 19 42.8459
58 20 -1
58 21 -1
58 22 -1
58 23 -1
58 24 -1
58 25 -1
58 26 -1
58 27 -1
58 28 -1
58 29 -1
58 30 -1
58 31 -1
58 32 -1
58 33 -1
58 34 -1

59 0 -0
59 1 6.08009
59 2 10.998
59 3 14.4993
59 4 18.1239
59 5 20.7571
59 6 24.085
59 7 26.3258
59 8 28.4755
59 9 30.318
59 10 32.8285
59 11 34.1628
59 12 36.1819
59 13 37.6926
59 14 38.889
59 15 40.0236
59 16 41.1646
59 17 42.0536
59 18 42.8482
59 19 43.3774
59 20 -1
59 21 -1
59 22 -1
59 23 -1
59 24 -1
59 25 -1
59 26 -1
59 27 -1
59 28 -1
59 29 -1
59 30 -1
59 31 -1
59 32 -1
59 33 -1
59 34 -1

60 0 -0
60 1 6.07913
60 2 10.9296
60 3 14.7581
60 4 18.2138
60 5 21.6013
60 6 23.9536
60 7 26.7041
60 8 28.9685
60 9 31.0192
60 10 32.7989
60 11 34.493
60 12 36.3865
60 13 37.9997
60 14 39.0511
60 15 40.2614
60 16 41.5461
60 17 42.5379
60 18 43.3635
60 19 43.9217
60 20 -1
60 21 -1
60 22 -1
60 23 -1
60 24 -1
60 25 -1
60 26 -1
60 27 -1
60 28 -1
60 29 -1
60 30 -1
60 31 -1
60 32 -1
60 33 -1
60 34 -1

61 0 -0
61 1 6.10427
61 2 11.0391
61 3 14.8183
61 4 18.3553
61 5 21.4383
61 6 24.6201
61 7 26.9071
61 8 28.7013
61 9 31.354
61 10 33.6565
61 11 34.84
61 12 36.5945
61 13 38.2238
61 14 39.58
61 15 40.649
61 16 41.9425
61 17 42.9138
61 18 43.7988
61 19 44.4873
61 20 45.0431
61 21 -1
61 22 -1
61 23 -1
61 24 -1
61 25 -1
61 26 -1
61 27 -1
61 28 -1
61 29 -1
61 30 -1
61 31 -1
61 32 -1
61 33 -1
61 34 -1

62 0 -0
62 1 6.107
62 2 11.0045
62 3 14.712
62 4 18.2781
62 5 21.5981
62 6 24.5975
62 7 26.9542
62 8 29.2447
62 9 31.2303
62 10 33.5038
62 11 35.3035
62 12 37.2772
62 13 38.3919
62 14 39.6882
62 15 41.2726
62 16 42.2322
62 17 43.2341
62 18 44.2203
62 19 45.0068
62 20 45.5463
62 21 -1
62 22 -1
62 23 -1
62 24 -1
62 25 -1
62 26 -1
62 27 -1
62 28 -1
62 29 -1
62 30 -1
62 31 -1
62 32 -1
62 33 -1
62 34 -1

63 0 -0
63 1 6.1113
63 2 11.0958
63 3 14.8456
63 4 18.62
63 5 21.5141
63 6 24.7193
63 7 27.0623
63 8 29.6149
63 9 31.8174
63 10 33.8267
63 11 35.2695
63 12 37.1413
63 13 38.9463
63 14 39.8829
63 15 41.3655
63 16 42.5714
63 17 43.7236
63 18 44.7351
63 19 45.498
63 20 46.1627
63 21 -1
63 22 -1
63 23 -1
63 24 -1
63 25 -1
63 26 -1
63 27 -1
63 28 -1
63 29 -1
63 30 -1
63 31 -1
63 32 -1
63 33 -1
63 34 -1

64 0 -0
64 1 6.12641
64 2 11.059
64 3 15.0802
64 4 18.2827
64 5 22.0094
64 6 23.908
64 7 27.0772
64 8 29.6711
64 9 31.5308
64 10 33.8352
64 11 35.532
64 12 37.1818
64 13 38.6229
64 14 40.1197
64 15 41.8338
64 16 42.9924
64 17 44.2337
64 18 45.1111
64 19 46.0172
64 20 46.6873
64 21 47.2403
64 22 -1
64 23 -1
64 24 -1
64 25 -1
64 26 -1
64 27 -1
64 28 -1
64 29 -1
64 30 -1
64 31 -1
64 32 -1
64 33 -1
64 34 -1

65 0 -0
65 1 6.128
65 2 11.0469
65 3 15.298
65 4 18.6469
65 5 21.1264
65 6 24.8319
65 7 27.3639
65 8 30.0369
65 9 31.9468
65 10 34.1543
65 11 35.8628
65 12 37.7037
65 13 38.7825
65 14 40.6472
65 15 42.5033
65 16 43.4326
65 17 44.5607
65 18 45.4954
65 19 46.3873
65 20 47.2141
65 21 47.9023
65 22 -1
65 23 -1
65 24 -1
65 25 -1
65 26 -1
65 27 -1
65 28 -1
65 29 -1
65 30 -1
65 31 -1
65 32 -1
65 33 -1
65 34 -1

66 0 -0
66 1 6.12798
66 2 11.0981
66 3 15.1714
66 4 18.3897
66 5 21.9988
66 6 24.5883
66 7 26.575
66 8 29.9426
66 9 31.7166
66 10 34.1752
66 11 35.5916
66 12 37.9402
66 13 39.9551
66 14 41.0691
66 15 42.2928
66 16 43.7298
66 17 44.9036
66 18 46.0709
66 19 46.8236
66 20 47.6354
66 21 48.3565
66 22 -1
66 23 -1
66 24 -1
66 25 -1
66 26 -1
66 27 -1
66 28 -1
66 29 -1
66 30 -1
66 31 -1
66 32 -1
66 33 -1
66 34 -1

67 0 -0
67 1 6.13974
67 2 11.1851
67 3 15.0184
67 4 18.5373
67 5 21.5946
67 6 25.4713
67 7 27.2668
67 8 30.3118
67 9 32.2134
67 10 34.801
67 11 35.8864
67 12 38.4389
67 13 39.4321
67 14 41.3151
67 15 42.6396
67 16 43.8387
67 17 45.1115
67 18 46.2951
67 19 47.175
67 20 48.0729
67 21 48.7997
67 22 49.4376
67 23 -1
67 24 -1
67 25 -1
67 26 -1
67 27 -1
67 28 -1
67 29 -1
67 30 -1
67 31 -1
67 32 -1
67 33 -1
67 34 -1

68 0 -0
68 1 6.12895
68 2 11.168
68 3 15.3285
68 4 18.5815
68 5 21.8606
68 6 25.4445
68 7 27.2306
68 8 29.479
68 9 31.7664
68 10 34.484
68 11 36.7919
68 12 37.9591
68 13 40.1665
68 14 40.8508
68 15 43.3174
68 16 44.3383
68 17 45.4313
68 18 46.6865
68 19 47.7059
68 20 48.5029
68 21 49.2525
68 22 49.8271
68 23 -1
68 24 -1
68 25 -1
68 26 -1
68 27 -1
68 28 -1
68 29 -1
68 30 -1
68 31 -1
68 32 -1
68 33 -1
68 34 -1

69 0 -0
69 1 6.1538
69 2 11.181
69 3 15.1267
69 4 18.7205
69 5 22.1763
69 6 25.3264
69 7 26.9706
69 8 30.1776
69 9 32.5565
69 10 34.5735
69 11 36.9355
69 12 38.9038
69 13 40.5363
69 14 41.7091
69 15 43.1824
69 16 44.9096
69 17 45.8677
69 18 47.0634
69 19 48.0769
69 20 48.9229
69 21 49.7014
69 22 50.2884
69 23 50.5362
69 24 -1
69 25 -1
69 26 -1
69 27 -1
69 28 -1
69 29 -1
69 30 -1
69 31 -1
69 32 -1
69 33 -1
69 34 -1

70 0 -0
70 1 6.16555
70 2 11.1579
70 3 15.2536
70 4 19.0416
70 5 22.4297
70 6 24.6582
70 7 27.8719
70 8 30.1898
70 9 32.3928
70 10 35.0699
70 11 36.9242
70 12 39.201
70 13 40.8791
70 14 41.9224
70 15 43.6477
70 16 44.9553
70 17 46.1363
70 18 47.4556
70 19 48.4255
70 20 49.3197
70 21 50.1408
70 22 50.7351
70 23 51.142
70 24 -1
70 25 -1
70 26 -1
70 27 -1
70 28 -1
70 29 -1
70 30 -1
70 31 -1
70 32 -1
70 33 -1
70 34 -1

71 0 -1
71 1 6.18866
71 2 11.2483
71 3 15.3556
71 4 18.8526
71 5 23.0676
71 6 25.3694
71 7 28.3408
71 8 30.41
71 9 32.8381
71 10 35.2948
71 11 37.6492
71 12 38.5315
71 13 40.7608
71 14 42.6645
71 15 43.9282
71 16 44.7865
71 17 46.4609
71 18 47.7378
71 19 48.8782
71 20 49.7502
71 21 50.5891
71 22 51.2208
71 23 51.6691
71 24 -1
71 25 -1
71 26 -1
71 27 -1
71 28 -1
71 29 -1
71 30 -1
71 31 -1
71 32 -1
71 33 -1
71 34 -1

72 0 -1
72 1 -1
72 2 11.2945
72 3 15.5232
72 4 18.9222
72 5 22.3032
72 6 25.2111
72 7 28.5124
72 8 31.1029
72 9 32.6151
72 10 35.6924
72 11 37.0034
72 12 38.9221
72 13 41.2582
72 14 42.4142
72 15 43.507
72 16 45.268
72 17 46.5925
72 18 48.1128
72 19 49.1877
72 20 50.1427
72 21 50.9882
72 22 51.8164
72 23 52.2226
72 24 52.7334
72 25 -1
72 26 -1
72 27 -1
72 28 -1
72 29 -1
72 30 -1
72 31 -1
72 32 -1
72 33 -1
72 34 -1

73 0 -1
73 1 -1
73 2 -1
73 3 15.3078
73 4 19.4447
73 5 22.795
73 6 25.1896
73 7 28.1565
73 8 31.5361
73 9 33.4264
73 10 35.3281
73 11 37.9174
73 12 39.3669
73 13 41.4055
73 14 42.5852
73 15 44.1257
73 16 45.7886
73 17 46.9349
73 18 48.1757
73 19 49.7164
73 20 50.5026
73 21 51.4691
73 22 52.2847
73 23 52.7981
73 24 53.1166
73 25 -1
73 26 -1
73 27 -1
73 28 -1
73 29 -1
73 30 -1
73 31 -1
73 32 -1
73 33 -1
73 34 -1

74 0 -1
74 1 -1
74 2 -1
74 3 -1
74 4 19.2611
74 5 22.5942
74 6 25.5186
74 7 28.0695
74 8 31.1617
74 9 33.8674
74 10 35.966
74 11 37.9509
74 12 39.8249
74 13 41.4134
74 14 42.9207
74 15 45.2128
74 16 46.4178
74 17 47.6422
74 18 48.7149
74 19 49.946
74 20 50.9855
74 21 51.751
74 22 52.6586
74 23 53.348
74 24 53.8356
74 25 -1
74 26 -1
74 27 -1
74 28 -1
74 29 -1
74 30 -1
74 31 -1
74 32 -1
74 33 -1
74 34 -1

75 0 -1
75 1 -1
75 2 -1
75 3 -1
75 4 -1
75 5 22.4956
75 6 25.3792
75 7 28.8211
75 8 31.2921
75 9 34.5877
75 10 36.0275
75 11 37.9876
75 12 39.4323
75 13 41.8915
75 14 43.7461
75 15 45.0805
75 16 45.9395
75 17 47.7715
75 18 48.9579
75 19 50.3173
75 20 51.3919
75 21 52.3632
75 22 53.1831
75 23 53.8381
75 24 54.5019
75 25 54.9306
75 26 -1
75 27 -1
75 28 -1
75 29 -1
75 30 -1
75 31 -1
75 32 -1
75 33 -1
75 34 -1

76 0 -1
76 1 -1
76 2 -1
76 3 -1
76 4 -1
76 5 -1
76 6 26.1451
76 7 29.0784
76 8 31.4261
76 9 33.9663
76 10 36.5883
76 11 38.6406
76 12 40.5533
76 13 42.2335
76 14 44.0268
76 15 45.3938
76 16 46.7961
76 17 48.2195
76 18 49.4389
76 19 50.4048
76 20 51.7393
76 21 52.5837
76 22 53.6059
76 23 54.3679
76 24 55.0488
76 25 55.6878
76 26 -1
76 27 -1
76 28 -1
76 29 -1
76 30 -1
76 31 -1
76 32 -1
76 33 -1
76 34 -1

77 0 -1
77 1 -1
77 2 -1
77 3 -1
77 4 -1
77 5 -1
77 6 -1
77 7 29.8879
77 8 31.2649
77 9 33.6304
77 10 35.5212
77 11 38.1927
77 12 40.3959
77 13 41.8452
77 14 42.8288
77 15 44.434
77 16 47.5616
77 17 48.611
77 18 49.8732
77 19 50.386
77 20 51.8275
77 21 53.0076
77 22 53.895
77 23 54.8234
77 24 55.5697
77 25 56.2539
77 26 -1
77 27 -1
77 28 -1
77 29 -1
77 30 -1
77 31 -1
77 32 -1
77 33 -1
77 34 -1

78 0 -1
78 1 -1
78 2 -1
78 3 -1
78 4 -1
78 5 -1
78 6 -1
78 7 -1
78 8 31.4742
78 9 34.3559
78 10 36.2981
78 11 37.8842
78 12 40.7603
78 13 42.2648
78 14 44.0329
78 15 45.2742
78 16 47.414
78 17 48.9473
78 18 50.0272
78 19 51.1988
78 20 52.3672
78 21 53.3765
78 22 54.3989
78 23 55.2734
78 24 55.9979
78 25 56.7323
78 26 57.1278
78 27 -1
78 28 -1
78 29 -1
78 30 -1
78 31 -1
78 32 -1
78 33 -1
78 34 -1

79 0 -1
79 1 -1
79 2 -1
79 3 -1
79 4 -1
79 5 -1
79 6 -1
79 7 -1
79 8 -1
79 9 34.7701
79 10 37.4863
79 11 38.3421
79 12 40.4168
79 13 43.2155
79 14 44.4188
79 15 45.7791
79 16 47.855
79 17 49.3568
79 18 50.0787
79 19 51.5674
79 20 52.3191
79 21 53.8437
79 22 54.6851
79 23 55.5757
79 24 56.4932
79 25 57.2208
79 26 57.8822
79 27 -1
79 28 -1
79 29 -1
79 30 -1
79 31 -1
79 32 -1
79 33 -1
79 34 -1

80 0 -1
80 1 -1
80 2 -1
80 3 -1
80 4 -1
80 5 -1
80 6 -1
80 7 -1
80 8 -1
80 9 -1
80 10 36.5262
80 11 38.5308
80 12 40.8205
80 13 42.4947
80 14 44.1044
80 15 45.8281
80 16 47.9282
80 17 49.3278
80 18 50.7087
80 19 52.0678
80 20 53.1751
80 21 53.9983
80 22 55.1785
80 23 56.0737
80 24 56.9672
80 25 57.6422
80 26 58.3143
80 27 -1
80 28 -1
80 29 -1
80 30 -1
80 31 -1
80 32 -1
80 33 -1
80 34 -1

81 0 -1
81 1 -1
81 2 -1
81 3 -1
81 4 -1
81 5 -1
81 6 -1
81 7 -1
81 8 -1
81 9 -1
81 10 -1
81 11 37.154
81 12 42.2175
81 13 44.1066
81 14 45.6981
81 15 47.4171
81 16 47.9629
81 17 49.6764
81 18 51.2472
81 19 52.3002
81 20 53.2365
81 21 54.6551
81 22 55.4497
81 23 56.2658
81 24 57.2312
81 25 58.1307
81 26 58.7784
81 27 59.3251
81 28 -1
81 29 -1
81 30 -1
81 31 -1
81 32 -1
81 33 -1
81 34 -1

82 0 -1
82 1 -1
82 2 -1
82 3 -1
82 4 -1
82 5 -1
82 6 -1
82 7 -1
82 8 -1
82 9 -1
82 10 -1
82 11 -1
82 12 41.9859
82 13 44.6476
82 14 45.4007
82 15 46.1315
82 16 48.0771
82 17 50.0749
82 18 51.6462
82 19 52.6089
82 20 53.8728
82 21 54.9889
82 22 55.966
82 23 56.9344
82 24 57.733
82 25 58.5932
82 26 59.2706
82 27 59.7374
82 28 -1
82 29 -1
82 30 -1
82 31 -1
82 32 -1
82 33 -1
82 34 -1

83 0 -1
83 1 -1
83 2 -1
83 3 -1
83 4 -1
83 5 -1
83 6 -1
83 7 -1
83 8 -1
83 9 -1
83 10 -1
83 11 -1
83 12 -1
83 13 44.4373
83 14 44.411
83 15 47.6852
83 16 48.4781
83 17 50.3918
83 18 51.6579
83 19 52.8197
83 20 54.0822
83 21 55.2119
83 22 56.3226
83 23 57.1936
83 24 58.2464
83 25 59.0669
83 26 59.763
83 27 60.3032
83 28 -1
83 29 -1
83 30 -1
83 31 -1
83 32 -1
83 33 -1
83 34 -1

84 0 -1
84 1 -1
84 2 -1
84 3 -1
84 4 -1
84 5 -1
84 6 -1
84 7 -1
84 8 -1
84 9 -1
84 10 -1
84 11 -1
84 12 -1
84 13 -1
84 14 45.4764
84 15 48.3731
84 16 49.3326
84 17 50.436
84 18 52.3171
84 19 53.2977
84 20 54.4626
84 21 55.7443
84 22 56.6998
84 23 57.7186
84 24 58.5772
84 25 59.5683
84 26 60.2981
84 27 60.8888
84 28 61.5223
84 29 -1
84 30 -1
84 31 -1
84 32 -1
84 33 -1
84 34 -1

85 0 -1
85 1 -1
85 2 -1
85 3 -1
85 4 -1
85 5 -1
85 6 -1
85 7 -1
85 8 -1
85 9 -1
85 10 -1
85 11 -1
85 12 -1
85 13 -1
85 14 -1
85 15 48.582
85 16 49.2103
85 17 50.0366
85 18 52.461
85 19 53.624
85 20 55.1617
85 21 56.1311
85 22 56.8621
85 23 58.1939
85 24 59.0283
85 25 59.9391
85 26 60.8078
85 27 61.4055
85 28 62.0056
85 29 -1
85 30 -1
85 31 -1
85 32 -1
85 33 -1
85 34 -1

86 0 -1
86 1 -1
86 2 -1
86 3 -1
86 4 -1
86 5 -1
86 6 -1
86 7 -1
86 8 -1
86 9 -1
86 10 -1
86 11 -1
86 12 -1
86 13 -1
86 14 -1
86 15 -1
86 16 49.7421
86 17 51.0292
86 18 52.637
86 19 53.6303
86 20 55.1907
86 21 56.4772
86 22 57.4309
86 23 58.6037
86 24 59.5525
86 25 60.4339
86 26 61.1721
86 27 61.952
86 28 62.6278
86 29 -1
86 30 -1
86 31 -1
86 32 -1
86 33 -1
86 34 -1

87 0 -1
87 1 -1
87 2 -1
87 3 -1
87 4 -1
87 5 -1
87 6 -1
87 7 -1
87 8 -1
87 9 -1
87 10 -1
87 11 -1
87 12 -1
87 13 -1
87 14 -1
87 15 -1
87 16 -1
87 17 51.0652
87 18 53.4794
87 19 54.1118
87 20 55.7091
87 21 56.0562
87 22 57.9154
87 23 58.9516
87 24 60.0178
87 25 60.7916
87 26 61.6125
87 27 62.4575
87 28 63.221
87 29 -1
87 30 -1
87 31 -1
87 32 -1
87 33 -1
87 34 -1

88 0 -1
88 1 -1
88 2 -1
88 3 -1
88 4 -1
88 5 -1
88 6 -1
88 7 -1
88 8 -1
88 9 -1
88 10 -1
88 11 -1
88 12 -1
88 13 -1
88 14 -1
88 15 -1
88 16 -1
88 17 -1
88 18 54.1417
88 19 55.1122
88 20 55.5403
88 21 57.1715
88 22 57.9767
88 23 58.9754
88 24 60.268
88 25 61.2871
88 26 62.1449
88 27 62.9966
88 28 63.7396
88 29 64.8181
88 30 -1
88 31 -1
88 32 -1
88 33 -1
88 34 -1

89 0 -1
89 1 -1
89 2 -1
89 3 -1
89 4 -1
89 5 -1
89 6 -1
89 7 -1
89 8 -1
89 9 -1
89 10 -1
89 11 -1
89 12 -1
89 13 -1
89 14 -1
89 15 -1
89 16 -1
89 17 -1
89 18 -1
89 19 55.2416
89 20 56.078
89 21 57.598
89 22 57.9796
89 23 59.7962
89 24 60.8432
89 25 61.7787
89 26 62.6871
89 27 63.4369
89 28 64.303
89 29 65.1416
89 30 -1
89 31 -1
89 32 -1
89 33 -1
89 34 -1

90 0 -1
90 1 -1
90 2 -1
90 3 -1
90 4 -1
90 5 -1
90 6 -1
90 7 -1
90 8 -1
90 9 -1
90 10 -1
90 11 -1
90 12 -1
90 13 -1
90 14 -1
90 15 -1
90 16 -1
90 17 -1
90 18 -1
90 19 -1
90 20 56.424
90 21 58.4203
90 22 59.1624
90 23 59.8906
90 24 60.8839
90 25 62.0845
90 26 62.9996
90 27 63.9897
90 28 64.841
90 29 65.6893
90 30 -1
90 31 -1
90 32 -1
90 33 -1
90 34 -1

91 0 -1
91 1 -1
91 2 -1
91 3 -1
91 4 -1
91 5 -1
91 6 -1
91 7 -1
91 8 -1
91 9 -1
91 10 -1
91 11 -1
91 12 -1
91 13 -1
91 14 -1
91 15 -1
91 16 -1
91 17 -1
91 18 -1
91 19 -1
91 20 -1
91 21 58.3384
91 22 58.968
91 23 60.4281
91 24 61.673
91 25 62.4395
91 26 63.4018
91 27 64.4802
91 28 65.3288
91 29 66.2201
91 30 67.0153
91 31 -1
91 32 -1
91 33 -1
91 34 -1

92 0 -1
92 1 -1
92 2 -1
92 3 -1
92 4 -1
92 5 -1
92 6 -1
92 7 -1
92 8 -1
92 9 -1
92 10 -1
92 11 -1
92 12 -1
92 13 -1
92 14 -1
92 15 -1
92 16 -1
92 17 -1
92 18 -1
92 19 -1
92 20 -1
92 21 -1
92 22 60.2221
92 23 61.2415
92 24 62.0724
92 25 63.074
92 26 64.1762
92 27 64.7918
92 28 65.7888
92 29 66.6824
92 30 67.6576
92 31 -1
92 32 -1
92 33 -1
92 34 -1

93 0 -1
93 1 -1
93 2 -1
93 3 -1
93 4 -1
93 5 -1
93 6 -1
93 7 -1
93 8 -1
93 9 -1
93 10 -1
93 11 -1
93 12 -1
93 13 -1
93 14 -1
93 15 -1
93 16 -1
93 17 -1
93 18 -1
93 19 -1
93 20 -1
93 21 -1
93 22 -1
93 23 61.5077
93 24 62.4717
93 25 63.526
93 26 64.484
93 27 65.4748
93 28 66.2216
93 29 67.2603
93 30 68.1496
93 31 -1
93 32 -1
93 33 -1
93 34 -1

94 0 -1
94 1 -1
94 2 -1
94 3 -1
94 4 -1
94 5 -1
94 6 -1
94 7 -1
94 8 -1
94 9 -1
94 10 -1
94 11 -1
94 12 -1
94 13 -1
94 14 -1
94 15 -1
94 16 -1
94 17 -1
94 18 -1
94 19 -1
94 20 -1
94 21 -1
94 22 -1
94 23 -1
94 24 63.0283
94 25 63.8847
94 26 64.9914
94 27 65.794
94 28 66.8343
94 29 67.7196
94 30 68.7062
94 31 -1
94 32 -1
94 33 -1
94 34 -1

95 0 -1
95 1 -1
95 2 -1
95 3 -1
95 4 -1
95 5 -1
95 6 -1
95 7 -1
95 8 -1
95 9 -1
95 10 -1
95 11 -1
95 12 -1
95 13 -1
95 14 -1
95 15 -1
95 16 -1
95 17 -1
95 18 -1
95 19 -1
95 20 -1
95 21 -1
95 22 -1
95 23 -1
95 24 -1
95 25 64.3066
95 26 65.6232
95 27 66.2961
95 28 67.2449
95 29 68.2283
95 30 69.2437
95 31 70.3112
95 32 -1
95 33 -1
95 34 -1

96 0 -1
96 1 -1
96 2 -1
96 3 -1
96 4 -1
96 5 -1
96 6 -1
96 7 -1
96 8 -1
96 9 -1
96 10 -1
96 11 -1
96 12 -1
96 13 -1
96 14 -1
96 15 -1
96 16 -1
96 17 -1
96 18 -1
96 19 -1
96 20 -1
96 21 -1
96 22 -1
96 23 -1
96 24 -1
96 25 -1
96 26 65.8311
96 27 66.8946
96 28 67.6653
96 29 68.582
96 30 69.7078
96 31 70.7321
96 32 -1
96 33 -1
96 34 -1

97 0 -1
97 1 -1
97 2 -1
97 3 -1
97 4 -1
97 5 -1
97 6 -1
97 7 -1
97 8 -1
97 9 -1
97 10 -1
97 11 -1
97 12 -1
97 13 -1
97 14 -1
97 15 -1
97 16 -1
97 17 -1
97 18 -1
97 19 -1
97 20 -1
97 21 -1
97 22 -1
97 23 -1
97 24 -1
97 25 -1
97 26 -1
97 27 67.2788
97 28 68.3886
97 29 69.3118
97 30 70.2204
97 31 71.2776
97 32 -1
97 33 -1
97 34 -1

98 0 -1
98 1 -1
98 2 -1
98 3 -1
98 4 -1
98 5 -1
98 6 -1
98 7 -1
98 8 -1
98 9 -1
98 10 -1
98 11 -1
98 12 -1
98 13 -1
98 14 -1
98 15 -1
98 16 -1
98 17 -1
98 18 -1
98 19 -1
98 20 -1
98 21 -1
98 22 -1
98 23 -1
98 24 -1
98 25 -1
98 26 -1
98 27 -1
98 28 68.6533
98 29 69.9554
98 30 70.7248
98 31 71.8566
98 32 -1
98 33 -1
98 34 -1

99 0 -1
99 1 -1
99 2 -1
99 3 -1
99 4 -1
99 5 -1
99 6 -1
99 7 -1
99 8 -1
99 9 -1
99 10 -1
99 11 -1
99 12 -1
99 13 -1
99 14 -1
99 15 -1
99 16 -1
99 17 -1
99 18 -1
99 19 -1
99 20 -1
99 21 -1
99 22 -1
99 23 -1
99 24 -1
99 25 -1
99 26 -1
99 27 -1
99 28 -1
99 29 70.3378
99 30 71.3095
99 31 72.3354
99 32 73.607
99 33 -1
99 34 -1

100 0 -1
100 1 -1
100 2 -1
100 3 -1
100 4 -1
100 5 -1
100 6 -1
100 7 -1
100 8 -1
100 9 -1
100 10 -1
100 11 -1
100 12 -1
100 13 -1
100 14 -1
100 15 -1
100 16 -1
100 17 -1
100 18 -1
100 19 -1
100 20 -1
100 21 -1
100 22 -1
100 23 -1
100 24 -1
100 25 -1
100 26 -1
100 27 -1
100 28 -1
100 29 -1
100 30 72.0846
100 31 72.8931
100 32 73.9129
100 33 -1
100 34 -1

101 0 -1
101 1 -1
101 2 -1
101 3 -1
101 4 -1
101 5 -1
101 6 -1
101 7 -1
101 8 -1
101 9 -1
101 10 -1
101 11 -1
101 12 -1
101 13 -1
101 14 -1
101 15 -1
101 16 -1
101 17 -1
101 18 -1
101 19 -1
101 20 -1
101 21 -1
101 22 -1
101 23 -1
101 24 -1
101 25 -1
101 26 -1
101 27 -1
101 28 -1
101 29 -1
101 30 -1
101 31 73.4845
101 32 74.5488
101 33 -1
101 34 -1

102 0 -1
102 1 -1
102 2 -1
102 3 -1
102 4 -1
102 5 -1
102 6 -1
102 7 -1
102 8 -1
102 9 -1
102 10 -1
102 11 -1
102 12 -1
102 13 -1
102 14 -1
102 15 -1
102 16 -1
102 17 -1
102 18 -1
102 19 -1
102 20 -1
102 21 -1
102 22 -1
102 23 -1
102 24 -1
102 25 -1
102 26 -1
102 27 -1
102 28 -1
102 29 -1
102 30 -1
102 31 -1
102 32 75.1916
102 33 -1
102 34 -1

103 0 -1
103 1 -1
103 2 -1
103 3 -1
103 4 -1
103 5 -1
103 6 -1
103 7 -1
103 8 -1
103 9 -1
103 10 -1
103 11 -1
103 12 -1
103 13 -1
103 14 -1
103 15 -1
103 16 -1
103 17 -1
103 18 -1
103 19 -1
103 20 -1
103 21 -1
103 22 -1
103 23 -1
103 24 -1
103 25 -1
103 26 -1
103 27 -1
103 28 -1
103 29 -1
103 30 -1
103 31 -1
103 32 -1
103 33 76.9029
103 34 -1

