0 0 -1
0 1 -1
0 2 -1
0 3 -1
0 4 -1
0 5 -1
0 6 -1
0 7 -1
0 8 -1
0 9 -1
0 10 -1
0 11 -1
0 12 -1
0 13 -1
0 14 -1
0 15 -1
0 16 -1
0 17 -1
0 18 -1
0 19 -1
0 20 -1
0 21 -1
0 22 -1
0 23 -1
0 24 -1
0 25 -1
0 26 -1
0 27 -1
0 28 -1
0 29 -1
0 30 -1
0 31 -1
0 32 -1
0 33 -1
0 34 -1
0 35 -1
0 36 -1
0 37 -1
0 38 -1

1 0 4.52517
1 1 -1
1 2 -1
1 3 -1
1 4 -1
1 5 -1
1 6 -1
1 7 -1
1 8 -1
1 9 -1
1 10 -1
1 11 -1
1 12 -1
1 13 -1
1 14 -1
1 15 -1
1 16 -1
1 17 -1
1 18 -1
1 19 -1
1 20 -1
1 21 -1
1 22 -1
1 23 -1
1 24 -1
1 25 -1
1 26 -1
1 27 -1
1 28 -1
1 29 -1
1 30 -1
1 31 -1
1 32 -1
1 33 -1
1 34 -1
1 35 -1
1 36 -1
1 37 -1
1 38 -1

2 0 6.15761
2 1 -1
2 2 -1
2 3 -1
2 4 -1
2 5 -1
2 6 -1
2 7 -1
2 8 -1
2 9 -1
2 10 -1
2 11 -1
2 12 -1
2 13 -1
2 14 -1
2 15 -1
2 16 -1
2 17 -1
2 18 -1
2 19 -1
2 20 -1
2 21 -1
2 22 -1
2 23 -1
2 24 -1
2 25 -1
2 26 -1
2 27 -1
2 28 -1
2 29 -1
2 30 -1
2 31 -1
2 32 -1
2 33 -1
2 34 -1
2 35 -1
2 36 -1
2 37 -1
2 38 -1

3 0 7.83744
3 1 -1
3 2 -1
3 3 -1
3 4 -1
3 5 -1
3 6 -1
3 7 -1
3 8 -1
3 9 -1
3 10 -1
3 11 -1
3 12 -1
3 13 -1
3 14 -1
3 15 -1
3 16 -1
3 17 -1
3 18 -1
3 19 -1
3 20 -1
3 21 -1
3 22 -1
3 23 -1
3 24 -1
3 25 -1
3 26 -1
3 27 -1
3 28 -1
3 29 -1
3 30 -1
3 31 -1
3 32 -1
3 33 -1
3 34 -1
3 35 -1
3 36 -1
3 37 -1
3 38 -1

4 0 9.5433
4 1 -1
4 2 -1
4 3 -1
4 4 -1
4 5 -1
4 6 -1
4 7 -1
4 8 -1
4 9 -1
4 10 -1
4 11 -1
4 12 -1
4 13 -1
4 14 -1
4 15 -1
4 16 -1
4 17 -1
4 18 -1
4 19 -1
4 20 -1
4 21 -1
4 22 -1
4 23 -1
4 24 -1
4 25 -1
4 26 -1
4 27 -1
4 28 -1
4 29 -1
4 30 -1
4 31 -1
4 32 -1
4 33 -1
4 34 -1
4 35 -1
4 36 -1
4 37 -1
4 38 -1

5 0 11.2072
5 1 -1
5 2 -1
5 3 -1
5 4 -1
5 5 -1
5 6 -1
5 7 -1
5 8 -1
5 9 -1
5 10 -1
5 11 -1
5 12 -1
5 13 -1
5 14 -1
5 15 -1
5 16 -1
5 17 -1
5 18 -1
5 19 -1
5 20 -1
5 21 -1
5 22 -1
5 23 -1
5 24 -1
5 25 -1
5 26 -1
5 27 -1
5 28 -1
5 29 -1
5 30 -1
5 31 -1
5 32 -1
5 33 -1
5 34 -1
5 35 -1
5 36 -1
5 37 -1
5 38 -1

6 0 12.7757
6 1 9.37591
6 2 -1
6 3 -1
6 4 -1
6 5 -1
6 6 -1
6 7 -1
6 8 -1
6 9 -1
6 10 -1
6 11 -1
6 12 -1
6 13 -1
6 14 -1
6 15 -1
6 16 -1
6 17 -1
6 18 -1
6 19 -1
6 20 -1
6 21 -1
6 22 -1
6 23 -1
6 24 -1
6 25 -1
6 26 -1
6 27 -1
6 28 -1
6 29 -1
6 30 -1
6 31 -1
6 32 -1
6 33 -1
6 34 -1
6 35 -1
6 36 -1
6 37 -1
6 38 -1

7 0 14.4042
7 1 11.0398
7 2 -1
7 3 -1
7 4 -1
7 5 -1
7 6 -1
7 7 -1
7 8 -1
7 9 -1
7 10 -1
7 11 -1
7 12 -1
7 13 -1
7 14 -1
7 15 -1
7 16 -1
7 17 -1
7 18 -1
7 19 -1
7 20 -1
7 21 -1
7 22 -1
7 23 -1
7 24 -1
7 25 -1
7 26 -1
7 27 -1
7 28 -1
7 29 -1
7 30 -1
7 31 -1
7 32 -1
7 33 -1
7 34 -1
7 35 -1
7 36 -1
7 37 -1
7 38 -1

8 0 15.9365
8 1 12.7322
8 2 -1
8 3 -1
8 4 -1
8 5 -1
8 6 -1
8 7 -1
8 8 -1
8 9 -1
8 10 -1
8 11 -1
8 12 -1
8 13 -1
8 14 -1
8 15 -1
8 16 -1
8 17 -1
8 18 -1
8 19 -1
8 20 -1
8 21 -1
8 22 -1
8 23 -1
8 24 -1
8 25 -1
8 26 -1
8 27 -1
8 28 -1
8 29 -1
8 30 -1
8 31 -1
8 32 -1
8 33 -1
8 34 -1
8 35 -1
8 36 -1
8 37 -1
8 38 -1

9 0 17.3519
9 1 14.326
9 2 -1
9 3 -1
9 4 -1
9 5 -1
9 6 -1
9 7 -1
9 8 -1
9 9 -1
9 10 -1
9 11 -1
9 12 -1
9 13 -1
9 14 -1
9 15 -1
9 16 -1
9 17 -1
9 18 -1
9 19 -1
9 20 -1
9 21 -1
9 22 -1
9 23 -1
9 24 -1
9 25 -1
9 26 -1
9 27 -1
9 28 -1
9 29 -1
9 30 -1
9 31 -1
9 32 -1
9 33 -1
9 34 -1
9 35 -1
9 36 -1
9 37 -1
9 38 -1

10 0 18.8265
10 1 15.9368
10 2 12.4814
10 3 -1
10 4 -1
10 5 -1
10 6 -1
10 7 -1
10 8 -1
10 9 -1
10 10 -1
10 11 -1
10 12 -1
10 13 -1
10 14 -1
10 15 -1
10 16 -1
10 17 -1
10 18 -1
10 19 -1
10 20 -1
10 21 -1
10 22 -1
10 23 -1
10 24 -1
10 25 -1
10 26 -1
10 27 -1
10 28 -1
10 29 -1
10 30 -1
10 31 -1
10 32 -1
10 33 -1
10 34 -1
10 35 -1
10 36 -1
10 37 -1
10 38 -1

11 0 20.3005
11 1 17.3231
11 2 14.1157
11 3 -1
11 4 -1
11 5 -1
11 6 -1
11 7 -1
11 8 -1
11 9 -1
11 10 -1
11 11 -1
11 12 -1
11 13 -1
11 14 -1
11 15 -1
11 16 -1
11 17 -1
11 18 -1
11 19 -1
11 20 -1
11 21 -1
11 22 -1
11 23 -1
11 24 -1
11 25 -1
11 26 -1
11 27 -1
11 28 -1
11 29 -1
11 30 -1
11 31 -1
11 32 -1
11 33 -1
11 34 -1
11 35 -1
11 36 -1
11 37 -1
11 38 -1

12 0 21.6477
12 1 18.8632
12 2 15.7421
12 3 12.6711
12 4 -1
12 5 -1
12 6 -1
12 7 -1
12 8 -1
12 9 -1
12 10 -1
12 11 -1
12 12 -1
12 13 -1
12 14 -1
12 15 -1
12 16 -1
12 17 -1
12 18 -1
12 19 -1
12 20 -1
12 21 -1
12 22 -1
12 23 -1
12 24 -1
12 25 -1
12 26 -1
12 27 -1
12 28 -1
12 29 -1
12 30 -1
12 31 -1
12 32 -1
12 33 -1
12 34 -1
12 35 -1
12 36 -1
12 37 -1
12 38 -1

13 0 22.9269
13 1 20.2798
13 2 17.329
13 3 14.4003
13 4 -1
13 5 -1
13 6 -1
13 7 -1
13 8 -1
13 9 -1
13 10 -1
13 11 -1
13 12 -1
13 13 -1
13 14 -1
13 15 -1
13 16 -1
13 17 -1
13 18 -1
13 19 -1
13 20 -1
13 21 -1
13 22 -1
13 23 -1
13 24 -1
13 25 -1
13 26 -1
13 27 -1
13 28 -1
13 29 -1
13 30 -1
13 31 -1
13 32 -1
13 33 -1
13 34 -1
13 35 -1
13 36 -1
13 37 -1
13 38 -1

14 0 24.3022
14 1 21.6511
14 2 18.8543
14 3 15.9158
14 4 -1
14 5 -1
14 6 -1
14 7 -1
14 8 -1
14 9 -1
14 10 -1
14 11 -1
14 12 -1
14 13 -1
14 14 -1
14 15 -1
14 16 -1
14 17 -1
14 18 -1
14 19 -1
14 20 -1
14 21 -1
14 22 -1
14 23 -1
14 24 -1
14 25 -1
14 26 -1
14 27 -1
14 28 -1
14 29 -1
14 30 -1
14 31 -1
14 32 -1
14 33 -1
14 34 -1
14 35 -1
14 36 -1
14 37 -1
14 38 -1

15 0 25.4311
15 1 22.9394
15 2 20.159
15 3 17.4568
15 4 -1
15 5 -1
15 6 -1
15 7 -1
15 8 -1
15 9 -1
15 10 -1
15 11 -1
15 12 -1
15 13 -1
15 14 -1
15 15 -1
15 16 -1
15 17 -1
15 18 -1
15 19 -1
15 20 -1
15 21 -1
15 22 -1
15 23 -1
15 24 -1
15 25 -1
15 26 -1
15 27 -1
15 28 -1
15 29 -1
15 30 -1
15 31 -1
15 32 -1
15 33 -1
15 34 -1
15 35 -1
15 36 -1
15 37 -1
15 38 -1

16 0 26.6593
16 1 24.1881
16 2 21.5917
16 3 18.8197
16 4 15.6074
16 5 -1
16 6 -1
16 7 -1
16 8 -1
16 9 -1
16 10 -1
16 11 -1
16 12 -1
16 13 -1
16 14 -1
16 15 -1
16 16 -1
16 17 -1
16 18 -1
16 19 -1
16 20 -1
16 21 -1
16 22 -1
16 23 -1
16 24 -1
16 25 -1
16 26 -1
16 27 -1
16 28 -1
16 29 -1
16 30 -1
16 31 -1
16 32 -1
16 33 -1
16 34 -1
16 35 -1
16 36 -1
16 37 -1
16 38 -1

17 0 27.8912
17 1 25.5419
17 2 22.9213
17 3 20.0495
17 4 17.1384
17 5 -1
17 6 -1
17 7 -1
17 8 -1
17 9 -1
17 10 -1
17 11 -1
17 12 -1
17 13 -1
17 14 -1
17 15 -1
17 16 -1
17 17 -1
17 18 -1
17 19 -1
17 20 -1
17 21 -1
17 22 -1
17 23 -1
17 24 -1
17 25 -1
17 26 -1
17 27 -1
17 28 -1
17 29 -1
17 30 -1
17 31 -1
17 32 -1
17 33 -1
17 34 -1
17 35 -1
17 36 -1
17 37 -1
17 38 -1

18 0 28.9363
18 1 26.641
18 2 24.1672
18 3 21.5269
18 4 18.6292
18 5 15.9174
18 6 -1
18 7 -1
18 8 -1
18 9 -1
18 10 -1
18 11 -1
18 12 -1
18 13 -1
18 14 -1
18 15 -1
18 16 -1
18 17 -1
18 18 -1
18 19 -1
18 20 -1
18 21 -1
18 22 -1
18 23 -1
18 24 -1
18 25 -1
18 26 -1
18 27 -1
18 28 -1
18 29 -1
18 30 -1
18 31 -1
18 32 -1
18 33 -1
18 34 -1
18 35 -1
18 36 -1
18 37 -1
18 38 -1

19 0 30.1448
19 1 27.8191
19 2 25.4608
19 3 22.7375
19 4 20.0323
19 5 17.5442
19 6 -1
19 7 -1
19 8 -1
19 9 -1
19 10 -1
19 11 -1
19 12 -1
19 13 -1
19 14 -1
19 15 -1
19 16 -1
19 17 -1
19 18 -1
19 19 -1
19 20 -1
19 21 -1
19 22 -1
19 23 -1
19 24 -1
19 25 -1
19 26 -1
19 27 -1
19 28 -1
19 29 -1
19 30 -1
19 31 -1
19 32 -1
19 33 -1
19 34 -1
19 35 -1
19 36 -1
19 37 -1
19 38 -1

20 0 31.1912
20 1 28.8566
20 2 26.5759
20 3 24.1366
20 4 21.4803
20 5 18.7247
20 6 -1
20 7 -1
20 8 -1
20 9 -1
20 10 -1
20 11 -1
20 12 -1
20 13 -1
20 14 -1
20 15 -1
20 16 -1
20 17 -1
20 18 -1
20 19 -1
20 20 -1
20 21 -1
20 22 -1
20 23 -1
20 24 -1
20 25 -1
20 26 -1
20 27 -1
20 28 -1
20 29 -1
20 30 -1
20 31 -1
20 32 -1
20 33 -1
20 34 -1
20 35 -1
20 36 -1
20 37 -1
20 38 -1

21 0 32.2425
21 1 29.8891
21 2 27.7134
21 3 25.2448
21 4 22.7361
21 5 20.0614
21 6 -1
21 7 -1
21 8 -1
21 9 -1
21 10 -1
21 11 -1
21 12 -1
21 13 -1
21 14 -1
21 15 -1
21 16 -1
21 17 -1
21 18 -1
21 19 -1
21 20 -1
21 21 -1
21 22 -1
21 23 -1
21 24 -1
21 25 -1
21 26 -1
21 27 -1
21 28 -1
21 29 -1
21 30 -1
21 31 -1
21 32 -1
21 33 -1
21 34 -1
21 35 -1
21 36 -1
21 37 -1
21 38 -1

22 0 33.2311
22 1 31.0332
22 2 28.7886
22 3 26.4192
22 4 23.9532
22 5 21.3513
22 6 18.1812
22 7 -1
22 8 -1
22 9 -1
22 10 -1
22 11 -1
22 12 -1
22 13 -1
22 14 -1
22 15 -1
22 16 -1
22 17 -1
22 18 -1
22 19 -1
22 20 -1
22 21 -1
22 22 -1
22 23 -1
22 24 -1
22 25 -1
22 26 -1
22 27 -1
22 28 -1
22 29 -1
22 30 -1
22 31 -1
22 32 -1
22 33 -1
22 34 -1
22 35 -1
22 36 -1
22 37 -1
22 38 -1

23 0 34.0491
23 1 31.8755
23 2 29.847
23 3 27.5103
23 4 25.1923
23 5 22.6125
23 6 19.8573
23 7 -1
23 8 -1
23 9 -1
23 10 -1
23 11 -1
23 12 -1
23 13 -1
23 14 -1
23 15 -1
23 16 -1
23 17 -1
23 18 -1
23 19 -1
23 20 -1
23 21 -1
23 22 -1
23 23 -1
23 24 -1
23 25 -1
23 26 -1
23 27 -1
23 28 -1
23 29 -1
23 30 -1
23 31 -1
23 32 -1
23 33 -1
23 34 -1
23 35 -1
23 36 -1
23 37 -1
23 38 -1

24 0 35.038
24 1 33.0109
24 2 30.8225
24 3 28.7139
24 4 26.2938
24 5 23.7642
24 6 21.2212
24 7 18.3109
24 8 -1
24 9 -1
24 10 -1
24 11 -1
24 12 -1
24 13 -1
24 14 -1
24 15 -1
24 16 -1
24 17 -1
24 18 -1
24 19 -1
24 20 -1
24 21 -1
24 22 -1
24 23 -1
24 24 -1
24 25 -1
24 26 -1
24 27 -1
24 28 -1
24 29 -1
24 30 -1
24 31 -1
24 32 -1
24 33 -1
24 34 -1
24 35 -1
24 36 -1
24 37 -1
24 38 -1

25 0 35.8345
25 1 33.875
25 2 31.8117
25 3 29.6504
25 4 27.315
25 5 25.0281
25 6 22.4701
25 7 19.8987
25 8 -1
25 9 -1
25 10 -1
25 11 -1
25 12 -1
25 13 -1
25 14 -1
25 15 -1
25 16 -1
25 17 -1
25 18 -1
25 19 -1
25 20 -1
25 21 -1
25 22 -1
25 23 -1
25 24 -1
25 25 -1
25 26 -1
25 27 -1
25 28 -1
25 29 -1
25 30 -1
25 31 -1
25 32 -1
25 33 -1
25 34 -1
25 35 -1
25 36 -1
25 37 -1
25 38 -1

26 0 36.7883
26 1 34.7156
26 2 32.8199
26 3 30.6099
26 4 28.3958
26 5 26.1583
26 6 23.7078
26 7 21.1557
26 8 -1
26 9 -1
26 10 -1
26 11 -1
26 12 -1
26 13 -1
26 14 -1
26 15 -1
26 16 -1
26 17 -1
26 18 -1
26 19 -1
26 20 -1
26 21 -1
26 22 -1
26 23 -1
26 24 -1
26 25 -1
26 26 -1
26 27 -1
26 28 -1
26 29 -1
26 30 -1
26 31 -1
26 32 -1
26 33 -1
26 34 -1
26 35 -1
26 36 -1
26 37 -1
26 38 -1

27 0 37.5945
27 1 35.657
27 2 33.5818
27 3 31.6141
27 4 29.4972
27 5 27.2828
27 6 24.8872
27 7 22.3245
27 8 -1
27 9 -1
27 10 -1
27 11 -1
27 12 -1
27 13 -1
27 14 -1
27 15 -1
27 16 -1
27 17 -1
27 18 -1
27 19 -1
27 20 -1
27 21 -1
27 22 -1
27 23 -1
27 24 -1
27 25 -1
27 26 -1
27 27 -1
27 28 -1
27 29 -1
27 30 -1
27 31 -1
27 32 -1
27 33 -1
27 34 -1
27 35 -1
27 36 -1
27 37 -1
27 38 -1

28 0 38.3928
28 1 36.4482
28 2 34.5014
28 3 32.4144
28 4 30.3639
28 5 28.2518
28 6 26.0274
28 7 23.5404
28 8 20.6958
28 9 -1
28 10 -1
28 11 -1
28 12 -1
28 13 -1
28 14 -1
28 15 -1
28 16 -1
28 17 -1
28 18 -1
28 19 -1
28 20 -1
28 21 -1
28 22 -1
28 23 -1
28 24 -1
28 25 -1
28 26 -1
28 27 -1
28 28 -1
28 29 -1
28 30 -1
28 31 -1
28 32 -1
28 33 -1
28 34 -1
28 35 -1
28 36 -1
28 37 -1
28 38 -1

29 0 39.1137
29 1 37.2747
29 2 35.2924
29 3 33.3535
29 4 31.3016
29 5 29.052
29 6 27.0665
29 7 24.6072
29 8 22.0198
29 9 -1
29 10 -1
29 11 -1
29 12 -1
29 13 -1
29 14 -1
29 15 -1
29 16 -1
29 17 -1
29 18 -1
29 19 -1
29 20 -1
29 21 -1
29 22 -1
29 23 -1
29 24 -1
29 25 -1
29 26 -1
29 27 -1
29 28 -1
29 29 -1
29 30 -1
29 31 -1
29 32 -1
29 33 -1
29 34 -1
29 35 -1
29 36 -1
29 37 -1
29 38 -1

30 0 39.762
30 1 38.0022
30 2 36.0541
30 3 34.1812
30 4 32.1255
30 5 30.1119
30 6 27.941
30 7 25.6297
30 8 23.0893
30 9 20.6342
30 10 -1
30 11 -1
30 12 -1
30 13 -1
30 14 -1
30 15 -1
30 16 -1
30 17 -1
30 18 -1
30 19 -1
30 20 -1
30 21 -1
30 22 -1
30 23 -1
30 24 -1
30 25 -1
30 26 -1
30 27 -1
30 28 -1
30 29 -1
30 30 -1
30 31 -1
30 32 -1
30 33 -1
30 34 -1
30 35 -1
30 36 -1
30 37 -1
30 38 -1

31 0 40.479
31 1 38.6423
31 2 36.7959
31 3 35.1247
31 4 33.1584
31 5 31.03
31 6 28.8752
31 7 26.6229
31 8 24.3376
31 9 21.8879
31 10 -1
31 11 -1
31 12 -1
31 13 -1
31 14 -1
31 15 -1
31 16 -1
31 17 -1
31 18 -1
31 19 -1
31 20 -1
31 21 -1
31 22 -1
31 23 -1
31 24 -1
31 25 -1
31 26 -1
31 27 -1
31 28 -1
31 29 -1
31 30 -1
31 31 -1
31 32 -1
31 33 -1
31 34 -1
31 35 -1
31 36 -1
31 37 -1
31 38 -1

32 0 41.1148
32 1 39.4184
32 2 37.6048
32 3 35.6467
32 4 33.8629
32 5 31.8561
32 6 29.7572
32 7 27.6556
32 8 25.3703
32 9 22.9599
32 10 -1
32 11 -1
32 12 -1
32 13 -1
32 14 -1
32 15 -1
32 16 -1
32 17 -1
32 18 -1
32 19 -1
32 20 -1
32 21 -1
32 22 -1
32 23 -1
32 24 -1
32 25 -1
32 26 -1
32 27 -1
32 28 -1
32 29 -1
32 30 -1
32 31 -1
32 32 -1
32 33 -1
32 34 -1
32 35 -1
32 36 -1
32 37 -1
32 38 -1

33 0 41.7806
33 1 40.0969
33 2 38.23
33 3 36.4999
33 4 34.6235
33 5 32.6962
33 6 30.6691
33 7 28.5459
33 8 26.3472
33 9 23.8899
33 10 21.2176
33 11 -1
33 12 -1
33 13 -1
33 14 -1
33 15 -1
33 16 -1
33 17 -1
33 18 -1
33 19 -1
33 20 -1
33 21 -1
33 22 -1
33 23 -1
33 24 -1
33 25 -1
33 26 -1
33 27 -1
33 28 -1
33 29 -1
33 30 -1
33 31 -1
33 32 -1
33 33 -1
33 34 -1
33 35 -1
33 36 -1
33 37 -1
33 38 -1

34 0 42.2747
34 1 40.6348
34 2 38.8947
34 3 37.2327
34 4 35.3851
34 5 33.4557
34 6 31.542
34 7 29.517
34 8 27.3532
34 9 25.0052
34 10 22.3975
34 11 -1
34 12 -1
34 13 -1
34 14 -1
34 15 -1
34 16 -1
34 17 -1
34 18 -1
34 19 -1
34 20 -1
34 21 -1
34 22 -1
34 23 -1
34 24 -1
34 25 -1
34 26 -1
34 27 -1
34 28 -1
34 29 -1
34 30 -1
34 31 -1
34 32 -1
34 33 -1
34 34 -1
34 35 -1
34 36 -1
34 37 -1
34 38 -1

35 0 42.9026
35 1 41.2086
35 2 39.479
35 3 37.7867
35 4 35.9904
35 5 34.1424
35 6 32.3142
35 7 30.3275
35 8 28.2304
35 9 26.0094
35 10 23.5577
35 11 20.9619
35 12 -1
35 13 -1
35 14 -1
35 15 -1
35 16 -1
35 17 -1
35 18 -1
35 19 -1
35 20 -1
35 21 -1
35 22 -1
35 23 -1
35 24 -1
35 25 -1
35 26 -1
35 27 -1
35 28 -1
35 29 -1
35 30 -1
35 31 -1
35 32 -1
35 33 -1
35 34 -1
35 35 -1
35 36 -1
35 37 -1
35 38 -1

36 0 43.3994
36 1 41.766
36 2 40.1507
36 3 38.4465
36 4 36.7333
36 5 34.9843
36 6 33.0984
36 7 31.039
36 8 29.0122
36 9 26.9293
36 10 24.6333
36 11 22.3002
36 12 -1
36 13 -1
36 14 -1
36 15 -1
36 16 -1
36 17 -1
36 18 -1
36 19 -1
36 20 -1
36 21 -1
36 22 -1
36 23 -1
36 24 -1
36 25 -1
36 26 -1
36 27 -1
36 28 -1
36 29 -1
36 30 -1
36 31 -1
36 32 -1
36 33 -1
36 34 -1
36 35 -1
36 36 -1
36 37 -1
36 38 -1

37 0 43.9708
37 1 42.317
37 2 40.6959
37 3 39.042
37 4 37.3354
37 5 35.5978
37 6 33.7969
37 7 31.824
37 8 29.8407
37 9 27.7917
37 10 25.548
37 11 23.2846
37 12 22
37 13 -1
37 14 -1
37 15 -1
37 16 -1
37 17 -1
37 18 -1
37 19 -1
37 20 -1
37 21 -1
37 22 -1
37 23 -1
37 24 -1
37 25 -1
37 26 -1
37 27 -1
37 28 -1
37 29 -1
37 30 -1
37 31 -1
37 32 -1
37 33 -1
37 34 -1
37 35 -1
37 36 -1
37 37 -1
37 38 -1

38 0 44.3001
38 1 42.8604
38 2 41.2493
38 3 39.6864
38 4 37.9284
38 5 36.1863
38 6 34.4601
38 7 32.5763
38 8 30.5096
38 9 28.6776
38 10 26.4648
38 11 24.2519
38 12 22.9358
38 13 -1
38 14 -1
38 15 -1
38 16 -1
38 17 -1
38 18 -1
38 19 -1
38 20 -1
38 21 -1
38 22 -1
38 23 -1
38 24 -1
38 25 -1
38 26 -1
38 27 -1
38 28 -1
38 29 -1
38 30 -1
38 31 -1
38 32 -1
38 33 -1
38 34 -1
38 35 -1
38 36 -1
38 37 -1
38 38 -1

39 0 44.8036
39 1 43.2052
39 2 41.6477
39 3 40.151
39 4 38.4873
39 5 36.8213
39 6 35.0677
39 7 33.2851
39 8 31.4562
39 9 29.4256
39 10 27.2486
39 11 25.1527
39 12 22.9488
39 13 -1
39 14 -1
39 15 -1
39 16 -1
39 17 -1
39 18 -1
39 19 -1
39 20 -1
39 21 -1
39 22 -1
39 23 -1
39 24 -1
39 25 -1
39 26 -1
39 27 -1
39 28 -1
39 29 -1
39 30 -1
39 31 -1
39 32 -1
39 33 -1
39 34 -1
39 35 -1
39 36 -1
39 37 -1
39 38 -1

40 0 45.216
40 1 43.6874
40 2 42.1459
40 3 40.5457
40 4 39.0835
40 5 37.4415
40 6 35.6582
40 7 33.9383
40 8 32.0052
40 9 30.1715
40 10 28.1462
40 11 25.92
40 12 23.7803
40 13 -1
40 14 -1
40 15 -1
40 16 -1
40 17 -1
40 18 -1
40 19 -1
40 20 -1
40 21 -1
40 22 -1
40 23 -1
40 24 -1
40 25 -1
40 26 -1
40 27 -1
40 28 -1
40 29 -1
40 30 -1
40 31 -1
40 32 -1
40 33 -1
40 34 -1
40 35 -1
40 36 -1
40 37 -1
40 38 -1

41 0 45.5574
41 1 44.0932
41 2 42.6242
41 3 41.0501
41 4 39.5559
41 5 37.9307
41 6 36.3397
41 7 34.5596
41 8 32.7945
41 9 30.9066
41 10 28.9285
41 11 26.9253
41 12 24.6078
41 13 22.1994
41 14 -1
41 15 -1
41 16 -1
41 17 -1
41 18 -1
41 19 -1
41 20 -1
41 21 -1
41 22 -1
41 23 -1
41 24 -1
41 25 -1
41 26 -1
41 27 -1
41 28 -1
41 29 -1
41 30 -1
41 31 -1
41 32 -1
41 33 -1
41 34 -1
41 35 -1
41 36 -1
41 37 -1
41 38 -1

42 0 45.8957
42 1 44.5231
42 2 43.052
42 3 41.5278
42 4 40.0175
42 5 38.3873
42 6 36.7813
42 7 35.1209
42 8 33.4008
42 9 31.5293
42 10 29.5773
42 11 27.5924
42 12 25.536
42 13 23.3313
42 14 -1
42 15 -1
42 16 -1
42 17 -1
42 18 -1
42 19 -1
42 20 -1
42 21 -1
42 22 -1
42 23 -1
42 24 -1
42 25 -1
42 26 -1
42 27 -1
42 28 -1
42 29 -1
42 30 -1
42 31 -1
42 32 -1
42 33 -1
42 34 -1
42 35 -1
42 36 -1
42 37 -1
42 38 -1

43 0 46.1027
43 1 44.8265
43 2 43.3801
43 3 41.9114
43 4 40.4369
43 5 38.8244
43 6 37.3747
43 7 35.6713
43 8 33.9812
43 9 32.2243
43 10 30.3565
43 11 28.3826
43 12 26.2885
43 13 24.1121
43 14 23.021
43 15 -1
43 16 -1
43 17 -1
43 18 -1
43 19 -1
43 20 -1
43 21 -1
43 22 -1
43 23 -1
43 24 -1
43 25 -1
43 26 -1
43 27 -1
43 28 -1
43 29 -1
43 30 -1
43 31 -1
43 32 -1
43 33 -1
43 34 -1
43 35 -1
43 36 -1
43 37 -1
43 38 -1

44 0 46.4415
44 1 45.0933
44 2 43.7352
44 3 42.2568
44 4 40.8339
44 5 39.402
44 6 37.7647
44 7 36.2546
44 8 34.5251
44 9 32.7981
44 10 31.036
44 11 29.0398
44 12 27.0313
44 13 24.9704
44 14 23.1602
44 15 -1
44 16 -1
44 17 -1
44 18 -1
44 19 -1
44 20 -1
44 21 -1
44 22 -1
44 23 -1
44 24 -1
44 25 -1
44 26 -1
44 27 -1
44 28 -1
44 29 -1
44 30 -1
44 31 -1
44 32 -1
44 33 -1
44 34 -1
44 35 -1
44 36 -1
44 37 -1
44 38 -1

45 0 46.7631
45 1 45.3933
45 2 44.1122
45 3 42.6199
45 4 41.1787
45 5 39.7192
45 6 38.2045
45 7 36.7628
45 8 35.1148
45 9 33.3637
45 10 31.6642
45 11 29.7781
45 12 27.8459
45 13 25.7008
45 14 23.6219
45 15 -1
45 16 -1
45 17 -1
45 18 -1
45 19 -1
45 20 -1
45 21 -1
45 22 -1
45 23 -1
45 24 -1
45 25 -1
45 26 -1
45 27 -1
45 28 -1
45 29 -1
45 30 -1
45 31 -1
45 32 -1
45 33 -1
45 34 -1
45 35 -1
45 36 -1
45 37 -1
45 38 -1

46 0 46.9028
46 1 45.589
46 2 44.1491
46 3 42.9106
46 4 41.5664
46 5 40.1638
46 6 38.6391
46 7 37.1973
46 8 35.5778
46 9 33.9286
46 10 32.1846
46 11 30.3258
46 12 28.486
46 13 26.4541
46 14 24.3973
46 15 22.0134
46 16 -1
46 17 -1
46 18 -1
46 19 -1
46 20 -1
46 21 -1
46 22 -1
46 23 -1
46 24 -1
46 25 -1
46 26 -1
46 27 -1
46 28 -1
46 29 -1
46 30 -1
46 31 -1
46 32 -1
46 33 -1
46 34 -1
46 35 -1
46 36 -1
46 37 -1
46 38 -1

47 0 47.0224
47 1 45.7615
47 2 44.4843
47 3 43.1069
47 4 41.8508
47 5 40.4777
47 6 39.0656
47 7 37.5641
47 8 36.0695
47 9 34.4364
47 10 32.7983
47 11 31.0082
47 12 29.1068
47 13 27.2459
47 14 25.0799
47 15 22.8906
47 16 -1
47 17 -1
47 18 -1
47 19 -1
47 20 -1
47 21 -1
47 22 -1
47 23 -1
47 24 -1
47 25 -1
47 26 -1
47 27 -1
47 28 -1
47 29 -1
47 30 -1
47 31 -1
47 32 -1
47 33 -1
47 34 -1
47 35 -1
47 36 -1
47 37 -1
47 38 -1

48 0 47.0688
48 1 45.885
48 2 44.7207
48 3 43.4408
48 4 42.1108
48 5 40.7718
48 6 39.3842
48 7 37.8955
48 8 36.3969
48 9 34.9564
48 10 33.2903
48 11 31.5497
48 12 29.7694
48 13 27.8676
48 14 25.904
48 15 23.7173
48 16 21.1176
48 17 -1
48 18 -1
48 19 -1
48 20 -1
48 21 -1
48 22 -1
48 23 -1
48 24 -1
48 25 -1
48 26 -1
48 27 -1
48 28 -1
48 29 -1
48 30 -1
48 31 -1
48 32 -1
48 33 -1
48 34 -1
48 35 -1
48 36 -1
48 37 -1
48 38 -1

49 0 47.2709
49 1 46.0646
49 2 44.8207
49 3 43.6338
49 4 42.3818
49 5 41.0177
49 6 39.7538
49 7 38.2815
49 8 36.8126
49 9 35.2958
49 10 33.7998
49 11 32.0953
49 12 30.3626
49 13 28.5267
49 14 26.4797
49 15 24.4185
49 16 22.1769
49 17 -1
49 18 -1
49 19 -1
49 20 -1
49 21 -1
49 22 -1
49 23 -1
49 24 -1
49 25 -1
49 26 -1
49 27 -1
49 28 -1
49 29 -1
49 30 -1
49 31 -1
49 32 -1
49 33 -1
49 34 -1
49 35 -1
49 36 -1
49 37 -1
49 38 -1

50 0 47.3155
50 1 46.1226
50 2 44.9363
50 3 43.7914
50 4 42.5528
50 5 41.2708
50 6 39.9697
50 7 38.6415
50 8 37.1773
50 9 35.7036
50 10 34.1807
50 11 32.5908
50 12 30.8421
50 13 29.0678
50 14 27.2055
50 15 25.1201
50 16 22.9366
50 17 -1
50 18 -1
50 19 -1
50 20 -1
50 21 -1
50 22 -1
50 23 -1
50 24 -1
50 25 -1
50 26 -1
50 27 -1
50 28 -1
50 29 -1
50 30 -1
50 31 -1
50 32 -1
50 33 -1
50 34 -1
50 35 -1
50 36 -1
50 37 -1
50 38 -1

51 0 47.2966
51 1 46.2212
51 2 45.0626
51 3 43.9208
51 4 42.7302
51 5 41.4832
51 6 40.211
51 7 38.777
51 8 37.4655
51 9 36.1102
51 10 34.5626
51 11 33.0471
51 12 31.3166
51 13 29.7159
51 14 27.7549
51 15 25.8292
51 16 23.6898
51 17 -1
51 18 -1
51 19 -1
51 20 -1
51 21 -1
51 22 -1
51 23 -1
51 24 -1
51 25 -1
51 26 -1
51 27 -1
51 28 -1
51 29 -1
51 30 -1
51 31 -1
51 32 -1
51 33 -1
51 34 -1
51 35 -1
51 36 -1
51 37 -1
51 38 -1

52 0 47.2378
52 1 46.2269
52 2 45.126
52 3 44.0039
52 4 42.8394
52 5 41.6605
52 6 40.4066
52 7 39.1987
52 8 37.7717
52 9 36.3819
52 10 34.9188
52 11 33.4665
52 12 31.9386
52 13 30.2369
52 14 28.3821
52 15 26.5042
52 16 24.2962
52 17 22.0188
52 18 -1
52 19 -1
52 20 -1
52 21 -1
52 22 -1
52 23 -1
52 24 -1
52 25 -1
52 26 -1
52 27 -1
52 28 -1
52 29 -1
52 30 -1
52 31 -1
52 32 -1
52 33 -1
52 34 -1
52 35 -1
52 36 -1
52 37 -1
52 38 -1

53 0 47.2428
53 1 46.3054
53 2 45.13
53 3 44.0628
53 4 43.0187
53 5 41.7712
53 6 40.6064
53 7 39.334
53 8 37.9882
53 9 36.6948
53 10 35.2634
53 11 33.8095
53 12 32.2967
53 13 30.6021
53 14 28.9419
53 15 27.049
53 16 25.0445
53 17 22.7608
53 18 -1
53 19 -1
53 20 -1
53 21 -1
53 22 -1
53 23 -1
53 24 -1
53 25 -1
53 26 -1
53 27 -1
53 28 -1
53 29 -1
53 30 -1
53 31 -1
53 32 -1
53 33 -1
53 34 -1
53 35 -1
53 36 -1
53 37 -1
53 38 -1

54 0 47.07
54 1 46.1964
54 2 45.1993
54 3 44.1224
54 4 43.0544
54 5 41.9549
54 6 40.7209
54 7 39.5397
54 8 38.1947
54 9 36.97
54 10 35.5484
54 11 34.1931
54 12 32.6596
54 13 31.0848
54 14 29.3978
54 15 27.6617
54 16 25.6484
54 17 23.5871
54 18 21.2125
54 19 -1
54 20 -1
54 21 -1
54 22 -1
54 23 -1
54 24 -1
54 25 -1
54 26 -1
54 27 -1
54 28 -1
54 29 -1
54 30 -1
54 31 -1
54 32 -1
54 33 -1
54 34 -1
54 35 -1
54 36 -1
54 37 -1
54 38 -1

55 0 47.0624
55 1 46.1116
55 2 45.1529
55 3 44.1832
55 4 43.0461
55 5 41.9284
55 6 40.8276
55 7 39.6545
55 8 38.4678
55 9 37.1405
55 10 35.8153
55 11 34.4566
55 12 33.0207
55 13 31.4598
55 14 29.9456
55 15 28.1227
55 16 26.2329
55 17 24.1958
55 18 21.8832
55 19 -1
55 20 -1
55 21 -1
55 22 -1
55 23 -1
55 24 -1
55 25 -1
55 26 -1
55 27 -1
55 28 -1
55 29 -1
55 30 -1
55 31 -1
55 32 -1
55 33 -1
55 34 -1
55 35 -1
55 36 -1
55 37 -1
55 38 -1

56 0 46.9231
56 1 45.9398
56 2 45.0317
56 3 44.0232
56 4 43.0647
56 5 42.0563
56 6 40.888
56 7 39.7565
56 8 38.5069
56 9 37.3585
56 10 36.0785
56 11 34.7257
56 12 33.3709
56 13 31.8704
56 14 30.311
56 15 28.6758
56 16 26.8769
56 17 24.8898
56 18 22.6303
56 19 -1
56 20 -1
56 21 -1
56 22 -1
56 23 -1
56 24 -1
56 25 -1
56 26 -1
56 27 -1
56 28 -1
56 29 -1
56 30 -1
56 31 -1
56 32 -1
56 33 -1
56 34 -1
56 35 -1
56 36 -1
56 37 -1
56 38 -1

57 0 46.73
57 1 45.807
57 2 44.96
57 3 43.9971
57 4 42.9873
57 5 41.9961
57 6 40.9705
57 7 39.8408
57 8 38.6332
57 9 37.4842
57 10 36.1524
57 11 34.9079
57 12 33.6016
57 13 32.2028
57 14 30.6384
57 15 29.0957
57 16 27.3254
57 17 25.3922
57 18 23.2814
57 19 20.6042
57 20 -1
57 21 -1
57 22 -1
57 23 -1
57 24 -1
57 25 -1
57 26 -1
57 27 -1
57 28 -1
57 29 -1
57 30 -1
57 31 -1
57 32 -1
57 33 -1
57 34 -1
57 35 -1
57 36 -1
57 37 -1
57 38 -1

58 0 46.4462
58 1 45.6651
58 2 44.7622
58 3 43.8976
58 4 42.9249
58 5 41.9472
58 6 40.9451
58 7 39.8761
58 8 38.691
58 9 37.6521
58 10 36.3978
58 11 35.1298
58 12 33.845
58 13 32.4504
58 14 31.0537
58 15 29.4237
58 16 27.7487
58 17 25.9601
58 18 23.9933
58 19 21.5095
58 20 -1
58 21 -1
58 22 -1
58 23 -1
58 24 -1
58 25 -1
58 26 -1
58 27 -1
58 28 -1
58 29 -1
58 30 -1
58 31 -1
58 32 -1
58 33 -1
58 34 -1
58 35 -1
58 36 -1
58 37 -1
58 38 -1

59 0 46.1901
59 1 45.4554
59 2 44.6395
59 3 43.6927
59 4 42.7929
59 5 41.875
59 6 40.9023
59 7 39.9108
59 8 38.7463
59 9 37.6866
59 10 36.5804
59 11 35.2863
59 12 34.0807
59 13 32.7041
59 14 31.3365
59 15 29.8534
59 16 28.2244
59 17 26.4329
59 18 24.5518
59 19 22.4024
59 20 18.9624
59 21 -1
59 22 -1
59 23 -1
59 24 -1
59 25 -1
59 26 -1
59 27 -1
59 28 -1
59 29 -1
59 30 -1
59 31 -1
59 32 -1
59 33 -1
59 34 -1
59 35 -1
59 36 -1
59 37 -1
59 38 -1

60 0 45.916
60 1 45.1409
60 2 44.3438
60 3 43.5735
60 4 42.7194
60 5 41.7638
60 6 40.8471
60 7 39.805
60 8 38.8007
60 9 37.7251
60 10 36.6408
60 11 35.4317
60 12 34.2031
60 13 32.9198
60 14 31.6185
60 15 30.1319
60 16 28.6132
60 17 26.9265
60 18 25.0913
60 19 22.9782
60 20 20.3537
60 21 -1
60 22 -1
60 23 -1
60 24 -1
60 25 -1
60 26 -1
60 27 -1
60 28 -1
60 29 -1
60 30 -1
60 31 -1
60 32 -1
60 33 -1
60 34 -1
60 35 -1
60 36 -1
60 37 -1
60 38 -1

61 0 45.5462
61 1 44.8678
61 2 44.1147
61 3 43.2989
61 4 42.5293
61 5 41.6224
61 6 40.6884
61 7 39.7896
61 8 38.7528
61 9 37.7007
61 10 36.6782
61 11 35.5135
61 12 34.3278
61 13 33.142
61 14 31.741
61 15 30.4253
61 16 28.9558
61 17 27.2619
61 18 25.5512
61 19 23.6523
61 20 21.4204
61 21 -1
61 22 -1
61 23 -1
61 24 -1
61 25 -1
61 26 -1
61 27 -1
61 28 -1
61 29 -1
61 30 -1
61 31 -1
61 32 -1
61 33 -1
61 34 -1
61 35 -1
61 36 -1
61 37 -1
61 38 -1

62 0 45.1683
62 1 44.5185
62 2 43.8573
62 3 43.0939
62 4 42.2533
62 5 41.3991
62 6 40.5498
62 7 39.7002
62 8 38.7234
62 9 37.7092
62 10 36.6428
62 11 35.589
62 12 34.4919
62 13 33.2805
62 14 31.9802
62 15 30.618
62 16 29.2741
62 17 27.6525
62 18 26.0908
62 19 24.0866
62 20 22.0242
62 21 -1
62 22 -1
62 23 -1
62 24 -1
62 25 -1
62 26 -1
62 27 -1
62 28 -1
62 29 -1
62 30 -1
62 31 -1
62 32 -1
62 33 -1
62 34 -1
62 35 -1
62 36 -1
62 37 -1
62 38 -1

63 0 44.7372
63 1 44.1267
63 2 43.4824
63 3 42.7841
63 4 42.0375
63 5 41.2489
63 6 40.4111
63 7 39.5368
63 8 38.6436
63 9 37.6838
63 10 36.6727
63 11 35.5823
63 12 34.4832
63 13 33.4068
63 14 32.126
63 15 30.8473
63 16 29.4476
63 17 28.095
63 18 26.4401
63 19 24.6748
63 20 22.6308
63 21 20.1974
63 22 -1
63 23 -1
63 24 -1
63 25 -1
63 26 -1
63 27 -1
63 28 -1
63 29 -1
63 30 -1
63 31 -1
63 32 -1
63 33 -1
63 34 -1
63 35 -1
63 36 -1
63 37 -1
63 38 -1

64 0 44.2822
64 1 43.7558
64 2 43.106
64 3 42.4937
64 4 41.6875
64 5 40.8976
64 6 40.1631
64 7 39.3543
64 8 38.4109
64 9 37.5818
64 10 36.5656
64 11 35.5901
64 12 34.5288
64 13 33.4645
64 14 32.2422
64 15 31.0319
64 16 29.7393
64 17 28.3093
64 18 26.7177
64 19 25.0806
64 20 23.1836
64 21 20.8545
64 22 -1
64 23 -1
64 24 -1
64 25 -1
64 26 -1
64 27 -1
64 28 -1
64 29 -1
64 30 -1
64 31 -1
64 32 -1
64 33 -1
64 34 -1
64 35 -1
64 36 -1
64 37 -1
64 38 -1

65 0 43.8126
65 1 43.2526
65 2 42.6895
65 3 42.0347
65 4 41.4028
65 5 40.7302
65 6 39.9663
65 7 39.1382
65 8 38.3003
65 9 37.4421
65 10 36.4649
65 11 35.5722
65 12 34.5345
65 13 33.4609
65 14 32.2326
65 15 31.1113
65 16 29.9292
65 17 28.5106
65 18 27.0791
65 19 25.5121
65 20 23.7162
65 21 21.4557
65 22 18.7868
65 23 -1
65 24 -1
65 25 -1
65 26 -1
65 27 -1
65 28 -1
65 29 -1
65 30 -1
65 31 -1
65 32 -1
65 33 -1
65 34 -1
65 35 -1
65 36 -1
65 37 -1
65 38 -1

66 0 43.2566
66 1 42.787
66 2 42.2381
66 3 41.668
66 4 41.0202
66 5 40.332
66 6 39.621
66 7 38.9234
66 8 38.0846
66 9 37.2209
66 10 36.3696
66 11 35.4464
66 12 34.3891
66 13 33.4412
66 14 32.3553
66 15 31.2635
66 16 29.9663
66 17 28.6576
66 18 27.3191
66 19 25.7922
66 20 24.1304
66 21 22.1411
66 22 19.528
66 23 -1
66 24 -1
66 25 -1
66 26 -1
66 27 -1
66 28 -1
66 29 -1
66 30 -1
66 31 -1
66 32 -1
66 33 -1
66 34 -1
66 35 -1
66 36 -1
66 37 -1
66 38 -1

67 0 42.6371
67 1 42.2329
67 2 41.7581
67 3 41.2172
67 4 40.6585
67 5 40.0276
67 6 39.3052
67 7 38.611
67 8 37.7851
67 9 37.0588
67 10 36.2331
67 11 35.2485
67 12 34.2945
67 13 33.3754
67 14 32.3231
67 15 31.2413
67 16 30.0847
67 17 28.8873
67 18 27.5298
67 19 26.1078
67 20 24.457
67 21 22.5942
67 22 20.293
67 23 -1
67 24 -1
67 25 -1
67 26 -1
67 27 -1
67 28 -1
67 29 -1
67 30 -1
67 31 -1
67 32 -1
67 33 -1
67 34 -1
67 35 -1
67 36 -1
67 37 -1
67 38 -1

68 0 42.0509
68 1 41.657
68 2 41.2336
68 3 40.6991
68 4 40.2066
68 5 39.5429
68 6 38.9199
68 7 38.2317
68 8 37.5994
68 9 36.7557
68 10 35.9896
68 11 35.118
68 12 34.2472
68 13 33.2767
68 14 32.3017
68 15 31.2338
68 16 30.1396
68 17 28.9783
68 18 27.6763
68 19 26.3648
68 20 24.8232
68 21 23.0794
68 22 21.0325
68 23 17.842
68 24 -1
68 25 -1
68 26 -1
68 27 -1
68 28 -1
68 29 -1
68 30 -1
68 31 -1
68 32 -1
68 33 -1
68 34 -1
68 35 -1
68 36 -1
68 37 -1
68 38 -1

69 0 41.3283
69 1 41.0018
69 2 40.617
69 3 40.1904
69 4 39.6897
69 5 39.1663
69 6 38.5691
69 7 37.9107
69 8 37.256
69 9 36.4525
69 10 35.7673
69 11 34.8921
69 12 34.0556
69 13 33.1481
69 14 32.2377
69 15 31.1786
69 16 30.1194
69 17 29.0272
69 18 27.8201
69 19 26.5548
69 20 25.0456
69 21 23.4807
69 22 21.6075
69 23 18.8669
69 24 -1
69 25 -1
69 26 -1
69 27 -1
69 28 -1
69 29 -1
69 30 -1
69 31 -1
69 32 -1
69 33 -1
69 34 -1
69 35 -1
69 36 -1
69 37 -1
69 38 -1

70 0 40.5977
70 1 40.3163
70 2 40.0165
70 3 39.6152
70 4 39.1794
70 5 38.6349
70 6 38.0717
70 7 37.5303
70 8 36.8713
70 9 36.1832
70 10 35.4082
70 11 34.7228
70 12 33.8341
70 13 32.9865
70 14 32.0756
70 15 31.1137
70 16 30.088
70 17 28.9665
70 18 27.8453
70 19 26.7141
70 20 25.2651
70 21 23.7774
70 22 22.0388
70 23 19.9178
70 24 16
70 25 -1
70 26 -1
70 27 -1
70 28 -1
70 29 -1
70 30 -1
70 31 -1
70 32 -1
70 33 -1
70 34 -1
70 35 -1
70 36 -1
70 37 -1
70 38 -1

71 0 39.7946
71 1 39.5937
71 2 39.3146
71 3 38.9904
71 4 38.6052
71 5 38.1574
71 6 37.6328
71 7 37.0812
71 8 36.5293
71 9 35.8287
71 10 35.1013
71 11 34.3873
71 12 33.6027
71 13 32.8444
71 14 31.9053
71 15 30.9519
71 16 30.0097
71 17 29.0002
71 18 27.9252
71 19 26.7053
71 20 25.4681
71 21 24.0241
71 22 22.503
71 23 20.5487
71 24 17.4764
71 25 -1
71 26 -1
71 27 -1
71 28 -1
71 29 -1
71 30 -1
71 31 -1
71 32 -1
71 33 -1
71 34 -1
71 35 -1
71 36 -1
71 37 -1
71 38 -1

72 0 38.9352
72 1 38.7811
72 2 38.5725
72 3 38.3306
72 4 37.9608
72 5 37.5739
72 6 37.089
72 7 36.61
72 8 36.0412
72 9 35.4272
72 10 34.8069
72 11 34.0576
72 12 33.3644
72 13 32.5647
72 14 31.7459
72 15 30.8588
72 16 29.8912
72 17 28.9007
72 18 27.9172
72 19 26.7436
72 20 25.6186
72 21 24.242
72 22 22.7434
72 23 21.0063
72 24 18.8528
72 25 -1
72 26 -1
72 27 -1
72 28 -1
72 29 -1
72 30 -1
72 31 -1
72 32 -1
72 33 -1
72 34 -1
72 35 -1
72 36 -1
72 37 -1
72 38 -1

73 0 38
73 1 37.9303
73 2 37.794
73 3 37.5905
73 4 37.2848
73 5 36.9568
73 6 36.5392
73 7 36.0958
73 8 35.5506
73 9 35.0254
73 10 34.4093
73 11 33.7564
73 12 33.0308
73 13 32.262
73 14 31.4858
73 15 30.6614
73 16 29.7367
73 17 28.8382
73 18 27.8656
73 19 26.7617
73 20 25.6258
73 21 24.4047
73 22 22.8769
73 23 21.2361
73 24 19.4736
73 25 -1
73 26 -1
73 27 -1
73 28 -1
73 29 -1
73 30 -1
73 31 -1
73 32 -1
73 33 -1
73 34 -1
73 35 -1
73 36 -1
73 37 -1
73 38 -1

74 0 37
74 1 37
74 2 36.9214
74 3 36.7805
74 4 36.5652
74 5 36.2871
74 6 35.9548
74 7 35.5077
74 8 35.0432
74 9 34.5196
74 10 33.9727
74 11 33.3758
74 12 32.7052
74 13 32.0084
74 14 31.2185
74 15 30.4284
74 16 29.5934
74 17 28.6584
74 18 27.6755
74 19 26.6962
74 20 25.579
74 21 24.3961
74 22 23.0906
74 23 21.6627
74 24 19.8352
74 25 17.6298
74 26 -1
74 27 -1
74 28 -1
74 29 -1
74 30 -1
74 31 -1
74 32 -1
74 33 -1
74 34 -1
74 35 -1
74 36 -1
74 37 -1
74 38 -1

75 0 -1
75 1 36
75 2 36
75 3 35.9269
75 4 35.7779
75 5 35.5426
75 6 35.2889
75 7 34.9063
75 8 34.5273
75 9 34.0427
75 10 33.5277
75 11 32.9746
75 12 32.3074
75 13 31.6654
75 14 30.9466
75 15 30.1388
75 16 29.3611
75 17 28.504
75 18 27.5305
75 19 26.5744
75 20 25.5539
75 21 24.4399
75 22 23.2748
75 23 21.8669
75 24 20.2174
75 25 18.1913
75 26 -1
75 27 -1
75 28 -1
75 29 -1
75 30 -1
75 31 -1
75 32 -1
75 33 -1
75 34 -1
75 35 -1
75 36 -1
75 37 -1
75 38 -1

76 0 -1
76 1 -1
76 2 35
76 3 35
76 4 34.9181
76 5 34.7691
76 6 34.5355
76 7 34.2477
76 8 33.9214
76 9 33.4637
76 10 33.0154
76 11 32.4821
76 12 31.9388
76 13 31.2682
76 14 30.5983
76 15 29.8441
76 16 29.0938
76 17 28.2795
76 18 27.4386
76 19 26.5151
76 20 25.4957
76 21 24.3757
76 22 23.3109
76 23 21.9374
76 24 20.4822
76 25 18.6003
76 26 16.3536
76 27 -1
76 28 -1
76 29 -1
76 30 -1
76 31 -1
76 32 -1
76 33 -1
76 34 -1
76 35 -1
76 36 -1
76 37 -1
76 38 -1

77 0 -1
77 1 -1
77 2 -1
77 3 34
77 4 34
77 5 33.9209
77 6 33.7685
77 7 33.5596
77 8 33.2216
77 9 32.9018
77 10 32.4811
77 11 31.9784
77 12 31.4207
77 13 30.8438
77 14 30.255
77 15 29.5304
77 16 28.7776
77 17 28.0111
77 18 27.1717
77 19 26.2733
77 20 25.3492
77 21 24.3291
77 22 23.2627
77 23 22.0692
77 24 20.6639
77 25 19.0258
77 26 16.8975
77 27 -1
77 28 -1
77 29 -1
77 30 -1
77 31 -1
77 32 -1
77 33 -1
77 34 -1
77 35 -1
77 36 -1
77 37 -1
77 38 -1

78 0 -1
78 1 -1
78 2 -1
78 3 -1
78 4 33
78 5 33
78 6 32.9202
78 7 32.7573
78 8 32.5263
78 9 32.2389
78 10 31.8652
78 11 31.4122
78 12 30.9145
78 13 30.4384
78 14 29.8301
78 15 29.2084
78 16 28.4641
78 17 27.7262
78 18 26.9291
78 19 26.086
78 20 25.1977
78 21 24.2234
78 22 23.1807
78 23 22.0652
78 24 20.8137
78 25 19.2656
78 26 17.3089
78 27 -1
78 28 -1
78 29 -1
78 30 -1
78 31 -1
78 32 -1
78 33 -1
78 34 -1
78 35 -1
78 36 -1
78 37 -1
78 38 -1

79 0 -1
79 1 -1
79 2 -1
79 3 -1
79 4 -1
79 5 32
79 6 32
79 7 31.9183
79 8 31.7562
79 9 31.515
79 10 31.2152
79 11 30.8332
79 12 30.3997
79 13 29.9027
79 14 29.37
79 15 28.7466
79 16 28.1163
79 17 27.4284
79 18 26.6741
79 19 25.8969
79 20 24.9819
79 21 24.0533
79 22 23.108
79 23 21.9723
79 24 20.859
79 25 19.4656
79 26 17.7492
79 27 15.4011
79 28 -1
79 29 -1
79 30 -1
79 31 -1
79 32 -1
79 33 -1
79 34 -1
79 35 -1
79 36 -1
79 37 -1
79 38 -1

80 0 -1
80 1 -1
80 2 -1
80 3 -1
80 4 -1
80 5 -1
80 6 31
80 7 31
80 8 30.9162
80 9 30.7502
80 10 30.5149
80 11 30.1962
80 12 29.8388
80 13 29.3945
80 14 28.8846
80 15 28.3079
80 16 27.7195
80 17 27.0443
80 18 26.3644
80 19 25.616
80 20 24.7345
80 21 23.8538
80 22 22.9767
80 23 21.8778
80 24 20.8086
80 25 19.5789
80 26 18.0489
80 27 15.8609
80 28 -1
80 29 -1
80 30 -1
80 31 -1
80 32 -1
80 33 -1
80 34 -1
80 35 -1
80 36 -1
80 37 -1
80 38 -1

81 0 -1
81 1 -1
81 2 -1
81 3 -1
81 4 -1
81 5 -1
81 6 -1
81 7 30
81 8 30
81 9 29.9139
81 10 29.7465
81 11 29.4994
81 12 29.2014
81 13 28.8057
81 14 28.3503
81 15 27.8261
81 16 27.3099
81 17 26.6332
81 18 26.0101
81 19 25.2544
81 20 24.4883
81 21 23.6608
81 22 22.753
81 23 21.7486
81 24 20.7431
81 25 19.5856
81 26 18.2166
81 27 16.4377
81 28 14
81 29 -1
81 30 -1
81 31 -1
81 32 -1
81 33 -1
81 34 -1
81 35 -1
81 36 -1
81 37 -1
81 38 -1

82 0 -1
82 1 -1
82 2 -1
82 3 -1
82 4 -1
82 5 -1
82 6 -1
82 7 -1
82 8 29
82 9 29
82 10 28.9132
82 11 28.756
82 12 28.4934
82 13 28.1711
82 14 27.7624
82 15 27.2949
82 16 26.8041
82 17 26.2435
82 18 25.5667
82 19 24.8905
82 20 24.1631
82 21 23.3311
82 22 22.5495
82 23 21.6291
82 24 20.6112
82 25 19.5081
82 26 18.3013
82 27 16.8322
82 28 14.2853
82 29 -1
82 30 -1
82 31 -1
82 32 -1
82 33 -1
82 34 -1
82 35 -1
82 36 -1
82 37 -1
82 38 -1

83 0 -1
83 1 -1
83 2 -1
83 3 -1
83 4 -1
83 5 -1
83 6 -1
83 7 -1
83 8 -1
83 9 28
83 10 28
83 11 27.9056
83 12 27.7515
83 13 27.4832
83 14 27.157
83 15 26.7466
83 16 26.2672
83 17 25.7483
83 18 25.1529
83 19 24.5163
83 20 23.8332
83 21 23.0998
83 22 22.2699
83 23 21.3773
83 24 20.4393
83 25 19.4218
83 26 18.2721
83 27 16.9729
83 28 15.124
83 29 -1
83 30 -1
83 31 -1
83 32 -1
83 33 -1
83 34 -1
83 35 -1
83 36 -1
83 37 -1
83 38 -1

84 0 -1
84 1 -1
84 2 -1
84 3 -1
84 4 -1
84 5 -1
84 6 -1
84 7 -1
84 8 -1
84 9 -1
84 10 27
84 11 27
84 12 26.9128
84 13 26.7245
84 14 26.4757
84 15 26.1337
84 16 25.6991
84 17 25.2305
84 18 24.7194
84 19 24.109
84 20 23.4847
84 21 22.7624
84 22 21.9402
84 23 21.1983
84 24 20.2272
84 25 19.2634
84 26 18.2091
84 27 16.9494
84 28 15.5164
84 29 12
84 30 -1
84 31 -1
84 32 -1
84 33 -1
84 34 -1
84 35 -1
84 36 -1
84 37 -1
84 38 -1

85 0 -1
85 1 -1
85 2 -1
85 3 -1
85 4 -1
85 5 -1
85 6 -1
85 7 -1
85 8 -1
85 9 -1
85 10 -1
85 11 26
85 12 26
85 13 25.9066
85 14 25.7268
85 15 25.4486
85 16 25.0907
85 17 24.6759
85 18 24.1897
85 19 23.6543
85 20 23.0129
85 21 22.3701
85 22 21.6345
85 23 20.8815
85 24 19.9874
85 25 19.0864
85 26 18.0314
85 27 16.9043
85 28 15.6173
85 29 13.8291
85 30 -1
85 31 -1
85 32 -1
85 33 -1
85 34 -1
85 35 -1
85 36 -1
85 37 -1
85 38 -1

86 0 -1
86 1 -1
86 2 -1
86 3 -1
86 4 -1
86 5 -1
86 6 -1
86 7 -1
86 8 -1
86 9 -1
86 10 -1
86 11 -1
86 12 25
86 13 25
86 14 24.9026
86 15 24.716
86 16 24.4449
86 17 24.096
86 18 23.6618
86 19 23.1614
86 20 22.6031
86 21 21.9667
86 22 21.3402
86 23 20.5156
86 24 19.7363
86 25 18.8661
86 26 17.8433
86 27 16.7901
86 28 15.5658
86 29 14.2121
86 30 -1
86 31 -1
86 32 -1
86 33 -1
86 34 -1
86 35 -1
86 36 -1
86 37 -1
86 38 -1

87 0 -1
87 1 -1
87 2 -1
87 3 -1
87 4 -1
87 5 -1
87 6 -1
87 7 -1
87 8 -1
87 9 -1
87 10 -1
87 11 -1
87 12 -1
87 13 24
87 14 24
87 15 23.8901
87 16 23.7191
87 17 23.3859
87 18 23.0455
87 19 22.6216
87 20 22.1124
87 21 21.5429
87 22 20.907
87 23 20.1938
87 24 19.4513
87 25 18.5527
87 26 17.6549
87 27 16.6187
87 28 15.4873
87 29 14.1966
87 30 13
87 31 -1
87 32 -1
87 33 -1
87 34 -1
87 35 -1
87 36 -1
87 37 -1
87 38 -1

88 0 -1
88 1 -1
88 2 -1
88 3 -1
88 4 -1
88 5 -1
88 6 -1
88 7 -1
88 8 -1
88 9 -1
88 10 -1
88 11 -1
88 12 -1
88 13 -1
88 14 23
88 15 23
88 16 22.8975
88 17 22.6876
88 18 22.4068
88 19 22.0062
88 20 21.561
88 21 21.0482
88 22 20.5061
88 23 19.7982
88 24 19.1056
88 25 18.2851
88 26 17.4291
88 27 16.4307
88 28 15.3719
88 29 14.1129
88 30 12.6744
88 31 -1
88 32 -1
88 33 -1
88 34 -1
88 35 -1
88 36 -1
88 37 -1
88 38 -1

89 0 -1
89 1 -1
89 2 -1
89 3 -1
89 4 -1
89 5 -1
89 6 -1
89 7 -1
89 8 -1
89 9 -1
89 10 -1
89 11 -1
89 12 -1
89 13 -1
89 14 -1
89 15 22
89 16 22
89 17 21.8966
89 18 21.6892
89 19 21.3802
89 20 21.0023
89 21 20.5315
89 22 19.9652
89 23 19.3924
89 24 18.7018
89 25 18.001
89 26 17.1204
89 27 16.2404
89 28 15.2025
89 29 14.0045
89 30 12.6169
89 31 -1
89 32 -1
89 33 -1
89 34 -1
89 35 -1
89 36 -1
89 37 -1
89 38 -1

90 0 -1
90 1 -1
90 2 -1
90 3 -1
90 4 -1
90 5 -1
90 6 -1
90 7 -1
90 8 -1
90 9 -1
90 10 -1
90 11 -1
90 12 -1
90 13 -1
90 14 -1
90 15 -1
90 16 21
90 17 21
90 18 20.886
90 19 20.6564
90 20 20.3578
90 21 19.9559
90 22 19.4772
90 23 18.9235
90 24 18.2852
90 25 17.5831
90 26 16.8346
90 27 15.9828
90 28 14.99
90 29 13.9008
90 30 12.5603
90 31 11
90 32 -1
90 33 -1
90 34 -1
90 35 -1
90 36 -1
90 37 -1
90 38 -1

91 0 -1
91 1 -1
91 2 -1
91 3 -1
91 4 -1
91 5 -1
91 6 -1
91 7 -1
91 8 -1
91 9 -1
91 10 -1
91 11 -1
91 12 -1
91 13 -1
91 14 -1
91 15 -1
91 16 -1
91 17 20
91 18 20
91 19 19.8895
91 20 19.6558
91 21 19.3301
91 22 18.9186
91 23 18.4461
91 24 17.8759
91 25 17.203
91 26 16.472
91 27 15.6845
91 28 14.7344
91 29 13.7095
91 30 12.4619
91 31 10.9885
91 32 -1
91 33 -1
91 34 -1
91 35 -1
91 36 -1
91 37 -1
91 38 -1

92 0 -1
92 1 -1
92 2 -1
92 3 -1
92 4 -1
92 5 -1
92 6 -1
92 7 -1
92 8 -1
92 9 -1
92 10 -1
92 11 -1
92 12 -1
92 13 -1
92 14 -1
92 15 -1
92 16 -1
92 17 -1
92 18 19
92 19 19
92 20 18.8774
92 21 18.6467
92 22 18.2996
92 23 17.8789
92 24 17.3537
92 25 16.7788
92 26 16.1261
92 27 15.3525
92 28 14.4886
92 29 13.5261
92 30 12.3363
92 31 10.9002
92 32 -1
92 33 -1
92 34 -1
92 35 -1
92 36 -1
92 37 -1
92 38 -1

93 0 -1
93 1 -1
93 2 -1
93 3 -1
93 4 -1
93 5 -1
93 6 -1
93 7 -1
93 8 -1
93 9 -1
93 10 -1
93 11 -1
93 12 -1
93 13 -1
93 14 -1
93 15 -1
93 16 -1
93 17 -1
93 18 -1
93 19 18
93 20 18
93 21 17.8734
93 22 17.6086
93 23 17.2585
93 24 16.8133
93 25 16.2958
93 26 15.6771
93 27 14.9525
93 28 14.2102
93 29 13.2548
93 30 12.1968
93 31 10.8953
93 32 9
93 33 -1
93 34 -1
93 35 -1
93 36 -1
93 37 -1
93 38 -1

94 0 -1
94 1 -1
94 2 -1
94 3 -1
94 4 -1
94 5 -1
94 6 -1
94 7 -1
94 8 -1
94 9 -1
94 10 -1
94 11 -1
94 12 -1
94 13 -1
94 14 -1
94 15 -1
94 16 -1
94 17 -1
94 18 -1
94 19 -1
94 20 17
94 21 17
94 22 16.8632
94 23 16.6036
94 24 16.2455
94 25 15.7662
94 26 15.2113
94 27 14.5821
94 28 13.8144
94 29 12.9718
94 30 12.0105
94 31 10.8148
94 32 9.17899
94 33 -1
94 34 -1
94 35 -1
94 36 -1
94 37 -1
94 38 -1

95 0 -1
95 1 -1
95 2 -1
95 3 -1
95 4 -1
95 5 -1
95 6 -1
95 7 -1
95 8 -1
95 9 -1
95 10 -1
95 11 -1
95 12 -1
95 13 -1
95 14 -1
95 15 -1
95 16 -1
95 17 -1
95 18 -1
95 19 -1
95 20 -1
95 21 16
95 22 16
95 23 15.8588
95 24 15.5796
95 25 15.199
95 26 14.7258
95 27 14.1458
95 28 13.4327
95 29 12.649
95 30 11.7478
95 31 10.709
95 32 9.23517
95 33 -1
95 34 -1
95 35 -1
95 36 -1
95 37 -1
95 38 -1

96 0 -1
96 1 -1
96 2 -1
96 3 -1
96 4 -1
96 5 -1
96 6 -1
96 7 -1
96 8 -1
96 9 -1
96 10 -1
96 11 -1
96 12 -1
96 13 -1
96 14 -1
96 15 -1
96 16 -1
96 17 -1
96 18 -1
96 19 -1
96 20 -1
96 21 -1
96 22 15
96 23 15
96 24 14.8472
96 25 14.5626
96 26 14.1738
96 27 13.6619
96 28 13.0278
96 29 12.2959
96 30 11.4821
96 31 10.4961
96 32 9.23897
96 33 7
96 34 -1
96 35 -1
96 36 -1
96 37 -1
96 38 -1

97 0 -1
97 1 -1
97 2 -1
97 3 -1
97 4 -1
97 5 -1
97 6 -1
97 7 -1
97 8 -1
97 9 -1
97 10 -1
97 11 -1
97 12 -1
97 13 -1
97 14 -1
97 15 -1
97 16 -1
97 17 -1
97 18 -1
97 19 -1
97 20 -1
97 21 -1
97 22 -1
97 23 14
97 24 14
97 25 13.8416
97 26 13.5227
97 27 13.1251
97 28 12.5831
97 29 11.9328
97 30 11.1549
97 31 10.2079
97 32 9.14811
97 33 7.45725
97 34 -1
97 35 -1
97 36 -1
97 37 -1
97 38 -1

98 0 -1
98 1 -1
98 2 -1
98 3 -1
98 4 -1
98 5 -1
98 6 -1
98 7 -1
98 8 -1
98 9 -1
98 10 -1
98 11 -1
98 12 -1
98 13 -1
98 14 -1
98 15 -1
98 16 -1
98 17 -1
98 18 -1
98 19 -1
98 20 -1
98 21 -1
98 22 -1
98 23 -1
98 24 13
98 25 13
98 26 12.831
98 27 12.5037
98 28 12.0261
98 29 11.4689
98 30 10.7824
98 31 9.97426
98 32 8.92421
98 33 7.62814
98 34 -1
98 35 -1
98 36 -1
98 37 -1
98 38 -1

99 0 -1
99 1 -1
99 2 -1
99 3 -1
99 4 -1
99 5 -1
99 6 -1
99 7 -1
99 8 -1
99 9 -1
99 10 -1
99 11 -1
99 12 -1
99 13 -1
99 14 -1
99 15 -1
99 16 -1
99 17 -1
99 18 -1
99 19 -1
99 20 -1
99 21 -1
99 22 -1
99 23 -1
99 24 -1
99 25 12
99 26 12
99 27 11.8237
99 28 11.4479
99 29 10.9878
99 30 10.3513
99 31 9.5883
99 32 8.6996
99 33 7.47671
99 34 -1
99 35 -1
99 36 -1
99 37 -1
99 38 -1

100 0 -1
100 1 -1
100 2 -1
100 3 -1
100 4 -1
100 5 -1
100 6 -1
100 7 -1
100 8 -1
100 9 -1
100 10 -1
100 11 -1
100 12 -1
100 13 -1
100 14 -1
100 15 -1
100 16 -1
100 17 -1
100 18 -1
100 19 -1
100 20 -1
100 21 -1
100 22 -1
100 23 -1
100 24 -1
100 25 -1
100 26 11
100 27 11
100 28 10.7999
100 29 10.4296
100 30 9.89207
100 31 9.24005
100 32 8.3794
100 33 7.34916
100 34 5.69512
100 35 -1
100 36 -1
100 37 -1
100 38 -1

101 0 -1
101 1 -1
101 2 -1
101 3 -1
101 4 -1
101 5 -1
101 6 -1
101 7 -1
101 8 -1
101 9 -1
101 10 -1
101 11 -1
101 12 -1
101 13 -1
101 14 -1
101 15 -1
101 16 -1
101 17 -1
101 18 -1
101 19 -1
101 20 -1
101 21 -1
101 22 -1
101 23 -1
101 24 -1
101 25 -1
101 26 -1
101 27 10
101 28 10
101 29 9.78342
101 30 9.34849
101 31 8.78739
101 32 8.02545
101 33 7.12686
101 34 5.85262
101 35 -1
101 36 -1
101 37 -1
101 38 -1

102 0 -1
102 1 -1
102 2 -1
102 3 -1
102 4 -1
102 5 -1
102 6 -1
102 7 -1
102 8 -1
102 9 -1
102 10 -1
102 11 -1
102 12 -1
102 13 -1
102 14 -1
102 15 -1
102 16 -1
102 17 -1
102 18 -1
102 19 -1
102 20 -1
102 21 -1
102 22 -1
102 23 -1
102 24 -1
102 25 -1
102 26 -1
102 27 -1
102 28 9
102 29 9
102 30 8.76528
102 31 8.28518
102 32 7.64082
102 33 6.81601
102 34 5.74029
102 35 -1
102 36 -1
102 37 -1
102 38 -1

103 0 -1
103 1 -1
103 2 -1
103 3 -1
103 4 -1
103 5 -1
103 6 -1
103 7 -1
103 8 -1
103 9 -1
103 10 -1
103 11 -1
103 12 -1
103 13 -1
103 14 -1
103 15 -1
103 16 -1
103 17 -1
103 18 -1
103 19 -1
103 20 -1
103 21 -1
103 22 -1
103 23 -1
103 24 -1
103 25 -1
103 26 -1
103 27 -1
103 28 -1
103 29 8
103 30 8
103 31 7.72773
103 32 7.16517
103 33 6.49684
103 34 5.48906
103 35 4
103 36 -1
103 37 -1
103 38 -1

104 0 -1
104 1 -1
104 2 -1
104 3 -1
104 4 -1
104 5 -1
104 6 -1
104 7 -1
104 8 -1
104 9 -1
104 10 -1
104 11 -1
104 12 -1
104 13 -1
104 14 -1
104 15 -1
104 16 -1
104 17 -1
104 18 -1
104 19 -1
104 20 -1
104 21 -1
104 22 -1
104 23 -1
104 24 -1
104 25 -1
104 26 -1
104 27 -1
104 28 -1
104 29 -1
104 30 7
104 31 7
104 32 6.67594
104 33 6.04819
104 34 5.2578
104 35 3.93243
104 36 -1
104 37 -1
104 38 -1

105 0 -1
105 1 -1
105 2 -1
105 3 -1
105 4 -1
105 5 -1
105 6 -1
105 7 -1
105 8 -1
105 9 -1
105 10 -1
105 11 -1
105 12 -1
105 13 -1
105 14 -1
105 15 -1
105 16 -1
105 17 -1
105 18 -1
105 19 -1
105 20 -1
105 21 -1
105 22 -1
105 23 -1
105 24 -1
105 25 -1
105 26 -1
105 27 -1
105 28 -1
105 29 -1
105 30 -1
105 31 6
105 32 6
105 33 5.62019
105 34 4.85576
105 35 3.9798
105 36 -1
105 37 -1
105 38 -1

106 0 -1
106 1 -1
106 2 -1
106 3 -1
106 4 -1
106 5 -1
106 6 -1
106 7 -1
106 8 -1
106 9 -1
106 10 -1
106 11 -1
106 12 -1
106 13 -1
106 14 -1
106 15 -1
106 16 -1
106 17 -1
106 18 -1
106 19 -1
106 20 -1
106 21 -1
106 22 -1
106 23 -1
106 24 -1
106 25 -1
106 26 -1
106 27 -1
106 28 -1
106 29 -1
106 30 -1
106 31 -1
106 32 5
106 33 5
106 34 4.52242
106 35 3.56211
106 36 -1
106 37 -1
106 38 -1

107 0 -1
107 1 -1
107 2 -1
107 3 -1
107 4 -1
107 5 -1
107 6 -1
107 7 -1
107 8 -1
107 9 -1
107 10 -1
107 11 -1
107 12 -1
107 13 -1
107 14 -1
107 15 -1
107 16 -1
107 17 -1
107 18 -1
107 19 -1
107 20 -1
107 21 -1
107 22 -1
107 23 -1
107 24 -1
107 25 -1
107 26 -1
107 27 -1
107 28 -1
107 29 -1
107 30 -1
107 31 -1
107 32 -1
107 33 4
107 34 4
107 35 3.3589
107 36 2
107 37 -1
107 38 -1

108 0 -1
108 1 -1
108 2 -1
108 3 -1
108 4 -1
108 5 -1
108 6 -1
108 7 -1
108 8 -1
108 9 -1
108 10 -1
108 11 -1
108 12 -1
108 13 -1
108 14 -1
108 15 -1
108 16 -1
108 17 -1
108 18 -1
108 19 -1
108 20 -1
108 21 -1
108 22 -1
108 23 -1
108 24 -1
108 25 -1
108 26 -1
108 27 -1
108 28 -1
108 29 -1
108 30 -1
108 31 -1
108 32 -1
108 33 -1
108 34 3
108 35 3
108 36 2
108 37 -1
108 38 -1

109 0 -1
109 1 -1
109 2 -1
109 3 -1
109 4 -1
109 5 -1
109 6 -1
109 7 -1
109 8 -1
109 9 -1
109 10 -1
109 11 -1
109 12 -1
109 13 -1
109 14 -1
109 15 -1
109 16 -1
109 17 -1
109 18 -1
109 19 -1
109 20 -1
109 21 -1
109 22 -1
109 23 -1
109 24 -1
109 25 -1
109 26 -1
109 27 -1
109 28 -1
109 29 -1
109 30 -1
109 31 -1
109 32 -1
109 33 -1
109 34 -1
109 35 2
109 36 2
109 37 -1
109 38 -1

110 0 -1
110 1 -1
110 2 -1
110 3 -1
110 4 -1
110 5 -1
110 6 -1
110 7 -1
110 8 -1
110 9 -1
110 10 -1
110 11 -1
110 12 -1
110 13 -1
110 14 -1
110 15 -1
110 16 -1
110 17 -1
110 18 -1
110 19 -1
110 20 -1
110 21 -1
110 22 -1
110 23 -1
110 24 -1
110 25 -1
110 26 -1
110 27 -1
110 28 -1
110 29 -1
110 30 -1
110 31 -1
110 32 -1
110 33 -1
110 34 -1
110 35 -1
110 36 1
110 37 -1
110 38 -1

111 0 -1
111 1 -1
111 2 -1
111 3 -1
111 4 -1
111 5 -1
111 6 -1
111 7 -1
111 8 -1
111 9 -1
111 10 -1
111 11 -1
111 12 -1
111 13 -1
111 14 -1
111 15 -1
111 16 -1
111 17 -1
111 18 -1
111 19 -1
111 20 -1
111 21 -1
111 22 -1
111 23 -1
111 24 -1
111 25 -1
111 26 -1
111 27 -1
111 28 -1
111 29 -1
111 30 -1
111 31 -1
111 32 -1
111 33 -1
111 34 -1
111 35 -1
111 36 -1
111 37 0
111 38 -1

