# f = 6.10352e-05

0 0 -1
0 1 -1
0 2 -1
0 3 -1
0 4 -1
0 5 -1
0 6 -1
0 7 -1
0 8 -1
0 9 -1
0 10 -1
0 11 -1
0 12 -1
0 13 -1
0 14 -1
0 15 -1
0 16 -1
0 17 -1
0 18 -1
0 19 -1
0 20 -1
0 21 -1
0 22 -1
0 23 -1
0 24 -1
0 25 -1
0 26 -1
0 27 -1
0 28 -1
0 29 -1
0 30 -1
0 31 -1
0 32 -1
0 33 -1
0 34 -1
0 35 -1
0 36 -1
0 37 -1
0 38 -1

1 0 5.26398
1 1 -1
1 2 -1
1 3 -1
1 4 -1
1 5 -1
1 6 -1
1 7 -1
1 8 -1
1 9 -1
1 10 -1
1 11 -1
1 12 -1
1 13 -1
1 14 -1
1 15 -1
1 16 -1
1 17 -1
1 18 -1
1 19 -1
1 20 -1
1 21 -1
1 22 -1
1 23 -1
1 24 -1
1 25 -1
1 26 -1
1 27 -1
1 28 -1
1 29 -1
1 30 -1
1 31 -1
1 32 -1
1 33 -1
1 34 -1
1 35 -1
1 36 -1
1 37 -1
1 38 -1

2 0 6.07239
2 1 -1
2 2 -1
2 3 -1
2 4 -1
2 5 -1
2 6 -1
2 7 -1
2 8 -1
2 9 -1
2 10 -1
2 11 -1
2 12 -1
2 13 -1
2 14 -1
2 15 -1
2 16 -1
2 17 -1
2 18 -1
2 19 -1
2 20 -1
2 21 -1
2 22 -1
2 23 -1
2 24 -1
2 25 -1
2 26 -1
2 27 -1
2 28 -1
2 29 -1
2 30 -1
2 31 -1
2 32 -1
2 33 -1
2 34 -1
2 35 -1
2 36 -1
2 37 -1
2 38 -1

3 0 7.09949
3 1 -1
3 2 -1
3 3 -1
3 4 -1
3 5 -1
3 6 -1
3 7 -1
3 8 -1
3 9 -1
3 10 -1
3 11 -1
3 12 -1
3 13 -1
3 14 -1
3 15 -1
3 16 -1
3 17 -1
3 18 -1
3 19 -1
3 20 -1
3 21 -1
3 22 -1
3 23 -1
3 24 -1
3 25 -1
3 26 -1
3 27 -1
3 28 -1
3 29 -1
3 30 -1
3 31 -1
3 32 -1
3 33 -1
3 34 -1
3 35 -1
3 36 -1
3 37 -1
3 38 -1

4 0 8.26141
4 1 -1
4 2 -1
4 3 -1
4 4 -1
4 5 -1
4 6 -1
4 7 -1
4 8 -1
4 9 -1
4 10 -1
4 11 -1
4 12 -1
4 13 -1
4 14 -1
4 15 -1
4 16 -1
4 17 -1
4 18 -1
4 19 -1
4 20 -1
4 21 -1
4 22 -1
4 23 -1
4 24 -1
4 25 -1
4 26 -1
4 27 -1
4 28 -1
4 29 -1
4 30 -1
4 31 -1
4 32 -1
4 33 -1
4 34 -1
4 35 -1
4 36 -1
4 37 -1
4 38 -1

5 0 9.5155
5 1 -1
5 2 -1
5 3 -1
5 4 -1
5 5 -1
5 6 -1
5 7 -1
5 8 -1
5 9 -1
5 10 -1
5 11 -1
5 12 -1
5 13 -1
5 14 -1
5 15 -1
5 16 -1
5 17 -1
5 18 -1
5 19 -1
5 20 -1
5 21 -1
5 22 -1
5 23 -1
5 24 -1
5 25 -1
5 26 -1
5 27 -1
5 28 -1
5 29 -1
5 30 -1
5 31 -1
5 32 -1
5 33 -1
5 34 -1
5 35 -1
5 36 -1
5 37 -1
5 38 -1

6 0 10.8109
6 1 4.49463
6 2 -1
6 3 -1
6 4 -1
6 5 -1
6 6 -1
6 7 -1
6 8 -1
6 9 -1
6 10 -1
6 11 -1
6 12 -1
6 13 -1
6 14 -1
6 15 -1
6 16 -1
6 17 -1
6 18 -1
6 19 -1
6 20 -1
6 21 -1
6 22 -1
6 23 -1
6 24 -1
6 25 -1
6 26 -1
6 27 -1
6 28 -1
6 29 -1
6 30 -1
6 31 -1
6 32 -1
6 33 -1
6 34 -1
6 35 -1
6 36 -1
6 37 -1
6 38 -1

7 0 12.1534
7 1 6.71368
7 2 -1
7 3 -1
7 4 -1
7 5 -1
7 6 -1
7 7 -1
7 8 -1
7 9 -1
7 10 -1
7 11 -1
7 12 -1
7 13 -1
7 14 -1
7 15 -1
7 16 -1
7 17 -1
7 18 -1
7 19 -1
7 20 -1
7 21 -1
7 22 -1
7 23 -1
7 24 -1
7 25 -1
7 26 -1
7 27 -1
7 28 -1
7 29 -1
7 30 -1
7 31 -1
7 32 -1
7 33 -1
7 34 -1
7 35 -1
7 36 -1
7 37 -1
7 38 -1

8 0 13.5246
8 1 8.64722
8 2 -1
8 3 -1
8 4 -1
8 5 -1
8 6 -1
8 7 -1
8 8 -1
8 9 -1
8 10 -1
8 11 -1
8 12 -1
8 13 -1
8 14 -1
8 15 -1
8 16 -1
8 17 -1
8 18 -1
8 19 -1
8 20 -1
8 21 -1
8 22 -1
8 23 -1
8 24 -1
8 25 -1
8 26 -1
8 27 -1
8 28 -1
8 29 -1
8 30 -1
8 31 -1
8 32 -1
8 33 -1
8 34 -1
8 35 -1
8 36 -1
8 37 -1
8 38 -1

9 0 14.9034
9 1 10.4589
9 2 -1
9 3 -1
9 4 -1
9 5 -1
9 6 -1
9 7 -1
9 8 -1
9 9 -1
9 10 -1
9 11 -1
9 12 -1
9 13 -1
9 14 -1
9 15 -1
9 16 -1
9 17 -1
9 18 -1
9 19 -1
9 20 -1
9 21 -1
9 22 -1
9 23 -1
9 24 -1
9 25 -1
9 26 -1
9 27 -1
9 28 -1
9 29 -1
9 30 -1
9 31 -1
9 32 -1
9 33 -1
9 34 -1
9 35 -1
9 36 -1
9 37 -1
9 38 -1

10 0 16.2826
10 1 12.164
10 2 5.26172
10 3 -1
10 4 -1
10 5 -1
10 6 -1
10 7 -1
10 8 -1
10 9 -1
10 10 -1
10 11 -1
10 12 -1
10 13 -1
10 14 -1
10 15 -1
10 16 -1
10 17 -1
10 18 -1
10 19 -1
10 20 -1
10 21 -1
10 22 -1
10 23 -1
10 24 -1
10 25 -1
10 26 -1
10 27 -1
10 28 -1
10 29 -1
10 30 -1
10 31 -1
10 32 -1
10 33 -1
10 34 -1
10 35 -1
10 36 -1
10 37 -1
10 38 -1

11 0 17.6718
11 1 13.8478
11 2 7.90369
11 3 -1
11 4 -1
11 5 -1
11 6 -1
11 7 -1
11 8 -1
11 9 -1
11 10 -1
11 11 -1
11 12 -1
11 13 -1
11 14 -1
11 15 -1
11 16 -1
11 17 -1
11 18 -1
11 19 -1
11 20 -1
11 21 -1
11 22 -1
11 23 -1
11 24 -1
11 25 -1
11 26 -1
11 27 -1
11 28 -1
11 29 -1
11 30 -1
11 31 -1
11 32 -1
11 33 -1
11 34 -1
11 35 -1
11 36 -1
11 37 -1
11 38 -1

12 0 19.0674
12 1 15.4927
12 2 10.1379
12 3 3.32336
12 4 -1
12 5 -1
12 6 -1
12 7 -1
12 8 -1
12 9 -1
12 10 -1
12 11 -1
12 12 -1
12 13 -1
12 14 -1
12 15 -1
12 16 -1
12 17 -1
12 18 -1
12 19 -1
12 20 -1
12 21 -1
12 22 -1
12 23 -1
12 24 -1
12 25 -1
12 26 -1
12 27 -1
12 28 -1
12 29 -1
12 30 -1
12 31 -1
12 32 -1
12 33 -1
12 34 -1
12 35 -1
12 36 -1
12 37 -1
12 38 -1

13 0 20.4345
13 1 17.0646
13 2 12.1456
13 3 5.85284
13 4 -1
13 5 -1
13 6 -1
13 7 -1
13 8 -1
13 9 -1
13 10 -1
13 11 -1
13 12 -1
13 13 -1
13 14 -1
13 15 -1
13 16 -1
13 17 -1
13 18 -1
13 19 -1
13 20 -1
13 21 -1
13 22 -1
13 23 -1
13 24 -1
13 25 -1
13 26 -1
13 27 -1
13 28 -1
13 29 -1
13 30 -1
13 31 -1
13 32 -1
13 33 -1
13 34 -1
13 35 -1
13 36 -1
13 37 -1
13 38 -1

14 0 21.7803
14 1 18.59
14 2 14.0321
14 3 8.10559
14 4 -1
14 5 -1
14 6 -1
14 7 -1
14 8 -1
14 9 -1
14 10 -1
14 11 -1
14 12 -1
14 13 -1
14 14 -1
14 15 -1
14 16 -1
14 17 -1
14 18 -1
14 19 -1
14 20 -1
14 21 -1
14 22 -1
14 23 -1
14 24 -1
14 25 -1
14 26 -1
14 27 -1
14 28 -1
14 29 -1
14 30 -1
14 31 -1
14 32 -1
14 33 -1
14 34 -1
14 35 -1
14 36 -1
14 37 -1
14 38 -1

15 0 23.129
15 1 20.1124
15 2 15.8496
15 3 10.38
15 4 -1
15 5 -1
15 6 -1
15 7 -1
15 8 -1
15 9 -1
15 10 -1
15 11 -1
15 12 -1
15 13 -1
15 14 -1
15 15 -1
15 16 -1
15 17 -1
15 18 -1
15 19 -1
15 20 -1
15 21 -1
15 22 -1
15 23 -1
15 24 -1
15 25 -1
15 26 -1
15 27 -1
15 28 -1
15 29 -1
15 30 -1
15 31 -1
15 32 -1
15 33 -1
15 34 -1
15 35 -1
15 36 -1
15 37 -1
15 38 -1

16 0 24.4905
16 1 21.626
16 2 17.5938
16 3 12.4814
16 4 5.29535
16 5 -1
16 6 -1
16 7 -1
16 8 -1
16 9 -1
16 10 -1
16 11 -1
16 12 -1
16 13 -1
16 14 -1
16 15 -1
16 16 -1
16 17 -1
16 18 -1
16 19 -1
16 20 -1
16 21 -1
16 22 -1
16 23 -1
16 24 -1
16 25 -1
16 26 -1
16 27 -1
16 28 -1
16 29 -1
16 30 -1
16 31 -1
16 32 -1
16 33 -1
16 34 -1
16 35 -1
16 36 -1
16 37 -1
16 38 -1

17 0 25.8605
17 1 23.1116
17 2 19.2765
17 3 14.4542
17 4 8.21826
17 5 -1
17 6 -1
17 7 -1
17 8 -1
17 9 -1
17 10 -1
17 11 -1
17 12 -1
17 13 -1
17 14 -1
17 15 -1
17 16 -1
17 17 -1
17 18 -1
17 19 -1
17 20 -1
17 21 -1
17 22 -1
17 23 -1
17 24 -1
17 25 -1
17 26 -1
17 27 -1
17 28 -1
17 29 -1
17 30 -1
17 31 -1
17 32 -1
17 33 -1
17 34 -1
17 35 -1
17 36 -1
17 37 -1
17 38 -1

18 0 27.1959
18 1 24.5812
18 2 20.9006
18 3 16.3374
18 4 10.6582
18 5 3.35608
18 6 -1
18 7 -1
18 8 -1
18 9 -1
18 10 -1
18 11 -1
18 12 -1
18 13 -1
18 14 -1
18 15 -1
18 16 -1
18 17 -1
18 18 -1
18 19 -1
18 20 -1
18 21 -1
18 22 -1
18 23 -1
18 24 -1
18 25 -1
18 26 -1
18 27 -1
18 28 -1
18 29 -1
18 30 -1
18 31 -1
18 32 -1
18 33 -1
18 34 -1
18 35 -1
18 36 -1
18 37 -1
18 38 -1

19 0 28.5051
19 1 26.0305
19 2 22.5099
19 3 18.1902
19 4 12.8704
19 5 6.10266
19 6 -1
19 7 -1
19 8 -1
19 9 -1
19 10 -1
19 11 -1
19 12 -1
19 13 -1
19 14 -1
19 15 -1
19 16 -1
19 17 -1
19 18 -1
19 19 -1
19 20 -1
19 21 -1
19 22 -1
19 23 -1
19 24 -1
19 25 -1
19 26 -1
19 27 -1
19 28 -1
19 29 -1
19 30 -1
19 31 -1
19 32 -1
19 33 -1
19 34 -1
19 35 -1
19 36 -1
19 37 -1
19 38 -1

20 0 29.8003
20 1 27.4536
20 2 24.0963
20 3 19.9615
20 4 14.9557
20 5 8.71558
20 6 -1
20 7 -1
20 8 -1
20 9 -1
20 10 -1
20 11 -1
20 12 -1
20 13 -1
20 14 -1
20 15 -1
20 16 -1
20 17 -1
20 18 -1
20 19 -1
20 20 -1
20 21 -1
20 22 -1
20 23 -1
20 24 -1
20 25 -1
20 26 -1
20 27 -1
20 28 -1
20 29 -1
20 30 -1
20 31 -1
20 32 -1
20 33 -1
20 34 -1
20 35 -1
20 36 -1
20 37 -1
20 38 -1

21 0 31.0889
21 1 28.8517
21 2 25.6635
21 3 21.6992
21 4 16.9573
21 5 11.1141
21 6 -1
21 7 -1
21 8 -1
21 9 -1
21 10 -1
21 11 -1
21 12 -1
21 13 -1
21 14 -1
21 15 -1
21 16 -1
21 17 -1
21 18 -1
21 19 -1
21 20 -1
21 21 -1
21 22 -1
21 23 -1
21 24 -1
21 25 -1
21 26 -1
21 27 -1
21 28 -1
21 29 -1
21 30 -1
21 31 -1
21 32 -1
21 33 -1
21 34 -1
21 35 -1
21 36 -1
21 37 -1
21 38 -1

22 0 32.376
22 1 30.2175
22 2 27.1887
22 3 23.4149
22 4 18.8351
22 5 13.4082
22 6 5.94757
22 7 -1
22 8 -1
22 9 -1
22 10 -1
22 11 -1
22 12 -1
22 13 -1
22 14 -1
22 15 -1
22 16 -1
22 17 -1
22 18 -1
22 19 -1
22 20 -1
22 21 -1
22 22 -1
22 23 -1
22 24 -1
22 25 -1
22 26 -1
22 27 -1
22 28 -1
22 29 -1
22 30 -1
22 31 -1
22 32 -1
22 33 -1
22 34 -1
22 35 -1
22 36 -1
22 37 -1
22 38 -1

23 0 33.6365
23 1 31.5911
23 2 28.6605
23 3 25.0512
23 4 20.702
23 5 15.4782
23 6 8.86493
23 7 -1
23 8 -1
23 9 -1
23 10 -1
23 11 -1
23 12 -1
23 13 -1
23 14 -1
23 15 -1
23 16 -1
23 17 -1
23 18 -1
23 19 -1
23 20 -1
23 21 -1
23 22 -1
23 23 -1
23 24 -1
23 25 -1
23 26 -1
23 27 -1
23 28 -1
23 29 -1
23 30 -1
23 31 -1
23 32 -1
23 33 -1
23 34 -1
23 35 -1
23 36 -1
23 37 -1
23 38 -1

24 0 34.8796
24 1 32.9325
24 2 30.0934
24 3 26.6516
24 4 22.5013
24 5 17.5287
24 6 11.3708
24 7 3.66052
24 8 -1
24 9 -1
24 10 -1
24 11 -1
24 12 -1
24 13 -1
24 14 -1
24 15 -1
24 16 -1
24 17 -1
24 18 -1
24 19 -1
24 20 -1
24 21 -1
24 22 -1
24 23 -1
24 24 -1
24 25 -1
24 26 -1
24 27 -1
24 28 -1
24 29 -1
24 30 -1
24 31 -1
24 32 -1
24 33 -1
24 34 -1
24 35 -1
24 36 -1
24 37 -1
24 38 -1

25 0 36.0918
25 1 34.2507
25 2 31.5474
25 3 28.187
25 4 24.2415
25 5 19.4946
25 6 13.7843
25 7 6.56195
25 8 -1
25 9 -1
25 10 -1
25 11 -1
25 12 -1
25 13 -1
25 14 -1
25 15 -1
25 16 -1
25 17 -1
25 18 -1
25 19 -1
25 20 -1
25 21 -1
25 22 -1
25 23 -1
25 24 -1
25 25 -1
25 26 -1
25 27 -1
25 28 -1
25 29 -1
25 30 -1
25 31 -1
25 32 -1
25 33 -1
25 34 -1
25 35 -1
25 36 -1
25 37 -1
25 38 -1

26 0 37.283
26 1 35.5637
26 2 32.951
26 3 29.7314
26 4 25.907
26 5 21.4169
26 6 16.0495
26 7 9.31036
26 8 -1
26 9 -1
26 10 -1
26 11 -1
26 12 -1
26 13 -1
26 14 -1
26 15 -1
26 16 -1
26 17 -1
26 18 -1
26 19 -1
26 20 -1
26 21 -1
26 22 -1
26 23 -1
26 24 -1
26 25 -1
26 26 -1
26 27 -1
26 28 -1
26 29 -1
26 30 -1
26 31 -1
26 32 -1
26 33 -1
26 34 -1
26 35 -1
26 36 -1
26 37 -1
26 38 -1

27 0 38.4772
27 1 36.8289
27 2 34.3218
27 3 31.2444
27 4 27.5506
27 5 23.2267
27 6 18.1758
27 7 11.9247
27 8 -1
27 9 -1
27 10 -1
27 11 -1
27 12 -1
27 13 -1
27 14 -1
27 15 -1
27 16 -1
27 17 -1
27 18 -1
27 19 -1
27 20 -1
27 21 -1
27 22 -1
27 23 -1
27 24 -1
27 25 -1
27 26 -1
27 27 -1
27 28 -1
27 29 -1
27 30 -1
27 31 -1
27 32 -1
27 33 -1
27 34 -1
27 35 -1
27 36 -1
27 37 -1
27 38 -1

28 0 39.6604
28 1 38.101
28 2 35.7114
28 3 32.7138
28 4 29.159
28 5 25.0143
28 6 20.1792
28 7 14.347
28 8 6.41443
28 9 -1
28 10 -1
28 11 -1
28 12 -1
28 13 -1
28 14 -1
28 15 -1
28 16 -1
28 17 -1
28 18 -1
28 19 -1
28 20 -1
28 21 -1
28 22 -1
28 23 -1
28 24 -1
28 25 -1
28 26 -1
28 27 -1
28 28 -1
28 29 -1
28 30 -1
28 31 -1
28 32 -1
28 33 -1
28 34 -1
28 35 -1
28 36 -1
28 37 -1
28 38 -1

29 0 40.8364
29 1 39.3434
29 2 37.0467
29 3 34.1472
29 4 30.7508
29 5 26.7693
29 6 22.1607
29 7 16.687
29 8 9.70197
29 9 -1
29 10 -1
29 11 -1
29 12 -1
29 13 -1
29 14 -1
29 15 -1
29 16 -1
29 17 -1
29 18 -1
29 19 -1
29 20 -1
29 21 -1
29 22 -1
29 23 -1
29 24 -1
29 25 -1
29 26 -1
29 27 -1
29 28 -1
29 29 -1
29 30 -1
29 31 -1
29 32 -1
29 33 -1
29 34 -1
29 35 -1
29 36 -1
29 37 -1
29 38 -1

30 0 41.9926
30 1 40.5637
30 2 38.3354
30 3 35.5591
30 4 32.266
30 5 28.453
30 6 24.0151
30 7 18.8802
30 8 12.5093
30 9 4.25958
30 10 -1
30 11 -1
30 12 -1
30 13 -1
30 14 -1
30 15 -1
30 16 -1
30 17 -1
30 18 -1
30 19 -1
30 20 -1
30 21 -1
30 22 -1
30 23 -1
30 24 -1
30 25 -1
30 26 -1
30 27 -1
30 28 -1
30 29 -1
30 30 -1
30 31 -1
30 32 -1
30 33 -1
30 34 -1
30 35 -1
30 36 -1
30 37 -1
30 38 -1

31 0 43.1155
31 1 41.7532
31 2 39.611
31 3 36.9511
31 4 33.7599
31 5 30.1064
31 6 25.8013
31 7 20.9633
31 8 15.036
31 9 7.46515
31 10 -1
31 11 -1
31 12 -1
31 13 -1
31 14 -1
31 15 -1
31 16 -1
31 17 -1
31 18 -1
31 19 -1
31 20 -1
31 21 -1
31 22 -1
31 23 -1
31 24 -1
31 25 -1
31 26 -1
31 27 -1
31 28 -1
31 29 -1
31 30 -1
31 31 -1
31 32 -1
31 33 -1
31 34 -1
31 35 -1
31 36 -1
31 37 -1
31 38 -1

32 0 44.2174
32 1 42.9388
32 2 40.8837
32 3 38.2886
32 4 35.2032
32 5 31.6975
32 6 27.6171
32 7 22.9332
32 8 17.3527
32 9 10.4992
32 10 -1
32 11 -1
32 12 -1
32 13 -1
32 14 -1
32 15 -1
32 16 -1
32 17 -1
32 18 -1
32 19 -1
32 20 -1
32 21 -1
32 22 -1
32 23 -1
32 24 -1
32 25 -1
32 26 -1
32 27 -1
32 28 -1
32 29 -1
32 30 -1
32 31 -1
32 32 -1
32 33 -1
32 34 -1
32 35 -1
32 36 -1
32 37 -1
32 38 -1

33 0 45.301
33 1 44.11
33 2 42.1276
33 3 39.6302
33 4 36.6428
33 5 33.2411
33 6 29.3198
33 7 24.8365
33 8 19.5538
33 9 13.284
33 10 4.79474
33 11 -1
33 12 -1
33 13 -1
33 14 -1
33 15 -1
33 16 -1
33 17 -1
33 18 -1
33 19 -1
33 20 -1
33 21 -1
33 22 -1
33 23 -1
33 24 -1
33 25 -1
33 26 -1
33 27 -1
33 28 -1
33 29 -1
33 30 -1
33 31 -1
33 32 -1
33 33 -1
33 34 -1
33 35 -1
33 36 -1
33 37 -1
33 38 -1

34 0 46.3646
34 1 45.241
34 2 43.3644
34 3 40.9234
34 4 38.0555
34 5 34.7374
34 6 30.9506
34 7 26.696
34 8 21.6506
34 9 15.8124
34 10 8.40021
34 11 -1
34 12 -1
34 13 -1
34 14 -1
34 15 -1
34 16 -1
34 17 -1
34 18 -1
34 19 -1
34 20 -1
34 21 -1
34 22 -1
34 23 -1
34 24 -1
34 25 -1
34 26 -1
34 27 -1
34 28 -1
34 29 -1
34 30 -1
34 31 -1
34 32 -1
34 33 -1
34 34 -1
34 35 -1
34 36 -1
34 37 -1
34 38 -1

35 0 47.4128
35 1 46.365
35 2 44.5568
35 3 42.2266
35 4 39.4585
35 5 36.2324
35 6 32.5653
35 7 28.4266
35 8 23.6533
35 9 18.1227
35 10 11.3053
35 11 2.98279
35 12 -1
35 13 -1
35 14 -1
35 15 -1
35 16 -1
35 17 -1
35 18 -1
35 19 -1
35 20 -1
35 21 -1
35 22 -1
35 23 -1
35 24 -1
35 25 -1
35 26 -1
35 27 -1
35 28 -1
35 29 -1
35 30 -1
35 31 -1
35 32 -1
35 33 -1
35 34 -1
35 35 -1
35 36 -1
35 37 -1
35 38 -1

36 0 48.4418
36 1 47.4632
36 2 45.7067
36 3 43.4951
36 4 40.8008
36 5 37.7122
36 6 34.1741
36 7 30.1707
36 8 25.5905
36 9 20.3934
36 10 14.1154
36 11 6.30481
36 12 -1
36 13 -1
36 14 -1
36 15 -1
36 16 -1
36 17 -1
36 18 -1
36 19 -1
36 20 -1
36 21 -1
36 22 -1
36 23 -1
36 24 -1
36 25 -1
36 26 -1
36 27 -1
36 28 -1
36 29 -1
36 30 -1
36 31 -1
36 32 -1
36 33 -1
36 34 -1
36 35 -1
36 36 -1
36 37 -1
36 38 -1

37 0 49.4518
37 1 48.5425
37 2 46.8587
37 3 44.6913
37 4 42.1315
37 5 39.1443
37 6 35.7007
37 7 31.8626
37 8 27.4467
37 9 22.4465
37 10 16.5931
37 11 9.43982
37 12 0.392944
37 13 -1
37 14 -1
37 15 -1
37 16 -1
37 17 -1
37 18 -1
37 19 -1
37 20 -1
37 21 -1
37 22 -1
37 23 -1
37 24 -1
37 25 -1
37 26 -1
37 27 -1
37 28 -1
37 29 -1
37 30 -1
37 31 -1
37 32 -1
37 33 -1
37 34 -1
37 35 -1
37 36 -1
37 37 -1
37 38 -1

38 0 50.4334
38 1 49.6007
38 2 47.9719
38 3 45.8926
38 4 43.4026
38 5 40.5189
38 6 37.2201
38 7 33.4683
38 8 29.272
38 9 24.4595
38 10 18.9042
38 11 12.3226
38 12 3.45154
38 13 -1
38 14 -1
38 15 -1
38 16 -1
38 17 -1
38 18 -1
38 19 -1
38 20 -1
38 21 -1
38 22 -1
38 23 -1
38 24 -1
38 25 -1
38 26 -1
38 27 -1
38 28 -1
38 29 -1
38 30 -1
38 31 -1
38 32 -1
38 33 -1
38 34 -1
38 35 -1
38 36 -1
38 37 -1
38 38 -1

39 0 51.3904
39 1 50.6162
39 2 49.0872
39 3 47.0588
39 4 44.674
39 5 41.8735
39 6 38.6846
39 7 35.0959
39 8 31.0152
39 9 26.4541
39 10 21.1632
39 11 15.0076
39 12 7.09296
39 13 -1
39 14 -1
39 15 -1
39 16 -1
39 17 -1
39 18 -1
39 19 -1
39 20 -1
39 21 -1
39 22 -1
39 23 -1
39 24 -1
39 25 -1
39 26 -1
39 27 -1
39 28 -1
39 29 -1
39 30 -1
39 31 -1
39 32 -1
39 33 -1
39 34 -1
39 35 -1
39 36 -1
39 37 -1
39 38 -1

40 0 52.3166
40 1 51.6073
40 2 50.1486
40 3 48.2219
40 4 45.9005
40 5 43.1873
40 6 40.1065
40 7 36.6281
40 8 32.7409
40 9 28.3251
40 10 23.3021
40 11 17.4655
40 12 10.3625
40 13 -1
40 14 -1
40 15 -1
40 16 -1
40 17 -1
40 18 -1
40 19 -1
40 20 -1
40 21 -1
40 22 -1
40 23 -1
40 24 -1
40 25 -1
40 26 -1
40 27 -1
40 28 -1
40 29 -1
40 30 -1
40 31 -1
40 32 -1
40 33 -1
40 34 -1
40 35 -1
40 36 -1
40 37 -1
40 38 -1

41 0 53.2145
41 1 52.5878
41 2 51.2047
41 3 49.3403
41 4 47.0961
41 5 44.4869
41 6 41.5101
41 7 38.1663
41 8 34.3424
41 9 30.1271
41 10 25.3044
41 11 19.8002
41 12 13.1631
41 13 4.91095
41 14 -1
41 15 -1
41 16 -1
41 17 -1
41 18 -1
41 19 -1
41 20 -1
41 21 -1
41 22 -1
41 23 -1
41 24 -1
41 25 -1
41 26 -1
41 27 -1
41 28 -1
41 29 -1
41 30 -1
41 31 -1
41 32 -1
41 33 -1
41 34 -1
41 35 -1
41 36 -1
41 37 -1
41 38 -1

42 0 54.0947
42 1 53.5369
42 2 52.2253
42 3 50.4313
42 4 48.2548
42 5 45.7304
42 6 42.8506
42 7 39.6465
42 8 35.9712
42 9 31.8593
42 10 27.2482
42 11 21.9717
42 12 15.8542
42 13 8.2655
42 14 -1
42 15 -1
42 16 -1
42 17 -1
42 18 -1
42 19 -1
42 20 -1
42 21 -1
42 22 -1
42 23 -1
42 24 -1
42 25 -1
42 26 -1
42 27 -1
42 28 -1
42 29 -1
42 30 -1
42 31 -1
42 32 -1
42 33 -1
42 34 -1
42 35 -1
42 36 -1
42 37 -1
42 38 -1

43 0 54.9459
43 1 54.4504
43 2 53.2059
43 3 51.4847
43 4 49.3998
43 5 46.9546
43 6 44.1505
43 7 41.0365
43 8 37.5471
43 9 33.5603
43 10 29.0974
43 11 24.0925
43 12 18.3121
43 13 11.3394
43 14 2.04431
43 15 -1
43 16 -1
43 17 -1
43 18 -1
43 19 -1
43 20 -1
43 21 -1
43 22 -1
43 23 -1
43 24 -1
43 25 -1
43 26 -1
43 27 -1
43 28 -1
43 29 -1
43 30 -1
43 31 -1
43 32 -1
43 33 -1
43 34 -1
43 35 -1
43 36 -1
43 37 -1
43 38 -1

44 0 55.7587
44 1 55.3381
44 2 54.1686
44 3 52.5161
44 4 50.4963
44 5 48.1427
44 6 45.4238
44 7 42.3926
44 8 39.0291
44 9 35.2025
44 10 30.9245
44 11 26.0926
44 12 20.5983
44 13 14.1061
44 14 5.8996
44 15 -1
44 16 -1
44 17 -1
44 18 -1
44 19 -1
44 20 -1
44 21 -1
44 22 -1
44 23 -1
44 24 -1
44 25 -1
44 26 -1
44 27 -1
44 28 -1
44 29 -1
44 30 -1
44 31 -1
44 32 -1
44 33 -1
44 34 -1
44 35 -1
44 36 -1
44 37 -1
44 38 -1

45 0 56.5377
45 1 56.1938
45 2 55.1037
45 3 53.5146
45 4 51.5795
45 5 49.2905
45 6 46.6749
45 7 43.7128
45 8 40.5052
45 9 36.8067
45 10 32.6748
45 11 28.0893
45 12 22.7686
45 13 16.6914
45 14 9.30316
45 15 -1
45 16 -1
45 17 -1
45 18 -1
45 19 -1
45 20 -1
45 21 -1
45 22 -1
45 23 -1
45 24 -1
45 25 -1
45 26 -1
45 27 -1
45 28 -1
45 29 -1
45 30 -1
45 31 -1
45 32 -1
45 33 -1
45 34 -1
45 35 -1
45 36 -1
45 37 -1
45 38 -1

46 0 57.303
46 1 57.0135
46 2 56.0162
46 3 54.4857
46 4 52.618
46 5 50.4078
46 6 47.8931
46 7 45.0524
46 8 41.8835
46 9 38.3413
46 10 34.3873
46 11 29.924
46 12 24.905
46 13 19.0722
46 14 12.2383
46 15 3.35773
46 16 -1
46 17 -1
46 18 -1
46 19 -1
46 20 -1
46 21 -1
46 22 -1
46 23 -1
46 24 -1
46 25 -1
46 26 -1
46 27 -1
46 28 -1
46 29 -1
46 30 -1
46 31 -1
46 32 -1
46 33 -1
46 34 -1
46 35 -1
46 36 -1
46 37 -1
46 38 -1

47 0 58.0338
47 1 57.8243
47 2 56.874
47 3 55.4438
47 4 53.6354
47 5 51.5023
47 6 49.0301
47 7 46.2977
47 8 43.2502
47 9 39.8295
47 10 35.9976
47 11 31.7125
47 12 26.8773
47 13 21.395
47 14 14.9241
47 15 7.04504
47 16 -1
47 17 -1
47 18 -1
47 19 -1
47 20 -1
47 21 -1
47 22 -1
47 23 -1
47 24 -1
47 25 -1
47 26 -1
47 27 -1
47 28 -1
47 29 -1
47 30 -1
47 31 -1
47 32 -1
47 33 -1
47 34 -1
47 35 -1
47 36 -1
47 37 -1
47 38 -1

48 0 58.7452
48 1 58.6135
48 2 57.6934
48 3 56.3369
48 4 54.6248
48 5 52.5538
48 6 50.201
48 7 47.5481
48 8 44.5637
48 9 41.2654
48 10 37.5565
48 11 33.3886
48 12 28.7977
48 13 23.5536
48 14 17.45
48 15 10.1201
48 16 1.01801
48 17 -1
48 18 -1
48 19 -1
48 20 -1
48 21 -1
48 22 -1
48 23 -1
48 24 -1
48 25 -1
48 26 -1
48 27 -1
48 28 -1
48 29 -1
48 30 -1
48 31 -1
48 32 -1
48 33 -1
48 34 -1
48 35 -1
48 36 -1
48 37 -1
48 38 -1

49 0 59.4199
49 1 59.3517
49 2 58.5099
49 3 57.2256
49 4 55.5806
49 5 53.5925
49 6 51.3161
49 7 48.7474
49 8 45.8584
49 9 42.643
49 10 39.0898
49 11 35.0715
49 12 30.6427
49 13 25.6207
49 14 19.7909
49 15 12.9842
49 16 4.28381
49 17 -1
49 18 -1
49 19 -1
49 20 -1
49 21 -1
49 22 -1
49 23 -1
49 24 -1
49 25 -1
49 26 -1
49 27 -1
49 28 -1
49 29 -1
49 30 -1
49 31 -1
49 32 -1
49 33 -1
49 34 -1
49 35 -1
49 36 -1
49 37 -1
49 38 -1

50 0 60.0588
50 1 60.0531
50 2 59.2963
50 3 58.0715
50 4 56.4909
50 5 54.575
50 6 52.3862
50 7 49.883
50 8 47.1152
50 9 43.9736
50 10 40.5337
50 11 36.6931
50 12 32.4111
50 13 27.5851
50 14 22.1101
50 15 15.6935
50 16 7.73798
50 17 -1
50 18 -1
50 19 -1
50 20 -1
50 21 -1
50 22 -1
50 23 -1
50 24 -1
50 25 -1
50 26 -1
50 27 -1
50 28 -1
50 29 -1
50 30 -1
50 31 -1
50 32 -1
50 33 -1
50 34 -1
50 35 -1
50 36 -1
50 37 -1
50 38 -1

51 0 60.6599
51 1 60.7243
51 2 60.0323
51 3 58.881
51 4 57.3794
51 5 55.5302
51 6 53.4374
51 7 51.0036
51 8 48.3137
51 9 45.3276
51 10 41.9501
51 11 38.2517
51 12 34.1386
51 13 29.4625
51 14 24.2213
51 15 18.2839
51 16 10.943
51 17 -1
51 18 -1
51 19 -1
51 20 -1
51 21 -1
51 22 -1
51 23 -1
51 24 -1
51 25 -1
51 26 -1
51 27 -1
51 28 -1
51 29 -1
51 30 -1
51 31 -1
51 32 -1
51 33 -1
51 34 -1
51 35 -1
51 36 -1
51 37 -1
51 38 -1

52 0 61.223
52 1 61.3586
52 2 60.7296
52 3 59.6621
52 4 58.2109
52 5 56.4583
52 6 54.4254
52 7 52.1107
52 8 49.5063
52 9 46.6049
52 10 43.3554
52 11 39.7236
52 12 35.7878
52 13 31.3381
52 14 26.314
52 15 20.6
52 16 13.868
52 17 5.52167
52 18 -1
52 19 -1
52 20 -1
52 21 -1
52 22 -1
52 23 -1
52 24 -1
52 25 -1
52 26 -1
52 27 -1
52 28 -1
52 29 -1
52 30 -1
52 31 -1
52 32 -1
52 33 -1
52 34 -1
52 35 -1
52 36 -1
52 37 -1
52 38 -1

53 0 61.7533
53 1 61.9515
53 2 61.3863
53 3 60.3904
53 4 59.0319
53 5 57.3461
53 6 55.3939
53 7 53.1512
53 8 50.6143
53 9 47.8212
53 10 44.7042
53 11 41.1909
53 12 37.3543
53 13 33.0944
53 14 28.2953
53 15 22.863
53 16 16.5567
53 17 8.95099
53 18 -1
53 19 -1
53 20 -1
53 21 -1
53 22 -1
53 23 -1
53 24 -1
53 25 -1
53 26 -1
53 27 -1
53 28 -1
53 29 -1
53 30 -1
53 31 -1
53 32 -1
53 33 -1
53 34 -1
53 35 -1
53 36 -1
53 37 -1
53 38 -1

54 0 62.2465
54 1 62.507
54 2 62.0341
54 3 61.0834
54 4 59.7993
54 5 58.212
54 6 56.3233
54 7 54.131
54 8 51.7173
54 9 48.9874
54 10 45.9827
54 11 42.6296
54 12 38.8981
54 13 34.7607
54 14 30.1772
54 15 25.0181
54 16 19.0464
54 17 11.9724
54 18 2.68945
54 19 -1
54 20 -1
54 21 -1
54 22 -1
54 23 -1
54 24 -1
54 25 -1
54 26 -1
54 27 -1
54 28 -1
54 29 -1
54 30 -1
54 31 -1
54 32 -1
54 33 -1
54 34 -1
54 35 -1
54 36 -1
54 37 -1
54 38 -1

55 0 62.7007
55 1 63.0249
55 2 62.6285
55 3 61.7642
55 4 60.5194
55 5 59.0216
55 6 57.2167
55 7 55.1217
55 8 52.7675
55 9 50.1415
55 10 47.2476
55 11 43.9977
55 12 40.3965
55 13 36.4017
55 14 31.9708
55 15 27.0438
55 16 21.3499
55 17 14.748
55 18 6.41187
55 19 -1
55 20 -1
55 21 -1
55 22 -1
55 23 -1
55 24 -1
55 25 -1
55 26 -1
55 27 -1
55 28 -1
55 29 -1
55 30 -1
55 31 -1
55 32 -1
55 33 -1
55 34 -1
55 35 -1
55 36 -1
55 37 -1
55 38 -1

56 0 63.0963
56 1 63.5175
56 2 63.1835
56 3 62.3901
56 4 61.2213
56 5 59.7853
56 6 58.0561
56 7 56.0578
56 8 53.7847
56 9 51.2678
56 10 48.4327
56 11 45.3362
56 12 41.8367
56 13 37.9745
56 14 33.7521
56 15 28.9592
56 16 23.5668
56 17 17.2672
56 18 9.74036
56 19 -1
56 20 -1
56 21 -1
56 22 -1
56 23 -1
56 24 -1
56 25 -1
56 26 -1
56 27 -1
56 28 -1
56 29 -1
56 30 -1
56 31 -1
56 32 -1
56 33 -1
56 34 -1
56 35 -1
56 36 -1
56 37 -1
56 38 -1

57 0 63.4498
57 1 63.9541
57 2 63.6979
57 3 62.9836
57 4 61.8937
57 5 60.517
57 6 58.866
57 7 56.9443
57 8 54.7736
57 9 52.3341
57 10 49.6155
57 11 46.5972
57 12 43.2424
57 13 39.5036
57 14 35.4058
57 15 30.8282
57 16 25.6516
57 17 19.7017
57 18 12.6937
57 19 3.7168
57 20 -1
57 21 -1
57 22 -1
57 23 -1
57 24 -1
57 25 -1
57 26 -1
57 27 -1
57 28 -1
57 29 -1
57 30 -1
57 31 -1
57 32 -1
57 33 -1
57 34 -1
57 35 -1
57 36 -1
57 37 -1
57 38 -1

58 0 63.7752
58 1 64.328
58 2 64.168
58 3 63.5186
58 4 62.5211
58 5 61.2075
58 6 59.6347
58 7 57.7875
58 8 55.7025
58 9 53.3593
58 10 50.7238
58 11 47.8229
58 12 44.5893
58 13 40.9914
58 14 37.0002
58 15 32.5842
58 16 27.6057
58 17 22.0123
58 18 15.4559
58 19 7.29578
58 20 -1
58 21 -1
58 22 -1
58 23 -1
58 24 -1
58 25 -1
58 26 -1
58 27 -1
58 28 -1
58 29 -1
58 30 -1
58 31 -1
58 32 -1
58 33 -1
58 34 -1
58 35 -1
58 36 -1
58 37 -1
58 38 -1

59 0 64.0251
59 1 64.6547
59 2 64.5786
59 3 64.0206
59 4 63.0984
59 5 61.8679
59 6 60.3763
59 7 58.6168
59 8 56.6112
59 9 54.3326
59 10 51.8041
59 11 48.9976
59 12 45.8688
59 13 42.3991
59 14 38.5861
59 15 34.2848
59 16 29.5655
59 17 24.1565
59 18 17.9927
59 19 10.5576
59 20 1.06836
59 21 -1
59 22 -1
59 23 -1
59 24 -1
59 25 -1
59 26 -1
59 27 -1
59 28 -1
59 29 -1
59 30 -1
59 31 -1
59 32 -1
59 33 -1
59 34 -1
59 35 -1
59 36 -1
59 37 -1
59 38 -1

60 0 64.2278
60 1 64.9374
60 2 64.9426
60 3 64.4623
60 4 63.6331
60 5 62.4738
60 6 61.0617
60 7 59.3991
60 8 57.4455
60 9 55.274
60 10 52.8157
60 11 50.1051
60 12 47.0717
60 13 43.777
60 14 40.0682
60 15 35.97
60 16 31.4105
60 17 26.2504
60 18 20.36
60 19 13.5059
60 20 4.66949
60 21 -1
60 22 -1
60 23 -1
60 24 -1
60 25 -1
60 26 -1
60 27 -1
60 28 -1
60 29 -1
60 30 -1
60 31 -1
60 32 -1
60 33 -1
60 34 -1
60 35 -1
60 36 -1
60 37 -1
60 38 -1

61 0 64.3605
61 1 65.1718
61 2 65.2484
61 3 64.853
61 4 64.0876
61 5 63.0367
61 6 61.7052
61 7 60.1053
61 8 58.2596
61 9 56.1571
61 10 53.8198
61 11 51.1673
61 12 48.2604
61 13 45.0187
61 14 41.4973
61 15 37.5823
61 16 33.153
61 17 28.2429
61 18 22.676
61 19 16.2065
61 20 8.20923
61 21 -1
61 22 -1
61 23 -1
61 24 -1
61 25 -1
61 26 -1
61 27 -1
61 28 -1
61 29 -1
61 30 -1
61 31 -1
61 32 -1
61 33 -1
61 34 -1
61 35 -1
61 36 -1
61 37 -1
61 38 -1

62 0 64.4214
62 1 65.3478
62 2 65.507
62 3 65.1899
62 4 64.5128
62 5 63.5336
62 6 62.275
62 7 60.7708
62 8 58.9931
62 9 57.0148
62 10 54.733
62 11 52.2031
62 12 49.3843
62 13 46.3052
62 14 42.8732
62 15 39.0738
62 16 34.8762
62 17 30.1524
62 18 24.8161
62 19 18.7355
62 20 11.4316
62 21 -1
62 22 -1
62 23 -1
62 24 -1
62 25 -1
62 26 -1
62 27 -1
62 28 -1
62 29 -1
62 30 -1
62 31 -1
62 32 -1
62 33 -1
62 34 -1
62 35 -1
62 36 -1
62 37 -1
62 38 -1

63 0 64.4105
63 1 65.442
63 2 65.6929
63 3 65.4694
63 4 64.8823
63 5 63.9958
63 6 62.8224
63 7 61.3817
63 8 59.702
63 9 57.7961
63 10 55.6063
63 11 53.1844
63 12 50.4946
63 13 47.4927
63 14 44.1885
63 15 40.501
63 16 36.4799
63 17 31.975
63 18 26.8565
63 19 21.0569
63 20 14.3574
63 21 5.68243
63 22 -1
63 23 -1
63 24 -1
63 25 -1
63 26 -1
63 27 -1
63 28 -1
63 29 -1
63 30 -1
63 31 -1
63 32 -1
63 33 -1
63 34 -1
63 35 -1
63 36 -1
63 37 -1
63 38 -1

64 0 64.3127
64 1 65.4626
64 2 65.8196
64 3 65.692
64 4 65.1879
64 5 64.3863
64 6 63.3055
64 7 61.9725
64 8 60.3696
64 9 58.5385
64 10 56.4597
64 11 54.108
64 12 51.533
64 13 48.6365
64 14 45.4432
64 15 41.9022
64 16 37.9737
64 17 33.6671
64 18 28.7802
64 19 23.2719
64 20 16.9379
64 21 9.20435
64 22 -1
64 23 -1
64 24 -1
64 25 -1
64 26 -1
64 27 -1
64 28 -1
64 29 -1
64 30 -1
64 31 -1
64 32 -1
64 33 -1
64 34 -1
64 35 -1
64 36 -1
64 37 -1
64 38 -1

65 0 64.1234
65 1 65.4009
65 2 65.8682
65 3 65.8444
65 4 65.4415
65 5 64.7264
65 6 63.7411
65 7 62.4967
65 8 60.9754
65 9 59.2211
65 10 57.2397
65 11 55.0042
65 12 52.5037
65 13 49.7357
65 14 46.6476
65 15 43.2372
65 16 39.4714
65 17 35.3007
65 18 30.6781
65 19 25.4252
65 20 19.3513
65 21 12.1297
65 22 3.27264
65 23 -1
65 24 -1
65 25 -1
65 26 -1
65 27 -1
65 28 -1
65 29 -1
65 30 -1
65 31 -1
65 32 -1
65 33 -1
65 34 -1
65 35 -1
65 36 -1
65 37 -1
65 38 -1

66 0 63.8555
66 1 65.2372
66 2 65.8348
66 3 65.9171
66 4 65.621
66 5 64.9914
66 6 64.0943
66 7 62.948
66 8 61.5469
66 9 59.8618
66 10 57.9815
66 11 55.84
66 12 53.4457
66 13 50.7772
66 14 47.7939
66 15 44.5515
66 16 40.8913
66 17 36.8776
66 18 32.3666
66 19 27.4002
66 20 21.7004
66 21 15.0259
66 22 6.68536
66 23 -1
66 24 -1
66 25 -1
66 26 -1
66 27 -1
66 28 -1
66 29 -1
66 30 -1
66 31 -1
66 32 -1
66 33 -1
66 34 -1
66 35 -1
66 36 -1
66 37 -1
66 38 -1

67 0 63.4999
67 1 65.002
67 2 65.7175
67 3 65.8973
67 4 65.719
67 5 65.2031
67 6 64.3878
67 7 63.3423
67 8 62.0372
67 9 60.4374
67 10 58.6552
67 11 56.6255
67 12 54.324
67 13 51.749
67 14 48.924
67 15 45.742
67 16 42.2774
67 17 38.3873
67 18 34.0869
67 19 29.2142
67 20 23.8578
67 21 17.6466
67 22 9.91254
67 23 -1
67 24 -1
67 25 -1
67 26 -1
67 27 -1
67 28 -1
67 29 -1
67 30 -1
67 31 -1
67 32 -1
67 33 -1
67 34 -1
67 35 -1
67 36 -1
67 37 -1
67 38 -1

68 0 63.0671
68 1 64.6567
68 2 65.5067
68 3 65.8323
68 4 65.7267
68 5 65.3292
68 6 64.627
68 7 63.6638
68 8 62.4613
68 9 60.9981
68 10 59.2717
68 11 57.3204
68 12 55.1364
68 13 52.6927
68 14 49.9511
68 15 46.9124
68 16 43.5792
68 17 39.8303
68 18 35.6843
68 19 31.093
68 20 25.8755
68 21 20.0414
68 22 12.9413
68 23 4.0163
68 24 -1
68 25 -1
68 26 -1
68 27 -1
68 28 -1
68 29 -1
68 30 -1
68 31 -1
68 32 -1
68 33 -1
68 34 -1
68 35 -1
68 36 -1
68 37 -1
68 38 -1

69 0 62.4186
69 1 64.2361
69 2 65.2
69 3 65.6505
69 4 65.6929
69 5 65.372
69 6 64.7984
69 7 63.9228
69 8 62.8173
69 9 61.4594
69 10 59.863
69 11 57.9953
69 12 55.8732
69 13 53.5582
69 14 50.9467
69 15 48.0086
69 16 44.803
69 17 41.2183
69 18 37.2305
69 19 32.8204
69 20 27.8545
69 21 22.2283
69 22 15.6052
69 23 7.53906
69 24 -1
69 25 -1
69 26 -1
69 27 -1
69 28 -1
69 29 -1
69 30 -1
69 31 -1
69 32 -1
69 33 -1
69 34 -1
69 35 -1
69 36 -1
69 37 -1
69 38 -1

70 0 61.6304
70 1 63.6448
70 2 64.7892
70 3 65.3754
70 4 65.5495
70 5 65.3625
70 6 64.8876
70 7 64.1262
70 8 63.1046
70 9 61.8503
70 10 60.3429
70 11 58.5858
70 12 56.5981
70 13 54.333
70 14 51.8384
70 15 49.0306
70 16 45.941
70 17 42.5139
70 18 38.6881
70 19 34.4765
70 20 29.7065
70 21 24.3452
70 22 18.1353
70 23 10.6105
70 24 0.31366
70 25 -1
70 26 -1
70 27 -1
70 28 -1
70 29 -1
70 30 -1
70 31 -1
70 32 -1
70 33 -1
70 34 -1
70 35 -1
70 36 -1
70 37 -1
70 38 -1

71 0 60.6246
71 1 62.8796
71 2 64.214
71 3 64.98
71 4 65.2952
71 5 65.2461
71 6 64.8846
71 7 64.2402
71 8 63.3353
71 9 62.178
71 10 60.7675
71 11 59.1097
71 12 57.2129
71 13 55.0782
71 14 52.6722
71 15 50.0187
71 16 47.0133
71 17 43.7264
71 18 40.059
71 19 36.0328
71 20 31.4813
71 21 26.3236
71 22 20.4857
71 23 13.6027
71 24 3.89044
71 25 -1
71 26 -1
71 27 -1
71 28 -1
71 29 -1
71 30 -1
71 31 -1
71 32 -1
71 33 -1
71 34 -1
71 35 -1
71 36 -1
71 37 -1
71 38 -1

72 0 59.3263
72 1 61.903
72 2 63.4797
72 3 64.4364
72 4 64.9274
72 5 65.0165
72 6 64.7881
72 7 64.2726
72 8 63.485
72 9 62.4409
72 10 61.137
72 11 59.5782
72 12 57.7828
72 13 55.7429
72 14 53.4706
72 15 50.897
72 16 48.0752
72 17 44.8743
72 18 41.3943
72 19 37.4757
72 20 33.1812
72 21 28.2511
72 22 22.7086
72 23 16.2524
72 24 8.16235
72 25 -1
72 26 -1
72 27 -1
72 28 -1
72 29 -1
72 30 -1
72 31 -1
72 32 -1
72 33 -1
72 34 -1
72 35 -1
72 36 -1
72 37 -1
72 38 -1

73 0 57.6818
73 1 60.6306
73 2 62.52
73 3 63.7226
73 4 64.4072
73 5 64.6812
73 6 64.5806
73 7 64.2066
73 8 63.5449
73 9 62.6135
73 10 61.4194
73 11 59.9919
73 12 58.3114
73 13 56.3704
73 14 54.1978
73 15 51.7506
73 16 49.0302
73 17 45.986
73 18 42.597
73 19 38.866
73 20 34.7312
73 21 30.071
73 22 24.8239
73 23 18.7416
73 24 11.4363
73 25 -1
73 26 -1
73 27 -1
73 28 -1
73 29 -1
73 30 -1
73 31 -1
73 32 -1
73 33 -1
73 34 -1
73 35 -1
73 36 -1
73 37 -1
73 38 -1

74 0 55.3497
74 1 58.9898
74 2 61.2965
74 3 62.7943
74 4 63.7154
74 5 64.187
74 6 64.2747
74 7 64.0399
74 8 63.5085
74 9 62.7104
74 10 61.6345
74 11 60.3353
74 12 58.753
74 13 56.9254
74 14 54.8474
74 15 52.5349
74 16 49.9257
74 17 47.0157
74 18 43.7697
74 19 40.1936
74 20 36.2388
74 21 31.7771
74 22 26.7516
74 23 21.0718
74 24 14.236
74 25 5.39545
74 26 -1
74 27 -1
74 28 -1
74 29 -1
74 30 -1
74 31 -1
74 32 -1
74 33 -1
74 34 -1
74 35 -1
74 36 -1
74 37 -1
74 38 -1

75 0 -1
75 1 56.6822
75 2 59.6885
75 3 61.6086
75 4 62.8208
75 5 63.5416
75 6 63.8255
75 7 63.7469
75 8 63.3796
75 9 62.7062
75 10 61.7659
75 11 60.5743
75 12 59.1178
75 13 57.4107
75 14 55.4553
75 15 53.2326
75 16 50.7416
75 17 47.9567
75 18 44.8574
75 19 41.4614
75 20 37.6265
75 21 33.3585
75 22 28.5752
75 23 23.1661
75 24 16.8436
75 25 8.91931
75 26 -1
75 27 -1
75 28 -1
75 29 -1
75 30 -1
75 31 -1
75 32 -1
75 33 -1
75 34 -1
75 35 -1
75 36 -1
75 37 -1
75 38 -1

76 0 -1
76 1 -1
76 2 57.4084
76 3 60.0411
76 4 61.6618
76 5 62.6691
76 6 63.2101
76 7 63.3327
76 8 63.1053
76 9 62.6024
76 10 61.7994
76 11 60.7322
76 12 59.399
76 13 57.809
76 14 55.9848
76 15 53.8906
76 16 51.5076
76 17 48.8367
76 18 45.8821
76 19 42.5762
76 20 38.9645
76 21 34.8827
76 22 30.3348
76 23 25.1454
76 24 19.1969
76 25 12.049
76 26 2.15015
76 27 -1
76 28 -1
76 29 -1
76 30 -1
76 31 -1
76 32 -1
76 33 -1
76 34 -1
76 35 -1
76 36 -1
76 37 -1
76 38 -1

77 0 -1
77 1 -1
77 2 -1
77 3 57.7856
77 4 60.1256
77 5 61.5394
77 6 62.3775
77 7 62.7399
77 8 62.719
77 9 62.3625
77 10 61.7233
77 11 60.801
77 12 59.6029
77 13 58.1293
77 14 56.399
77 15 54.4517
77 16 52.2084
77 17 49.6597
77 18 46.8463
77 19 43.6644
77 20 40.1734
77 21 36.2932
77 22 31.9229
77 23 27.0488
77 24 21.3663
77 25 14.7487
77 26 6.49719
77 27 -1
77 28 -1
77 29 -1
77 30 -1
77 31 -1
77 32 -1
77 33 -1
77 34 -1
77 35 -1
77 36 -1
77 37 -1
77 38 -1

78 0 -1
78 1 -1
78 2 -1
78 3 -1
78 4 57.9145
78 5 60.0173
78 6 61.2737
78 7 61.9447
78 8 62.1554
78 9 62.0033
78 10 61.5253
78 11 60.753
78 12 59.6863
78 13 58.3734
78 14 56.7454
78 15 54.8923
78 16 52.8068
78 17 50.3788
78 18 47.6946
78 19 44.688
78 20 41.3284
78 21 37.5921
78 22 33.4205
78 23 28.7018
78 24 23.4063
78 25 17.2425
78 26 9.7663
78 27 -1
78 28 -1
78 29 -1
78 30 -1
78 31 -1
78 32 -1
78 33 -1
78 34 -1
78 35 -1
78 36 -1
78 37 -1
78 38 -1

79 0 -1
79 1 -1
79 2 -1
79 3 -1
79 4 -1
79 5 57.8495
79 6 59.7792
79 7 60.8746
79 8 61.3926
79 9 61.4626
79 10 61.1802
79 11 60.6063
79 12 59.6903
79 13 58.4968
79 14 57.0327
79 15 55.3033
79 16 53.2922
79 17 51.043
79 18 48.46
79 19 45.6412
79 20 42.3923
79 21 38.8207
79 22 34.8465
79 23 30.3456
79 24 25.2996
79 25 19.482
79 26 12.5228
79 27 3.76227
79 28 -1
79 29 -1
79 30 -1
79 31 -1
79 32 -1
79 33 -1
79 34 -1
79 35 -1
79 36 -1
79 37 -1
79 38 -1

80 0 -1
80 1 -1
80 2 -1
80 3 -1
80 4 -1
80 5 -1
80 6 57.6464
80 7 59.4083
80 8 60.3558
80 9 60.7351
80 10 60.6698
80 11 60.2807
80 12 59.5764
80 13 58.5178
80 14 57.1929
80 15 55.5989
80 16 53.7569
80 17 51.5933
80 18 49.1736
80 19 46.4475
80 20 43.4224
80 21 40.0001
80 22 36.1752
80 23 31.9048
80 24 27.0856
80 25 21.5593
80 26 15.1402
80 27 7.23273
80 28 -1
80 29 -1
80 30 -1
80 31 -1
80 32 -1
80 33 -1
80 34 -1
80 35 -1
80 36 -1
80 37 -1
80 38 -1

81 0 -1
81 1 -1
81 2 -1
81 3 -1
81 4 -1
81 5 -1
81 6 -1
81 7 57.3103
81 8 58.9307
81 9 59.7291
81 10 59.9714
81 11 59.8065
81 12 59.2884
81 13 58.4376
81 14 57.2605
81 15 55.8023
81 16 54.0768
81 17 52.0931
81 18 49.7877
81 19 47.2006
81 20 44.2963
81 21 41.0615
81 22 37.434
81 23 33.3608
81 24 28.73
81 25 23.5377
81 26 17.5308
81 27 10.1013
81 28 0.271301
81 29 -1
81 30 -1
81 31 -1
81 32 -1
81 33 -1
81 34 -1
81 35 -1
81 36 -1
81 37 -1
81 38 -1

82 0 -1
82 1 -1
82 2 -1
82 3 -1
82 4 -1
82 5 -1
82 6 -1
82 7 -1
82 8 56.8424
82 9 58.3393
82 10 59.0004
82 11 59.1274
82 12 58.8547
82 13 58.1956
82 14 57.223
82 15 55.9203
82 16 54.3343
82 17 52.4754
82 18 50.339
82 19 47.8814
82 20 45.1237
82 21 42.0081
82 22 38.5741
82 23 34.6851
82 24 30.2802
82 25 25.344
82 26 19.7105
82 27 12.923
82 28 3.91284
82 29 -1
82 30 -1
82 31 -1
82 32 -1
82 33 -1
82 34 -1
82 35 -1
82 36 -1
82 37 -1
82 38 -1

83 0 -1
83 1 -1
83 2 -1
83 3 -1
83 4 -1
83 5 -1
83 6 -1
83 7 -1
83 8 -1
83 9 56.271
83 10 57.6384
83 11 58.1719
83 12 58.1943
83 13 57.8036
83 14 57.0167
83 15 55.901
83 16 54.4803
83 17 52.7483
83 18 50.7788
83 19 48.4688
83 20 45.8704
83 21 42.9081
83 22 39.6068
83 23 35.9352
83 24 31.7634
83 25 27.0098
83 26 21.6779
83 27 15.4191
83 28 7.37787
83 29 -1
83 30 -1
83 31 -1
83 32 -1
83 33 -1
83 34 -1
83 35 -1
83 36 -1
83 37 -1
83 38 -1

84 0 -1
84 1 -1
84 2 -1
84 3 -1
84 4 -1
84 5 -1
84 6 -1
84 7 -1
84 8 -1
84 9 -1
84 10 55.6257
84 11 56.854
84 12 57.2759
84 13 57.1724
84 14 56.6626
84 15 55.7437
84 16 54.496
84 17 52.942
84 18 51.0964
84 19 48.9481
84 20 46.4847
84 21 43.7085
84 22 40.5532
84 23 37.0364
84 24 33.1124
84 25 28.6403
84 26 23.5419
84 27 17.7008
84 28 10.5367
84 29 0.597656
84 30 -1
84 31 -1
84 32 -1
84 33 -1
84 34 -1
84 35 -1
84 36 -1
84 37 -1
84 38 -1

85 0 -1
85 1 -1
85 2 -1
85 3 -1
85 4 -1
85 5 -1
85 6 -1
85 7 -1
85 8 -1
85 9 -1
85 10 -1
85 11 54.8917
85 12 55.9946
85 13 56.3007
85 14 56.0662
85 15 55.4301
85 16 54.3886
85 17 53.004
85 18 51.3207
85 19 49.3218
85 20 47.0137
85 21 44.3876
85 22 41.3955
85 23 38.0439
85 24 34.3127
85 25 30.1003
85 26 25.2832
85 27 19.7384
85 28 13.1906
85 29 4.2218
85 30 -1
85 31 -1
85 32 -1
85 33 -1
85 34 -1
85 35 -1
85 36 -1
85 37 -1
85 38 -1

86 0 -1
86 1 -1
86 2 -1
86 3 -1
86 4 -1
86 5 -1
86 6 -1
86 7 -1
86 8 -1
86 9 -1
86 10 -1
86 11 -1
86 12 54.0676
86 13 55.0378
86 14 55.2289
86 15 54.8708
86 16 54.1174
86 17 52.9377
86 18 51.4114
86 19 49.6002
86 20 47.457
86 21 44.9949
86 22 42.179
86 23 39.0107
86 24 35.4211
86 25 31.4028
86 26 26.8826
86 27 21.6611
86 28 15.4868
86 29 7.88129
86 30 -1
86 31 -1
86 32 -1
86 33 -1
86 34 -1
86 35 -1
86 36 -1
86 37 -1
86 38 -1

87 0 -1
87 1 -1
87 2 -1
87 3 -1
87 4 -1
87 5 -1
87 6 -1
87 7 -1
87 8 -1
87 9 -1
87 10 -1
87 11 -1
87 12 -1
87 13 53.1539
87 14 54.01
87 15 54.0724
87 16 53.5942
87 17 52.707
87 18 51.3943
87 19 49.7264
87 20 47.7755
87 21 45.4718
87 22 42.8397
87 23 39.8332
87 24 36.4493
87 25 32.6241
87 26 28.3054
87 27 23.4183
87 28 17.6581
87 29 10.6851
87 30 0
87 31 -1
87 32 -1
87 33 -1
87 34 -1
87 35 -1
87 36 -1
87 37 -1
87 38 -1

88 0 -1
88 1 -1
88 2 -1
88 3 -1
88 4 -1
88 5 -1
88 6 -1
88 7 -1
88 8 -1
88 9 -1
88 10 -1
88 11 -1
88 12 -1
88 13 -1
88 14 52.1505
88 15 52.8926
88 16 52.8391
88 17 52.2356
88 18 51.2031
88 19 49.7614
88 20 47.953
88 21 45.8519
88 22 43.3998
88 23 40.566
88 24 37.3474
88 25 33.7499
88 26 29.6369
88 27 24.9844
88 28 19.6093
88 29 13.2759
88 30 5.16022
88 31 -1
88 32 -1
88 33 -1
88 34 -1
88 35 -1
88 36 -1
88 37 -1
88 38 -1

89 0 -1
89 1 -1
89 2 -1
89 3 -1
89 4 -1
89 5 -1
89 6 -1
89 7 -1
89 8 -1
89 9 -1
89 10 -1
89 11 -1
89 12 -1
89 13 -1
89 14 -1
89 15 51.0739
89 16 51.7066
89 17 51.5164
89 18 50.7833
89 19 49.6127
89 20 48.0394
89 21 46.098
89 22 43.8326
89 23 41.1951
89 24 38.1442
89 25 34.7211
89 26 30.8538
89 27 26.4273
89 28 21.3586
89 29 15.4489
89 30 8.33002
89 31 -1
89 32 -1
89 33 -1
89 34 -1
89 35 -1
89 36 -1
89 37 -1
89 38 -1

90 0 -1
90 1 -1
90 2 -1
90 3 -1
90 4 -1
90 5 -1
90 6 -1
90 7 -1
90 8 -1
90 9 -1
90 10 -1
90 11 -1
90 12 -1
90 13 -1
90 14 -1
90 15 -1
90 16 49.9095
90 17 50.4391
90 18 50.1047
90 19 49.2471
90 20 47.9448
90 21 46.2048
90 22 44.1198
90 23 41.687
90 24 38.8461
90 25 35.5773
90 26 31.9401
90 27 27.7482
90 28 22.9562
90 29 17.3817
90 30 10.8372
90 31 2.03442
90 32 -1
90 33 -1
90 34 -1
90 35 -1
90 36 -1
90 37 -1
90 38 -1

91 0 -1
91 1 -1
91 2 -1
91 3 -1
91 4 -1
91 5 -1
91 6 -1
91 7 -1
91 8 -1
91 9 -1
91 10 -1
91 11 -1
91 12 -1
91 13 -1
91 14 -1
91 15 -1
91 16 -1
91 17 48.6733
91 18 49.0721
91 19 48.6168
91 20 47.6263
91 21 46.1631
91 22 44.267
91 23 42.0214
91 24 39.4188
91 25 36.3526
91 26 32.8787
91 27 28.9309
91 28 24.4007
91 29 19.1883
91 30 12.9718
91 31 5.25366
91 32 -1
91 33 -1
91 34 -1
91 35 -1
91 36 -1
91 37 -1
91 38 -1

92 0 -1
92 1 -1
92 2 -1
92 3 -1
92 4 -1
92 5 -1
92 6 -1
92 7 -1
92 8 -1
92 9 -1
92 10 -1
92 11 -1
92 12 -1
92 13 -1
92 14 -1
92 15 -1
92 16 -1
92 17 -1
92 18 47.361
92 19 47.6182
92 20 47.0422
92 21 45.9064
92 22 44.3049
92 23 42.2511
92 24 39.8325
92 25 37.0181
92 26 33.7063
92 27 29.9816
92 28 25.7369
92 29 20.8004
92 30 15.0539
92 31 7.9129
92 32 -1
92 33 -1
92 34 -1
92 35 -1
92 36 -1
92 37 -1
92 38 -1

93 0 -1
93 1 -1
93 2 -1
93 3 -1
93 4 -1
93 5 -1
93 6 -1
93 7 -1
93 8 -1
93 9 -1
93 10 -1
93 11 -1
93 12 -1
93 13 -1
93 14 -1
93 15 -1
93 16 -1
93 17 -1
93 18 -1
93 19 45.9663
93 20 46.091
93 21 45.373
93 22 44.0831
93 23 42.3359
93 24 40.1241
93 25 37.511
93 26 34.4631
93 27 30.9083
93 28 26.8592
93 29 22.2798
93 30 16.8862
93 31 10.3425
93 32 1.29858
93 33 -1
93 34 -1
93 35 -1
93 36 -1
93 37 -1
93 38 -1

94 0 -1
94 1 -1
94 2 -1
94 3 -1
94 4 -1
94 5 -1
94 6 -1
94 7 -1
94 8 -1
94 9 -1
94 10 -1
94 11 -1
94 12 -1
94 13 -1
94 14 -1
94 15 -1
94 16 -1
94 17 -1
94 18 -1
94 19 -1
94 20 44.4979
94 21 44.4806
94 22 43.6104
94 23 42.1719
94 24 40.2352
94 25 37.8662
94 26 35.0416
94 27 31.7277
94 28 27.9281
94 29 23.5513
94 30 18.5395
94 31 12.459
94 32 4.67328
94 33 -1
94 34 -1
94 35 -1
94 36 -1
94 37 -1
94 38 -1

95 0 -1
95 1 -1
95 2 -1
95 3 -1
95 4 -1
95 5 -1
95 6 -1
95 7 -1
95 8 -1
95 9 -1
95 10 -1
95 11 -1
95 12 -1
95 13 -1
95 14 -1
95 15 -1
95 16 -1
95 17 -1
95 18 -1
95 19 -1
95 20 -1
95 21 42.9557
95 22 42.7747
95 23 41.7617
95 24 40.1439
95 25 38.0347
95 26 35.4496
95 27 32.4127
95 28 28.8542
95 29 24.7609
95 30 19.9789
95 31 14.3479
95 32 7.46283
95 33 -1
95 34 -1
95 35 -1
95 36 -1
95 37 -1
95 38 -1

96 0 -1
96 1 -1
96 2 -1
96 3 -1
96 4 -1
96 5 -1
96 6 -1
96 7 -1
96 8 -1
96 9 -1
96 10 -1
96 11 -1
96 12 -1
96 13 -1
96 14 -1
96 15 -1
96 16 -1
96 17 -1
96 18 -1
96 19 -1
96 20 -1
96 21 -1
96 22 41.3297
96 23 40.9762
96 24 39.7896
96 25 37.9811
96 26 35.6885
96 27 32.894
96 28 29.5999
96 29 25.7762
96 30 21.2914
96 31 15.9953
96 32 9.52991
96 33 0.5625
96 34 -1
96 35 -1
96 36 -1
96 37 -1
96 38 -1

97 0 -1
97 1 -1
97 2 -1
97 3 -1
97 4 -1
97 5 -1
97 6 -1
97 7 -1
97 8 -1
97 9 -1
97 10 -1
97 11 -1
97 12 -1
97 13 -1
97 14 -1
97 15 -1
97 16 -1
97 17 -1
97 18 -1
97 19 -1
97 20 -1
97 21 -1
97 22 -1
97 23 39.5881
97 24 39.082
97 25 37.6989
97 26 35.7217
97 27 33.2175
97 28 30.191
97 29 26.6193
97 30 22.4407
97 31 17.499
97 32 11.472
97 33 3.67999
97 34 -1
97 35 -1
97 36 -1
97 37 -1
97 38 -1

98 0 -1
98 1 -1
98 2 -1
98 3 -1
98 4 -1
98 5 -1
98 6 -1
98 7 -1
98 8 -1
98 9 -1
98 10 -1
98 11 -1
98 12 -1
98 13 -1
98 14 -1
98 15 -1
98 16 -1
98 17 -1
98 18 -1
98 19 -1
98 20 -1
98 21 -1
98 22 -1
98 23 -1
98 24 37.7462
98 25 37.0916
98 26 35.5339
98 27 33.3245
98 28 30.5912
98 29 27.3107
98 30 23.3967
98 31 18.7987
98 32 13.2249
98 33 6.15332
98 34 -1
98 35 -1
98 36 -1
98 37 -1
98 38 -1

99 0 -1
99 1 -1
99 2 -1
99 3 -1
99 4 -1
99 5 -1
99 6 -1
99 7 -1
99 8 -1
99 9 -1
99 10 -1
99 11 -1
99 12 -1
99 13 -1
99 14 -1
99 15 -1
99 16 -1
99 17 -1
99 18 -1
99 19 -1
99 20 -1
99 21 -1
99 22 -1
99 23 -1
99 24 -1
99 25 35.8292
99 26 34.9913
99 27 33.2369
99 28 30.8117
99 29 27.8077
99 30 24.2156
99 31 19.9528
99 32 14.8011
99 33 8.4007
99 34 -1
99 35 -1
99 36 -1
99 37 -1
99 38 -1

100 0 -1
100 1 -1
100 2 -1
100 3 -1
100 4 -1
100 5 -1
100 6 -1
100 7 -1
100 8 -1
100 9 -1
100 10 -1
100 11 -1
100 12 -1
100 13 -1
100 14 -1
100 15 -1
100 16 -1
100 17 -1
100 18 -1
100 19 -1
100 20 -1
100 21 -1
100 22 -1
100 23 -1
100 24 -1
100 25 -1
100 26 33.8204
100 27 32.7778
100 28 30.8087
100 29 28.1118
100 30 24.8473
100 31 20.8773
100 32 16.1473
100 33 10.3221
100 34 2.46948
100 35 -1
100 36 -1
100 37 -1
100 38 -1

101 0 -1
101 1 -1
101 2 -1
101 3 -1
101 4 -1
101 5 -1
101 6 -1
101 7 -1
101 8 -1
101 9 -1
101 10 -1
101 11 -1
101 12 -1
101 13 -1
101 14 -1
101 15 -1
101 16 -1
101 17 -1
101 18 -1
101 19 -1
101 20 -1
101 21 -1
101 22 -1
101 23 -1
101 24 -1
101 25 -1
101 26 -1
101 27 31.6873
101 28 30.4325
101 29 28.2148
101 30 25.2489
101 31 21.6418
101 32 17.2715
101 33 11.8858
101 34 4.97424
101 35 -1
101 36 -1
101 37 -1
101 38 -1

102 0 -1
102 1 -1
102 2 -1
102 3 -1
102 4 -1
102 5 -1
102 6 -1
102 7 -1
102 8 -1
102 9 -1
102 10 -1
102 11 -1
102 12 -1
102 13 -1
102 14 -1
102 15 -1
102 16 -1
102 17 -1
102 18 -1
102 19 -1
102 20 -1
102 21 -1
102 22 -1
102 23 -1
102 24 -1
102 25 -1
102 26 -1
102 27 -1
102 28 29.434
102 29 27.9483
102 30 25.4615
102 31 22.1879
102 32 18.1787
102 33 13.2713
102 34 6.98059
102 35 -1
102 36 -1
102 37 -1
102 38 -1

103 0 -1
103 1 -1
103 2 -1
103 3 -1
103 4 -1
103 5 -1
103 6 -1
103 7 -1
103 8 -1
103 9 -1
103 10 -1
103 11 -1
103 12 -1
103 13 -1
103 14 -1
103 15 -1
103 16 -1
103 17 -1
103 18 -1
103 19 -1
103 20 -1
103 21 -1
103 22 -1
103 23 -1
103 24 -1
103 25 -1
103 26 -1
103 27 -1
103 28 -1
103 29 27.0563
103 30 25.3123
103 31 22.515
103 32 18.8871
103 33 14.3785
103 34 8.7226
103 35 0.676514
103 36 -1
103 37 -1
103 38 -1

104 0 -1
104 1 -1
104 2 -1
104 3 -1
104 4 -1
104 5 -1
104 6 -1
104 7 -1
104 8 -1
104 9 -1
104 10 -1
104 11 -1
104 12 -1
104 13 -1
104 14 -1
104 15 -1
104 16 -1
104 17 -1
104 18 -1
104 19 -1
104 20 -1
104 21 -1
104 22 -1
104 23 -1
104 24 -1
104 25 -1
104 26 -1
104 27 -1
104 28 -1
104 29 -1
104 30 24.5407
104 31 22.5055
104 32 19.363
104 33 15.2984
104 34 10.1309
104 35 3.22937
104 36 -1
104 37 -1
104 38 -1

105 0 -1
105 1 -1
105 2 -1
105 3 -1
105 4 -1
105 5 -1
105 6 -1
105 7 -1
105 8 -1
105 9 -1
105 10 -1
105 11 -1
105 12 -1
105 13 -1
105 14 -1
105 15 -1
105 16 -1
105 17 -1
105 18 -1
105 19 -1
105 20 -1
105 21 -1
105 22 -1
105 23 -1
105 24 -1
105 25 -1
105 26 -1
105 27 -1
105 28 -1
105 29 -1
105 30 -1
105 31 21.8865
105 32 19.4884
105 33 15.9388
105 34 11.3203
105 35 5.16516
105 36 -1
105 37 -1
105 38 -1

106 0 -1
106 1 -1
106 2 -1
106 3 -1
106 4 -1
106 5 -1
106 6 -1
106 7 -1
106 8 -1
106 9 -1
106 10 -1
106 11 -1
106 12 -1
106 13 -1
106 14 -1
106 15 -1
106 16 -1
106 17 -1
106 18 -1
106 19 -1
106 20 -1
106 21 -1
106 22 -1
106 23 -1
106 24 -1
106 25 -1
106 26 -1
106 27 -1
106 28 -1
106 29 -1
106 30 -1
106 31 -1
106 32 19.0632
106 33 16.2595
106 34 12.177
106 35 6.77454
106 36 -1
106 37 -1
106 38 -1

107 0 -1
107 1 -1
107 2 -1
107 3 -1
107 4 -1
107 5 -1
107 6 -1
107 7 -1
107 8 -1
107 9 -1
107 10 -1
107 11 -1
107 12 -1
107 13 -1
107 14 -1
107 15 -1
107 16 -1
107 17 -1
107 18 -1
107 19 -1
107 20 -1
107 21 -1
107 22 -1
107 23 -1
107 24 -1
107 25 -1
107 26 -1
107 27 -1
107 28 -1
107 29 -1
107 30 -1
107 31 -1
107 32 -1
107 33 16.0272
107 34 12.7007
107 35 7.87494
107 36 1.29193
107 37 -1
107 38 -1

108 0 -1
108 1 -1
108 2 -1
108 3 -1
108 4 -1
108 5 -1
108 6 -1
108 7 -1
108 8 -1
108 9 -1
108 10 -1
108 11 -1
108 12 -1
108 13 -1
108 14 -1
108 15 -1
108 16 -1
108 17 -1
108 18 -1
108 19 -1
108 20 -1
108 21 -1
108 22 -1
108 23 -1
108 24 -1
108 25 -1
108 26 -1
108 27 -1
108 28 -1
108 29 -1
108 30 -1
108 31 -1
108 32 -1
108 33 -1
108 34 12.7504
108 35 8.72052
108 36 2.75897
108 37 -1
108 38 -1

109 0 -1
109 1 -1
109 2 -1
109 3 -1
109 4 -1
109 5 -1
109 6 -1
109 7 -1
109 8 -1
109 9 -1
109 10 -1
109 11 -1
109 12 -1
109 13 -1
109 14 -1
109 15 -1
109 16 -1
109 17 -1
109 18 -1
109 19 -1
109 20 -1
109 21 -1
109 22 -1
109 23 -1
109 24 -1
109 25 -1
109 26 -1
109 27 -1
109 28 -1
109 29 -1
109 30 -1
109 31 -1
109 32 -1
109 33 -1
109 34 -1
109 35 9.16949
109 36 4.04883
109 37 -1
109 38 -1

110 0 -1
110 1 -1
110 2 -1
110 3 -1
110 4 -1
110 5 -1
110 6 -1
110 7 -1
110 8 -1
110 9 -1
110 10 -1
110 11 -1
110 12 -1
110 13 -1
110 14 -1
110 15 -1
110 16 -1
110 17 -1
110 18 -1
110 19 -1
110 20 -1
110 21 -1
110 22 -1
110 23 -1
110 24 -1
110 25 -1
110 26 -1
110 27 -1
110 28 -1
110 29 -1
110 30 -1
110 31 -1
110 32 -1
110 33 -1
110 34 -1
110 35 -1
110 36 5.17542
110 37 -1
110 38 -1

111 0 -1
111 1 -1
111 2 -1
111 3 -1
111 4 -1
111 5 -1
111 6 -1
111 7 -1
111 8 -1
111 9 -1
111 10 -1
111 11 -1
111 12 -1
111 13 -1
111 14 -1
111 15 -1
111 16 -1
111 17 -1
111 18 -1
111 19 -1
111 20 -1
111 21 -1
111 22 -1
111 23 -1
111 24 -1
111 25 -1
111 26 -1
111 27 -1
111 28 -1
111 29 -1
111 30 -1
111 31 -1
111 32 -1
111 33 -1
111 34 -1
111 35 -1
111 36 -1
111 37 0.464111
111 38 -1

