# f = 6.10352e-05

0 0 -1
0 1 -1
0 2 -1
0 3 -1
0 4 -1
0 5 -1
0 6 -1
0 7 -1
0 8 -1
0 9 -1
0 10 -1
0 11 -1
0 12 -1
0 13 -1
0 14 -1
0 15 -1
0 16 -1
0 17 -1
0 18 -1
0 19 -1
0 20 -1
0 21 -1
0 22 -1
0 23 -1
0 24 -1
0 25 -1
0 26 -1
0 27 -1
0 28 -1
0 29 -1
0 30 -1
0 31 -1
0 32 -1
0 33 -1
0 34 -1
0 35 -1
0 36 -1
0 37 -1
0 38 -1
0 39 -1
0 40 -1
0 41 -1
0 42 -1
0 43 -1
0 44 -1
0 45 -1
0 46 -1
0 47 -1
0 48 -1
0 49 -1
0 50 -1
0 51 -1
0 52 -1
0 53 -1
0 54 -1
0 55 -1
0 56 -1
0 57 -1
0 58 -1
0 59 -1
0 60 -1
0 61 -1
0 62 -1
0 63 -1
0 64 -1
0 65 -1
0 66 -1
0 67 -1
0 68 -1
0 69 -1
0 70 -1

1 0 4.65186
1 1 -1
1 2 -1
1 3 -1
1 4 -1
1 5 -1
1 6 -1
1 7 -1
1 8 -1
1 9 -1
1 10 -1
1 11 -1
1 12 -1
1 13 -1
1 14 -1
1 15 -1
1 16 -1
1 17 -1
1 18 -1
1 19 -1
1 20 -1
1 21 -1
1 22 -1
1 23 -1
1 24 -1
1 25 -1
1 26 -1
1 27 -1
1 28 -1
1 29 -1
1 30 -1
1 31 -1
1 32 -1
1 33 -1
1 34 -1
1 35 -1
1 36 -1
1 37 -1
1 38 -1
1 39 -1
1 40 -1
1 41 -1
1 42 -1
1 43 -1
1 44 -1
1 45 -1
1 46 -1
1 47 -1
1 48 -1
1 49 -1
1 50 -1
1 51 -1
1 52 -1
1 53 -1
1 54 -1
1 55 -1
1 56 -1
1 57 -1
1 58 -1
1 59 -1
1 60 -1
1 61 -1
1 62 -1
1 63 -1
1 64 -1
1 65 -1
1 66 -1
1 67 -1
1 68 -1
1 69 -1
1 70 -1

2 0 6.53735
2 1 -1
2 2 -1
2 3 -1
2 4 -1
2 5 -1
2 6 -1
2 7 -1
2 8 -1
2 9 -1
2 10 -1
2 11 -1
2 12 -1
2 13 -1
2 14 -1
2 15 -1
2 16 -1
2 17 -1
2 18 -1
2 19 -1
2 20 -1
2 21 -1
2 22 -1
2 23 -1
2 24 -1
2 25 -1
2 26 -1
2 27 -1
2 28 -1
2 29 -1
2 30 -1
2 31 -1
2 32 -1
2 33 -1
2 34 -1
2 35 -1
2 36 -1
2 37 -1
2 38 -1
2 39 -1
2 40 -1
2 41 -1
2 42 -1
2 43 -1
2 44 -1
2 45 -1
2 46 -1
2 47 -1
2 48 -1
2 49 -1
2 50 -1
2 51 -1
2 52 -1
2 53 -1
2 54 -1
2 55 -1
2 56 -1
2 57 -1
2 58 -1
2 59 -1
2 60 -1
2 61 -1
2 62 -1
2 63 -1
2 64 -1
2 65 -1
2 66 -1
2 67 -1
2 68 -1
2 69 -1
2 70 -1

3 0 8.67236
3 1 4.6297
3 2 -1
3 3 -1
3 4 -1
3 5 -1
3 6 -1
3 7 -1
3 8 -1
3 9 -1
3 10 -1
3 11 -1
3 12 -1
3 13 -1
3 14 -1
3 15 -1
3 16 -1
3 17 -1
3 18 -1
3 19 -1
3 20 -1
3 21 -1
3 22 -1
3 23 -1
3 24 -1
3 25 -1
3 26 -1
3 27 -1
3 28 -1
3 29 -1
3 30 -1
3 31 -1
3 32 -1
3 33 -1
3 34 -1
3 35 -1
3 36 -1
3 37 -1
3 38 -1
3 39 -1
3 40 -1
3 41 -1
3 42 -1
3 43 -1
3 44 -1
3 45 -1
3 46 -1
3 47 -1
3 48 -1
3 49 -1
3 50 -1
3 51 -1
3 52 -1
3 53 -1
3 54 -1
3 55 -1
3 56 -1
3 57 -1
3 58 -1
3 59 -1
3 60 -1
3 61 -1
3 62 -1
3 63 -1
3 64 -1
3 65 -1
3 66 -1
3 67 -1
3 68 -1
3 69 -1
3 70 -1

4 0 10.8966
4 1 7.6861
4 2 -1
4 3 -1
4 4 -1
4 5 -1
4 6 -1
4 7 -1
4 8 -1
4 9 -1
4 10 -1
4 11 -1
4 12 -1
4 13 -1
4 14 -1
4 15 -1
4 16 -1
4 17 -1
4 18 -1
4 19 -1
4 20 -1
4 21 -1
4 22 -1
4 23 -1
4 24 -1
4 25 -1
4 26 -1
4 27 -1
4 28 -1
4 29 -1
4 30 -1
4 31 -1
4 32 -1
4 33 -1
4 34 -1
4 35 -1
4 36 -1
4 37 -1
4 38 -1
4 39 -1
4 40 -1
4 41 -1
4 42 -1
4 43 -1
4 44 -1
4 45 -1
4 46 -1
4 47 -1
4 48 -1
4 49 -1
4 50 -1
4 51 -1
4 52 -1
4 53 -1
4 54 -1
4 55 -1
4 56 -1
4 57 -1
4 58 -1
4 59 -1
4 60 -1
4 61 -1
4 62 -1
4 63 -1
4 64 -1
4 65 -1
4 66 -1
4 67 -1
4 68 -1
4 69 -1
4 70 -1

5 0 13.1652
5 1 10.4789
5 2 5.84747
5 3 -1
5 4 -1
5 5 -1
5 6 -1
5 7 -1
5 8 -1
5 9 -1
5 10 -1
5 11 -1
5 12 -1
5 13 -1
5 14 -1
5 15 -1
5 16 -1
5 17 -1
5 18 -1
5 19 -1
5 20 -1
5 21 -1
5 22 -1
5 23 -1
5 24 -1
5 25 -1
5 26 -1
5 27 -1
5 28 -1
5 29 -1
5 30 -1
5 31 -1
5 32 -1
5 33 -1
5 34 -1
5 35 -1
5 36 -1
5 37 -1
5 38 -1
5 39 -1
5 40 -1
5 41 -1
5 42 -1
5 43 -1
5 44 -1
5 45 -1
5 46 -1
5 47 -1
5 48 -1
5 49 -1
5 50 -1
5 51 -1
5 52 -1
5 53 -1
5 54 -1
5 55 -1
5 56 -1
5 57 -1
5 58 -1
5 59 -1
5 60 -1
5 61 -1
5 62 -1
5 63 -1
5 64 -1
5 65 -1
5 66 -1
5 67 -1
5 68 -1
5 69 -1
5 70 -1

6 0 15.4525
6 1 13.1464
6 2 9.38824
6 3 3.18628
6 4 -1
6 5 -1
6 6 -1
6 7 -1
6 8 -1
6 9 -1
6 10 -1
6 11 -1
6 12 -1
6 13 -1
6 14 -1
6 15 -1
6 16 -1
6 17 -1
6 18 -1
6 19 -1
6 20 -1
6 21 -1
6 22 -1
6 23 -1
6 24 -1
6 25 -1
6 26 -1
6 27 -1
6 28 -1
6 29 -1
6 30 -1
6 31 -1
6 32 -1
6 33 -1
6 34 -1
6 35 -1
6 36 -1
6 37 -1
6 38 -1
6 39 -1
6 40 -1
6 41 -1
6 42 -1
6 43 -1
6 44 -1
6 45 -1
6 46 -1
6 47 -1
6 48 -1
6 49 -1
6 50 -1
6 51 -1
6 52 -1
6 53 -1
6 54 -1
6 55 -1
6 56 -1
6 57 -1
6 58 -1
6 59 -1
6 60 -1
6 61 -1
6 62 -1
6 63 -1
6 64 -1
6 65 -1
6 66 -1
6 67 -1
6 68 -1
6 69 -1
6 70 -1

7 0 17.7118
7 1 15.752
7 2 12.497
7 3 7.71326
7 4 -1
7 5 -1
7 6 -1
7 7 -1
7 8 -1
7 9 -1
7 10 -1
7 11 -1
7 12 -1
7 13 -1
7 14 -1
7 15 -1
7 16 -1
7 17 -1
7 18 -1
7 19 -1
7 20 -1
7 21 -1
7 22 -1
7 23 -1
7 24 -1
7 25 -1
7 26 -1
7 27 -1
7 28 -1
7 29 -1
7 30 -1
7 31 -1
7 32 -1
7 33 -1
7 34 -1
7 35 -1
7 36 -1
7 37 -1
7 38 -1
7 39 -1
7 40 -1
7 41 -1
7 42 -1
7 43 -1
7 44 -1
7 45 -1
7 46 -1
7 47 -1
7 48 -1
7 49 -1
7 50 -1
7 51 -1
7 52 -1
7 53 -1
7 54 -1
7 55 -1
7 56 -1
7 57 -1
7 58 -1
7 59 -1
7 60 -1
7 61 -1
7 62 -1
7 63 -1
7 64 -1
7 65 -1
7 66 -1
7 67 -1
7 68 -1
7 69 -1
7 70 -1

8 0 19.9335
8 1 18.2747
8 2 15.4444
8 3 11.425
8 4 5.41766
8 5 -1
8 6 -1
8 7 -1
8 8 -1
8 9 -1
8 10 -1
8 11 -1
8 12 -1
8 13 -1
8 14 -1
8 15 -1
8 16 -1
8 17 -1
8 18 -1
8 19 -1
8 20 -1
8 21 -1
8 22 -1
8 23 -1
8 24 -1
8 25 -1
8 26 -1
8 27 -1
8 28 -1
8 29 -1
8 30 -1
8 31 -1
8 32 -1
8 33 -1
8 34 -1
8 35 -1
8 36 -1
8 37 -1
8 38 -1
8 39 -1
8 40 -1
8 41 -1
8 42 -1
8 43 -1
8 44 -1
8 45 -1
8 46 -1
8 47 -1
8 48 -1
8 49 -1
8 50 -1
8 51 -1
8 52 -1
8 53 -1
8 54 -1
8 55 -1
8 56 -1
8 57 -1
8 58 -1
8 59 -1
8 60 -1
8 61 -1
8 62 -1
8 63 -1
8 64 -1
8 65 -1
8 66 -1
8 67 -1
8 68 -1
8 69 -1
8 70 -1

9 0 22.1375
9 1 20.7341
9 2 18.2347
9 3 14.7564
9 4 9.93524
9 5 -1
9 6 -1
9 7 -1
9 8 -1
9 9 -1
9 10 -1
9 11 -1
9 12 -1
9 13 -1
9 14 -1
9 15 -1
9 16 -1
9 17 -1
9 18 -1
9 19 -1
9 20 -1
9 21 -1
9 22 -1
9 23 -1
9 24 -1
9 25 -1
9 26 -1
9 27 -1
9 28 -1
9 29 -1
9 30 -1
9 31 -1
9 32 -1
9 33 -1
9 34 -1
9 35 -1
9 36 -1
9 37 -1
9 38 -1
9 39 -1
9 40 -1
9 41 -1
9 42 -1
9 43 -1
9 44 -1
9 45 -1
9 46 -1
9 47 -1
9 48 -1
9 49 -1
9 50 -1
9 51 -1
9 52 -1
9 53 -1
9 54 -1
9 55 -1
9 56 -1
9 57 -1
9 58 -1
9 59 -1
9 60 -1
9 61 -1
9 62 -1
9 63 -1
9 64 -1
9 65 -1
9 66 -1
9 67 -1
9 68 -1
9 69 -1
9 70 -1

10 0 24.3066
10 1 23.1196
10 2 20.9254
10 3 17.8226
10 4 13.709
10 5 7.96094
10 6 -1
10 7 -1
10 8 -1
10 9 -1
10 10 -1
10 11 -1
10 12 -1
10 13 -1
10 14 -1
10 15 -1
10 16 -1
10 17 -1
10 18 -1
10 19 -1
10 20 -1
10 21 -1
10 22 -1
10 23 -1
10 24 -1
10 25 -1
10 26 -1
10 27 -1
10 28 -1
10 29 -1
10 30 -1
10 31 -1
10 32 -1
10 33 -1
10 34 -1
10 35 -1
10 36 -1
10 37 -1
10 38 -1
10 39 -1
10 40 -1
10 41 -1
10 42 -1
10 43 -1
10 44 -1
10 45 -1
10 46 -1
10 47 -1
10 48 -1
10 49 -1
10 50 -1
10 51 -1
10 52 -1
10 53 -1
10 54 -1
10 55 -1
10 56 -1
10 57 -1
10 58 -1
10 59 -1
10 60 -1
10 61 -1
10 62 -1
10 63 -1
10 64 -1
10 65 -1
10 66 -1
10 67 -1
10 68 -1
10 69 -1
10 70 -1

11 0 26.4096
11 1 25.4424
11 2 23.4973
11 3 20.7365
11 4 17.0908
11 5 12.3937
11 6 5.43213
11 7 -1
11 8 -1
11 9 -1
11 10 -1
11 11 -1
11 12 -1
11 13 -1
11 14 -1
11 15 -1
11 16 -1
11 17 -1
11 18 -1
11 19 -1
11 20 -1
11 21 -1
11 22 -1
11 23 -1
11 24 -1
11 25 -1
11 26 -1
11 27 -1
11 28 -1
11 29 -1
11 30 -1
11 31 -1
11 32 -1
11 33 -1
11 34 -1
11 35 -1
11 36 -1
11 37 -1
11 38 -1
11 39 -1
11 40 -1
11 41 -1
11 42 -1
11 43 -1
11 44 -1
11 45 -1
11 46 -1
11 47 -1
11 48 -1
11 49 -1
11 50 -1
11 51 -1
11 52 -1
11 53 -1
11 54 -1
11 55 -1
11 56 -1
11 57 -1
11 58 -1
11 59 -1
11 60 -1
11 61 -1
11 62 -1
11 63 -1
11 64 -1
11 65 -1
11 66 -1
11 67 -1
11 68 -1
11 69 -1
11 70 -1

12 0 28.4629
12 1 27.6874
12 2 25.9745
12 3 23.5073
12 4 20.2512
12 5 16.14
12 6 10.7073
12 7 1.73773
12 8 -1
12 9 -1
12 10 -1
12 11 -1
12 12 -1
12 13 -1
12 14 -1
12 15 -1
12 16 -1
12 17 -1
12 18 -1
12 19 -1
12 20 -1
12 21 -1
12 22 -1
12 23 -1
12 24 -1
12 25 -1
12 26 -1
12 27 -1
12 28 -1
12 29 -1
12 30 -1
12 31 -1
12 32 -1
12 33 -1
12 34 -1
12 35 -1
12 36 -1
12 37 -1
12 38 -1
12 39 -1
12 40 -1
12 41 -1
12 42 -1
12 43 -1
12 44 -1
12 45 -1
12 46 -1
12 47 -1
12 48 -1
12 49 -1
12 50 -1
12 51 -1
12 52 -1
12 53 -1
12 54 -1
12 55 -1
12 56 -1
12 57 -1
12 58 -1
12 59 -1
12 60 -1
12 61 -1
12 62 -1
12 63 -1
12 64 -1
12 65 -1
12 66 -1
12 67 -1
12 68 -1
12 69 -1
12 70 -1

13 0 30.471
13 1 29.8679
13 2 28.3782
13 3 26.1633
13 4 23.2329
13 5 19.5745
13 6 14.9344
13 7 8.69427
13 8 -1
13 9 -1
13 10 -1
13 11 -1
13 12 -1
13 13 -1
13 14 -1
13 15 -1
13 16 -1
13 17 -1
13 18 -1
13 19 -1
13 20 -1
13 21 -1
13 22 -1
13 23 -1
13 24 -1
13 25 -1
13 26 -1
13 27 -1
13 28 -1
13 29 -1
13 30 -1
13 31 -1
13 32 -1
13 33 -1
13 34 -1
13 35 -1
13 36 -1
13 37 -1
13 38 -1
13 39 -1
13 40 -1
13 41 -1
13 42 -1
13 43 -1
13 44 -1
13 45 -1
13 46 -1
13 47 -1
13 48 -1
13 49 -1
13 50 -1
13 51 -1
13 52 -1
13 53 -1
13 54 -1
13 55 -1
13 56 -1
13 57 -1
13 58 -1
13 59 -1
13 60 -1
13 61 -1
13 62 -1
13 63 -1
13 64 -1
13 65 -1
13 66 -1
13 67 -1
13 68 -1
13 69 -1
13 70 -1

14 0 32.4065
14 1 31.998
14 2 30.6818
14 3 28.7211
14 4 26.0655
14 5 22.7618
14 6 18.6995
14 7 13.4943
14 8 6.29773
14 9 -1
14 10 -1
14 11 -1
14 12 -1
14 13 -1
14 14 -1
14 15 -1
14 16 -1
14 17 -1
14 18 -1
14 19 -1
14 20 -1
14 21 -1
14 22 -1
14 23 -1
14 24 -1
14 25 -1
14 26 -1
14 27 -1
14 28 -1
14 29 -1
14 30 -1
14 31 -1
14 32 -1
14 33 -1
14 34 -1
14 35 -1
14 36 -1
14 37 -1
14 38 -1
14 39 -1
14 40 -1
14 41 -1
14 42 -1
14 43 -1
14 44 -1
14 45 -1
14 46 -1
14 47 -1
14 48 -1
14 49 -1
14 50 -1
14 51 -1
14 52 -1
14 53 -1
14 54 -1
14 55 -1
14 56 -1
14 57 -1
14 58 -1
14 59 -1
14 60 -1
14 61 -1
14 62 -1
14 63 -1
14 64 -1
14 65 -1
14 66 -1
14 67 -1
14 68 -1
14 69 -1
14 70 -1

15 0 34.2579
15 1 34.0458
15 2 32.9254
15 3 31.1719
15 4 28.8028
15 5 25.7825
15 6 22.1385
15 7 17.6011
15 8 11.8114
15 9 3.28076
15 10 -1
15 11 -1
15 12 -1
15 13 -1
15 14 -1
15 15 -1
15 16 -1
15 17 -1
15 18 -1
15 19 -1
15 20 -1
15 21 -1
15 22 -1
15 23 -1
15 24 -1
15 25 -1
15 26 -1
15 27 -1
15 28 -1
15 29 -1
15 30 -1
15 31 -1
15 32 -1
15 33 -1
15 34 -1
15 35 -1
15 36 -1
15 37 -1
15 38 -1
15 39 -1
15 40 -1
15 41 -1
15 42 -1
15 43 -1
15 44 -1
15 45 -1
15 46 -1
15 47 -1
15 48 -1
15 49 -1
15 50 -1
15 51 -1
15 52 -1
15 53 -1
15 54 -1
15 55 -1
15 56 -1
15 57 -1
15 58 -1
15 59 -1
15 60 -1
15 61 -1
15 62 -1
15 63 -1
15 64 -1
15 65 -1
15 66 -1
15 67 -1
15 68 -1
15 69 -1
15 70 -1

16 0 36.043
16 1 35.9985
16 2 35.0768
16 3 33.5151
16 4 31.3909
16 5 28.686
16 6 25.3436
16 7 21.3396
16 8 16.3437
16 9 9.86694
16 10 -1
16 11 -1
16 12 -1
16 13 -1
16 14 -1
16 15 -1
16 16 -1
16 17 -1
16 18 -1
16 19 -1
16 20 -1
16 21 -1
16 22 -1
16 23 -1
16 24 -1
16 25 -1
16 26 -1
16 27 -1
16 28 -1
16 29 -1
16 30 -1
16 31 -1
16 32 -1
16 33 -1
16 34 -1
16 35 -1
16 36 -1
16 37 -1
16 38 -1
16 39 -1
16 40 -1
16 41 -1
16 42 -1
16 43 -1
16 44 -1
16 45 -1
16 46 -1
16 47 -1
16 48 -1
16 49 -1
16 50 -1
16 51 -1
16 52 -1
16 53 -1
16 54 -1
16 55 -1
16 56 -1
16 57 -1
16 58 -1
16 59 -1
16 60 -1
16 61 -1
16 62 -1
16 63 -1
16 64 -1
16 65 -1
16 66 -1
16 67 -1
16 68 -1
16 69 -1
16 70 -1

17 0 37.7441
17 1 37.8851
17 2 37.1372
17 3 35.7744
17 4 33.86
17 5 31.4277
17 6 28.4005
17 7 24.7614
17 8 20.3632
17 9 14.8359
17 10 7.47412
17 11 -1
17 12 -1
17 13 -1
17 14 -1
17 15 -1
17 16 -1
17 17 -1
17 18 -1
17 19 -1
17 20 -1
17 21 -1
17 22 -1
17 23 -1
17 24 -1
17 25 -1
17 26 -1
17 27 -1
17 28 -1
17 29 -1
17 30 -1
17 31 -1
17 32 -1
17 33 -1
17 34 -1
17 35 -1
17 36 -1
17 37 -1
17 38 -1
17 39 -1
17 40 -1
17 41 -1
17 42 -1
17 43 -1
17 44 -1
17 45 -1
17 46 -1
17 47 -1
17 48 -1
17 49 -1
17 50 -1
17 51 -1
17 52 -1
17 53 -1
17 54 -1
17 55 -1
17 56 -1
17 57 -1
17 58 -1
17 59 -1
17 60 -1
17 61 -1
17 62 -1
17 63 -1
17 64 -1
17 65 -1
17 66 -1
17 67 -1
17 68 -1
17 69 -1
17 70 -1

18 0 39.3586
18 1 39.6834
18 2 39.115
18 3 37.9338
18 4 36.2465
18 5 34.037
18 6 31.2818
18 7 28.0095
18 8 24.0391
18 9 19.1992
18 10 13.1073
18 11 4.43256
18 12 -1
18 13 -1
18 14 -1
18 15 -1
18 16 -1
18 17 -1
18 18 -1
18 19 -1
18 20 -1
18 21 -1
18 22 -1
18 23 -1
18 24 -1
18 25 -1
18 26 -1
18 27 -1
18 28 -1
18 29 -1
18 30 -1
18 31 -1
18 32 -1
18 33 -1
18 34 -1
18 35 -1
18 36 -1
18 37 -1
18 38 -1
18 39 -1
18 40 -1
18 41 -1
18 42 -1
18 43 -1
18 44 -1
18 45 -1
18 46 -1
18 47 -1
18 48 -1
18 49 -1
18 50 -1
18 51 -1
18 52 -1
18 53 -1
18 54 -1
18 55 -1
18 56 -1
18 57 -1
18 58 -1
18 59 -1
18 60 -1
18 61 -1
18 62 -1
18 63 -1
18 64 -1
18 65 -1
18 66 -1
18 67 -1
18 68 -1
18 69 -1
18 70 -1

19 0 40.8655
19 1 41.3945
19 2 40.9965
19 3 40.0212
19 4 38.5006
19 5 36.5176
19 6 34.0688
19 7 31.0323
19 8 27.4778
19 9 23.153
19 10 17.8043
19 11 11.0513
19 12 -1
19 13 -1
19 14 -1
19 15 -1
19 16 -1
19 17 -1
19 18 -1
19 19 -1
19 20 -1
19 21 -1
19 22 -1
19 23 -1
19 24 -1
19 25 -1
19 26 -1
19 27 -1
19 28 -1
19 29 -1
19 30 -1
19 31 -1
19 32 -1
19 33 -1
19 34 -1
19 35 -1
19 36 -1
19 37 -1
19 38 -1
19 39 -1
19 40 -1
19 41 -1
19 42 -1
19 43 -1
19 44 -1
19 45 -1
19 46 -1
19 47 -1
19 48 -1
19 49 -1
19 50 -1
19 51 -1
19 52 -1
19 53 -1
19 54 -1
19 55 -1
19 56 -1
19 57 -1
19 58 -1
19 59 -1
19 60 -1
19 61 -1
19 62 -1
19 63 -1
19 64 -1
19 65 -1
19 66 -1
19 67 -1
19 68 -1
19 69 -1
19 70 -1

20 0 42.2736
20 1 42.9712
20 2 42.7833
20 3 41.9919
20 4 40.6699
20 5 38.8632
20 6 36.6564
20 7 33.9249
20 8 30.6391
20 9 26.7816
20 10 22.0513
20 11 16.2194
20 12 8.53192
20 13 -1
20 14 -1
20 15 -1
20 16 -1
20 17 -1
20 18 -1
20 19 -1
20 20 -1
20 21 -1
20 22 -1
20 23 -1
20 24 -1
20 25 -1
20 26 -1
20 27 -1
20 28 -1
20 29 -1
20 30 -1
20 31 -1
20 32 -1
20 33 -1
20 34 -1
20 35 -1
20 36 -1
20 37 -1
20 38 -1
20 39 -1
20 40 -1
20 41 -1
20 42 -1
20 43 -1
20 44 -1
20 45 -1
20 46 -1
20 47 -1
20 48 -1
20 49 -1
20 50 -1
20 51 -1
20 52 -1
20 53 -1
20 54 -1
20 55 -1
20 56 -1
20 57 -1
20 58 -1
20 59 -1
20 60 -1
20 61 -1
20 62 -1
20 63 -1
20 64 -1
20 65 -1
20 66 -1
20 67 -1
20 68 -1
20 69 -1
20 70 -1

21 0 43.5551
21 1 44.4289
21 2 44.4415
21 3 43.8492
21 4 42.7182
21 5 41.1237
21 6 39.0842
21 7 36.647
21 8 33.6669
21 9 30.1202
21 10 25.9761
21 11 20.8336
21 12 14.4356
21 13 5.27124
21 14 -1
21 15 -1
21 16 -1
21 17 -1
21 18 -1
21 19 -1
21 20 -1
21 21 -1
21 22 -1
21 23 -1
21 24 -1
21 25 -1
21 26 -1
21 27 -1
21 28 -1
21 29 -1
21 30 -1
21 31 -1
21 32 -1
21 33 -1
21 34 -1
21 35 -1
21 36 -1
21 37 -1
21 38 -1
21 39 -1
21 40 -1
21 41 -1
21 42 -1
21 43 -1
21 44 -1
21 45 -1
21 46 -1
21 47 -1
21 48 -1
21 49 -1
21 50 -1
21 51 -1
21 52 -1
21 53 -1
21 54 -1
21 55 -1
21 56 -1
21 57 -1
21 58 -1
21 59 -1
21 60 -1
21 61 -1
21 62 -1
21 63 -1
21 64 -1
21 65 -1
21 66 -1
21 67 -1
21 68 -1
21 69 -1
21 70 -1

22 0 44.6749
22 1 45.7867
22 2 45.9778
22 3 45.5851
22 4 44.6638
22 5 43.2846
22 6 41.4591
22 7 39.1942
22 8 36.5089
22 9 33.2787
22 10 29.4738
22 11 24.9767
22 12 19.4343
22 13 12.3198
22 14 -1
22 15 -1
22 16 -1
22 17 -1
22 18 -1
22 19 -1
22 20 -1
22 21 -1
22 22 -1
22 23 -1
22 24 -1
22 25 -1
22 26 -1
22 27 -1
22 28 -1
22 29 -1
22 30 -1
22 31 -1
22 32 -1
22 33 -1
22 34 -1
22 35 -1
22 36 -1
22 37 -1
22 38 -1
22 39 -1
22 40 -1
22 41 -1
22 42 -1
22 43 -1
22 44 -1
22 45 -1
22 46 -1
22 47 -1
22 48 -1
22 49 -1
22 50 -1
22 51 -1
22 52 -1
22 53 -1
22 54 -1
22 55 -1
22 56 -1
22 57 -1
22 58 -1
22 59 -1
22 60 -1
22 61 -1
22 62 -1
22 63 -1
22 64 -1
22 65 -1
22 66 -1
22 67 -1
22 68 -1
22 69 -1
22 70 -1

23 0 45.6003
23 1 46.9937
23 2 47.4068
23 3 47.2061
23 4 46.4957
23 5 45.3046
23 6 43.7086
23 7 41.6674
23 8 39.1943
23 9 36.2617
23 10 32.7676
23 11 28.7053
23 12 23.8882
23 13 17.7689
23 14 9.80194
23 15 -1
23 16 -1
23 17 -1
23 18 -1
23 19 -1
23 20 -1
23 21 -1
23 22 -1
23 23 -1
23 24 -1
23 25 -1
23 26 -1
23 27 -1
23 28 -1
23 29 -1
23 30 -1
23 31 -1
23 32 -1
23 33 -1
23 34 -1
23 35 -1
23 36 -1
23 37 -1
23 38 -1
23 39 -1
23 40 -1
23 41 -1
23 42 -1
23 43 -1
23 44 -1
23 45 -1
23 46 -1
23 47 -1
23 48 -1
23 49 -1
23 50 -1
23 51 -1
23 52 -1
23 53 -1
23 54 -1
23 55 -1
23 56 -1
23 57 -1
23 58 -1
23 59 -1
23 60 -1
23 61 -1
23 62 -1
23 63 -1
23 64 -1
23 65 -1
23 66 -1
23 67 -1
23 68 -1
23 69 -1
23 70 -1

24 0 46.3372
24 1 47.9796
24 2 48.6786
24 3 48.6964
24 4 48.1763
24 5 47.2133
24 6 45.8044
24 7 43.9895
24 8 41.7748
24 9 39.0872
24 10 35.8922
24 11 32.1542
24 12 27.7809
24 13 22.6218
24 14 15.8784
24 15 6.69086
24 16 -1
24 17 -1
24 18 -1
24 19 -1
24 20 -1
24 21 -1
24 22 -1
24 23 -1
24 24 -1
24 25 -1
24 26 -1
24 27 -1
24 28 -1
24 29 -1
24 30 -1
24 31 -1
24 32 -1
24 33 -1
24 34 -1
24 35 -1
24 36 -1
24 37 -1
24 38 -1
24 39 -1
24 40 -1
24 41 -1
24 42 -1
24 43 -1
24 44 -1
24 45 -1
24 46 -1
24 47 -1
24 48 -1
24 49 -1
24 50 -1
24 51 -1
24 52 -1
24 53 -1
24 54 -1
24 55 -1
24 56 -1
24 57 -1
24 58 -1
24 59 -1
24 60 -1
24 61 -1
24 62 -1
24 63 -1
24 64 -1
24 65 -1
24 66 -1
24 67 -1
24 68 -1
24 69 -1
24 70 -1

25 0 46.8051
25 1 48.7767
25 2 49.747
25 3 50.0182
25 4 49.7334
25 5 48.9753
25 6 47.7815
25 7 46.2007
25 8 44.1663
25 9 41.7539
25 10 38.8409
25 11 35.424
25 12 31.4594
25 13 26.7555
25 14 21.1791
25 15 13.762
25 16 1.89801
25 17 -1
25 18 -1
25 19 -1
25 20 -1
25 21 -1
25 22 -1
25 23 -1
25 24 -1
25 25 -1
25 26 -1
25 27 -1
25 28 -1
25 29 -1
25 30 -1
25 31 -1
25 32 -1
25 33 -1
25 34 -1
25 35 -1
25 36 -1
25 37 -1
25 38 -1
25 39 -1
25 40 -1
25 41 -1
25 42 -1
25 43 -1
25 44 -1
25 45 -1
25 46 -1
25 47 -1
25 48 -1
25 49 -1
25 50 -1
25 51 -1
25 52 -1
25 53 -1
25 54 -1
25 55 -1
25 56 -1
25 57 -1
25 58 -1
25 59 -1
25 60 -1
25 61 -1
25 62 -1
25 63 -1
25 64 -1
25 65 -1
25 66 -1
25 67 -1
25 68 -1
25 69 -1
25 70 -1

26 0 46.8751
26 1 49.294
26 2 50.589
26 3 51.1533
26 4 51.1285
26 5 50.6041
26 6 49.6323
26 7 48.256
26 8 46.4684
26 9 44.2479
26 10 41.6351
26 11 38.4996
26 12 34.8636
26 13 30.6182
26 14 25.5771
26 15 19.5175
26 16 11.3484
26 17 -1
26 18 -1
26 19 -1
26 20 -1
26 21 -1
26 22 -1
26 23 -1
26 24 -1
26 25 -1
26 26 -1
26 27 -1
26 28 -1
26 29 -1
26 30 -1
26 31 -1
26 32 -1
26 33 -1
26 34 -1
26 35 -1
26 36 -1
26 37 -1
26 38 -1
26 39 -1
26 40 -1
26 41 -1
26 42 -1
26 43 -1
26 44 -1
26 45 -1
26 46 -1
26 47 -1
26 48 -1
26 49 -1
26 50 -1
26 51 -1
26 52 -1
26 53 -1
26 54 -1
26 55 -1
26 56 -1
26 57 -1
26 58 -1
26 59 -1
26 60 -1
26 61 -1
26 62 -1
26 63 -1
26 64 -1
26 65 -1
26 66 -1
26 67 -1
26 68 -1
26 69 -1
26 70 -1

27 0 46.2631
27 1 49.4446
27 2 51.1847
27 3 52.0646
27 4 52.3347
27 5 52.0606
27 6 51.335
27 7 50.1682
27 8 48.6042
27 9 46.6289
27 10 44.2455
27 11 41.4371
27 12 38.1014
27 13 34.2266
27 14 29.6621
27 15 24.2885
27 16 17.6758
27 17 8.39801
27 18 -1
27 19 -1
27 20 -1
27 21 -1
27 22 -1
27 23 -1
27 24 -1
27 25 -1
27 26 -1
27 27 -1
27 28 -1
27 29 -1
27 30 -1
27 31 -1
27 32 -1
27 33 -1
27 34 -1
27 35 -1
27 36 -1
27 37 -1
27 38 -1
27 39 -1
27 40 -1
27 41 -1
27 42 -1
27 43 -1
27 44 -1
27 45 -1
27 46 -1
27 47 -1
27 48 -1
27 49 -1
27 50 -1
27 51 -1
27 52 -1
27 53 -1
27 54 -1
27 55 -1
27 56 -1
27 57 -1
27 58 -1
27 59 -1
27 60 -1
27 61 -1
27 62 -1
27 63 -1
27 64 -1
27 65 -1
27 66 -1
27 67 -1
27 68 -1
27 69 -1
27 70 -1

28 0 -1
28 1 48.912
28 2 51.381
28 3 52.7188
28 4 53.3106
28 5 53.3276
28 6 52.8628
28 7 51.9495
28 8 50.6079
28 9 48.8523
28 10 46.6962
28 11 44.14
28 12 41.1415
28 13 37.6116
28 14 33.4374
28 15 28.5925
28 16 22.8623
28 17 15.5972
28 18 4.61542
28 19 -1
28 20 -1
28 21 -1
28 22 -1
28 23 -1
28 24 -1
28 25 -1
28 26 -1
28 27 -1
28 28 -1
28 29 -1
28 30 -1
28 31 -1
28 32 -1
28 33 -1
28 34 -1
28 35 -1
28 36 -1
28 37 -1
28 38 -1
28 39 -1
28 40 -1
28 41 -1
28 42 -1
28 43 -1
28 44 -1
28 45 -1
28 46 -1
28 47 -1
28 48 -1
28 49 -1
28 50 -1
28 51 -1
28 52 -1
28 53 -1
28 54 -1
28 55 -1
28 56 -1
28 57 -1
28 58 -1
28 59 -1
28 60 -1
28 61 -1
28 62 -1
28 63 -1
28 64 -1
28 65 -1
28 66 -1
28 67 -1
28 68 -1
28 69 -1
28 70 -1

29 0 -1
29 1 -1
29 2 50.898
29 3 52.9933
29 4 54.0224
29 5 54.3813
29 6 54.1927
29 7 53.5598
29 8 52.4509
29 9 50.9427
29 10 49.0249
29 11 46.6927
29 12 43.9305
29 13 40.7393
29 14 36.9924
29 15 32.6014
29 16 27.39
29 17 21.2527
29 18 13.2402
29 19 -1
29 20 -1
29 21 -1
29 22 -1
29 23 -1
29 24 -1
29 25 -1
29 26 -1
29 27 -1
29 28 -1
29 29 -1
29 30 -1
29 31 -1
29 32 -1
29 33 -1
29 34 -1
29 35 -1
29 36 -1
29 37 -1
29 38 -1
29 39 -1
29 40 -1
29 41 -1
29 42 -1
29 43 -1
29 44 -1
29 45 -1
29 46 -1
29 47 -1
29 48 -1
29 49 -1
29 50 -1
29 51 -1
29 52 -1
29 53 -1
29 54 -1
29 55 -1
29 56 -1
29 57 -1
29 58 -1
29 59 -1
29 60 -1
29 61 -1
29 62 -1
29 63 -1
29 64 -1
29 65 -1
29 66 -1
29 67 -1
29 68 -1
29 69 -1
29 70 -1

30 0 -1
30 1 -1
30 2 -1
30 3 52.5433
30 4 54.3476
30 5 55.1573
30 6 55.3158
30 7 54.9592
30 8 54.1291
30 9 52.8611
30 10 51.1984
30 11 49.1157
30 12 46.6241
30 13 43.676
30 14 40.2781
30 15 36.2764
30 16 31.6082
30 17 26.0986
30 18 19.441
30 19 10.5497
30 20 -1
30 21 -1
30 22 -1
30 23 -1
30 24 -1
30 25 -1
30 26 -1
30 27 -1
30 28 -1
30 29 -1
30 30 -1
30 31 -1
30 32 -1
30 33 -1
30 34 -1
30 35 -1
30 36 -1
30 37 -1
30 38 -1
30 39 -1
30 40 -1
30 41 -1
30 42 -1
30 43 -1
30 44 -1
30 45 -1
30 46 -1
30 47 -1
30 48 -1
30 49 -1
30 50 -1
30 51 -1
30 52 -1
30 53 -1
30 54 -1
30 55 -1
30 56 -1
30 57 -1
30 58 -1
30 59 -1
30 60 -1
30 61 -1
30 62 -1
30 63 -1
30 64 -1
30 65 -1
30 66 -1
30 67 -1
30 68 -1
30 69 -1
30 70 -1

31 0 -1
31 1 -1
31 2 -1
31 3 -1
31 4 53.9731
31 5 55.5322
31 6 56.1465
31 7 56.1312
31 8 55.6112
31 9 54.6031
31 10 53.2018
31 11 51.3662
31 12 49.1198
31 13 46.4534
31 14 43.3464
31 15 39.6883
31 16 35.501
31 17 30.5289
31 18 24.6719
31 19 17.5101
31 20 7.29297
31 21 -1
31 22 -1
31 23 -1
31 24 -1
31 25 -1
31 26 -1
31 27 -1
31 28 -1
31 29 -1
31 30 -1
31 31 -1
31 32 -1
31 33 -1
31 34 -1
31 35 -1
31 36 -1
31 37 -1
31 38 -1
31 39 -1
31 40 -1
31 41 -1
31 42 -1
31 43 -1
31 44 -1
31 45 -1
31 46 -1
31 47 -1
31 48 -1
31 49 -1
31 50 -1
31 51 -1
31 52 -1
31 53 -1
31 54 -1
31 55 -1
31 56 -1
31 57 -1
31 58 -1
31 59 -1
31 60 -1
31 61 -1
31 62 -1
31 63 -1
31 64 -1
31 65 -1
31 66 -1
31 67 -1
31 68 -1
31 69 -1
31 70 -1

32 0 -1
32 1 -1
32 2 -1
32 3 -1
32 4 -1
32 5 55.2151
32 6 56.5734
32 7 57.0244
32 8 56.8472
32 9 56.1511
32 10 54.9977
32 11 53.449
32 12 51.4299
32 13 49.0355
32 14 46.2083
32 15 42.8883
32 16 39.0641
32 17 34.6055
32 18 29.3361
32 19 23.0517
32 20 15.3279
32 21 3.20898
32 22 -1
32 23 -1
32 24 -1
32 25 -1
32 26 -1
32 27 -1
32 28 -1
32 29 -1
32 30 -1
32 31 -1
32 32 -1
32 33 -1
32 34 -1
32 35 -1
32 36 -1
32 37 -1
32 38 -1
32 39 -1
32 40 -1
32 41 -1
32 42 -1
32 43 -1
32 44 -1
32 45 -1
32 46 -1
32 47 -1
32 48 -1
32 49 -1
32 50 -1
32 51 -1
32 52 -1
32 53 -1
32 54 -1
32 55 -1
32 56 -1
32 57 -1
32 58 -1
32 59 -1
32 60 -1
32 61 -1
32 62 -1
32 63 -1
32 64 -1
32 65 -1
32 66 -1
32 67 -1
32 68 -1
32 69 -1
32 70 -1

33 0 -1
33 1 -1
33 2 -1
33 3 -1
33 4 -1
33 5 -1
33 6 56.3228
33 7 57.5035
33 8 57.8062
33 9 57.4579
33 10 56.6198
33 11 55.3362
33 12 53.6129
33 13 51.4299
33 14 48.8785
33 15 45.8761
33 16 42.3538
33 17 38.3315
33 18 33.6171
33 19 28.0392
33 20 21.3256
33 21 12.825
33 22 -1
33 23 -1
33 24 -1
33 25 -1
33 26 -1
33 27 -1
33 28 -1
33 29 -1
33 30 -1
33 31 -1
33 32 -1
33 33 -1
33 34 -1
33 35 -1
33 36 -1
33 37 -1
33 38 -1
33 39 -1
33 40 -1
33 41 -1
33 42 -1
33 43 -1
33 44 -1
33 45 -1
33 46 -1
33 47 -1
33 48 -1
33 49 -1
33 50 -1
33 51 -1
33 52 -1
33 53 -1
33 54 -1
33 55 -1
33 56 -1
33 57 -1
33 58 -1
33 59 -1
33 60 -1
33 61 -1
33 62 -1
33 63 -1
33 64 -1
33 65 -1
33 66 -1
33 67 -1
33 68 -1
33 69 -1
33 70 -1

34 0 -1
34 1 -1
34 2 -1
34 3 -1
34 4 -1
34 5 -1
34 6 -1
34 7 57.307
34 8 58.3416
34 9 58.4908
34 10 57.9966
34 11 57.0178
34 12 55.5696
34 13 53.7068
34 14 51.3745
34 15 48.6472
34 16 45.4662
34 17 41.7672
34 18 37.4884
34 19 32.5314
34 20 26.5853
34 21 19.4346
34 22 10.046
34 23 -1
34 24 -1
34 25 -1
34 26 -1
34 27 -1
34 28 -1
34 29 -1
34 30 -1
34 31 -1
34 32 -1
34 33 -1
34 34 -1
34 35 -1
34 36 -1
34 37 -1
34 38 -1
34 39 -1
34 40 -1
34 41 -1
34 42 -1
34 43 -1
34 44 -1
34 45 -1
34 46 -1
34 47 -1
34 48 -1
34 49 -1
34 50 -1
34 51 -1
34 52 -1
34 53 -1
34 54 -1
34 55 -1
34 56 -1
34 57 -1
34 58 -1
34 59 -1
34 60 -1
34 61 -1
34 62 -1
34 63 -1
34 64 -1
34 65 -1
34 66 -1
34 67 -1
34 68 -1
34 69 -1
34 70 -1

35 0 -1
35 1 -1
35 2 -1
35 3 -1
35 4 -1
35 5 -1
35 6 -1
35 7 -1
35 8 58.1992
35 9 59.0881
35 10 59.078
35 11 58.4521
35 12 57.3373
35 13 55.7541
35 14 53.724
35 15 51.256
35 16 48.3704
35 17 45.0076
35 18 41.0756
35 19 36.5869
35 20 31.3768
35 21 25.0392
35 22 17.3085
35 23 6.6626
35 24 -1
35 25 -1
35 26 -1
35 27 -1
35 28 -1
35 29 -1
35 30 -1
35 31 -1
35 32 -1
35 33 -1
35 34 -1
35 35 -1
35 36 -1
35 37 -1
35 38 -1
35 39 -1
35 40 -1
35 41 -1
35 42 -1
35 43 -1
35 44 -1
35 45 -1
35 46 -1
35 47 -1
35 48 -1
35 49 -1
35 50 -1
35 51 -1
35 52 -1
35 53 -1
35 54 -1
35 55 -1
35 56 -1
35 57 -1
35 58 -1
35 59 -1
35 60 -1
35 61 -1
35 62 -1
35 63 -1
35 64 -1
35 65 -1
35 66 -1
35 67 -1
35 68 -1
35 69 -1
35 70 -1

36 0 -1
36 1 -1
36 2 -1
36 3 -1
36 4 -1
36 5 -1
36 6 -1
36 7 -1
36 8 -1
36 9 59.0033
36 10 59.7493
36 11 59.5978
36 12 58.8323
36 13 57.5871
36 14 55.8699
36 15 53.702
36 16 51.0521
36 17 48.0186
36 18 44.4503
36 19 40.3236
36 20 35.6102
36 21 30.0834
36 22 23.3423
36 23 14.9845
36 24 2.48779
36 25 -1
36 26 -1
36 27 -1
36 28 -1
36 29 -1
36 30 -1
36 31 -1
36 32 -1
36 33 -1
36 34 -1
36 35 -1
36 36 -1
36 37 -1
36 38 -1
36 39 -1
36 40 -1
36 41 -1
36 42 -1
36 43 -1
36 44 -1
36 45 -1
36 46 -1
36 47 -1
36 48 -1
36 49 -1
36 50 -1
36 51 -1
36 52 -1
36 53 -1
36 54 -1
36 55 -1
36 56 -1
36 57 -1
36 58 -1
36 59 -1
36 60 -1
36 61 -1
36 62 -1
36 63 -1
36 64 -1
36 65 -1
36 66 -1
36 67 -1
36 68 -1
36 69 -1
36 70 -1

37 0 -1
37 1 -1
37 2 -1
37 3 -1
37 4 -1
37 5 -1
37 6 -1
37 7 -1
37 8 -1
37 9 -1
37 10 59.7167
37 11 60.3405
37 12 60.0532
37 13 59.1448
37 14 57.7684
37 15 55.9111
37 16 53.603
37 17 50.7938
37 18 47.5656
37 19 43.8248
37 20 39.4927
37 21 34.5063
37 22 28.6464
37 23 21.5516
37 24 12.4316
37 25 -1
37 26 -1
37 27 -1
37 28 -1
37 29 -1
37 30 -1
37 31 -1
37 32 -1
37 33 -1
37 34 -1
37 35 -1
37 36 -1
37 37 -1
37 38 -1
37 39 -1
37 40 -1
37 41 -1
37 42 -1
37 43 -1
37 44 -1
37 45 -1
37 46 -1
37 47 -1
37 48 -1
37 49 -1
37 50 -1
37 51 -1
37 52 -1
37 53 -1
37 54 -1
37 55 -1
37 56 -1
37 57 -1
37 58 -1
37 59 -1
37 60 -1
37 61 -1
37 62 -1
37 63 -1
37 64 -1
37 65 -1
37 66 -1
37 67 -1
37 68 -1
37 69 -1
37 70 -1

38 0 -1
38 1 -1
38 2 -1
38 3 -1
38 4 -1
38 5 -1
38 6 -1
38 7 -1
38 8 -1
38 9 -1
38 10 -1
38 11 60.3691
38 12 60.8541
38 13 60.4306
38 14 59.4104
38 15 57.8856
38 16 55.8803
38 17 53.4096
38 18 50.4723
38 19 47.0493
38 20 43.1101
38 21 38.5896
38 22 33.3329
38 23 27.1182
38 24 19.5992
38 25 9.59161
38 26 -1
38 27 -1
38 28 -1
38 29 -1
38 30 -1
38 31 -1
38 32 -1
38 33 -1
38 34 -1
38 35 -1
38 36 -1
38 37 -1
38 38 -1
38 39 -1
38 40 -1
38 41 -1
38 42 -1
38 43 -1
38 44 -1
38 45 -1
38 46 -1
38 47 -1
38 48 -1
38 49 -1
38 50 -1
38 51 -1
38 52 -1
38 53 -1
38 54 -1
38 55 -1
38 56 -1
38 57 -1
38 58 -1
38 59 -1
38 60 -1
38 61 -1
38 62 -1
38 63 -1
38 64 -1
38 65 -1
38 66 -1
38 67 -1
38 68 -1
38 69 -1
38 70 -1

39 0 -1
39 1 -1
39 2 -1
39 3 -1
39 4 -1
39 5 -1
39 6 -1
39 7 -1
39 8 -1
39 9 -1
39 10 -1
39 11 -1
39 12 60.9549
39 13 61.2969
39 14 60.7422
39 15 59.5974
39 16 57.9382
39 17 55.774
39 18 53.172
39 19 50.064
39 20 46.4768
39 21 42.3433
39 22 37.588
39 23 32.033
39 24 25.4565
39 25 17.4827
39 26 6.46356
39 27 -1
39 28 -1
39 29 -1
39 30 -1
39 31 -1
39 32 -1
39 33 -1
39 34 -1
39 35 -1
39 36 -1
39 37 -1
39 38 -1
39 39 -1
39 40 -1
39 41 -1
39 42 -1
39 43 -1
39 44 -1
39 45 -1
39 46 -1
39 47 -1
39 48 -1
39 49 -1
39 50 -1
39 51 -1
39 52 -1
39 53 -1
39 54 -1
39 55 -1
39 56 -1
39 57 -1
39 58 -1
39 59 -1
39 60 -1
39 61 -1
39 62 -1
39 63 -1
39 64 -1
39 65 -1
39 66 -1
39 67 -1
39 68 -1
39 69 -1
39 70 -1

40 0 -1
40 1 -1
40 2 -1
40 3 -1
40 4 -1
40 5 -1
40 6 -1
40 7 -1
40 8 -1
40 9 -1
40 10 -1
40 11 -1
40 12 -1
40 13 61.4822
40 14 61.6845
40 15 61.0013
40 16 59.7178
40 17 57.9209
40 18 55.6235
40 19 52.8439
40 20 49.607
40 21 45.8325
40 22 41.4974
40 23 36.5004
40 24 30.634
40 25 23.7109
40 26 15.1935
40 27 2.51038
40 28 -1
40 29 -1
40 30 -1
40 31 -1
40 32 -1
40 33 -1
40 34 -1
40 35 -1
40 36 -1
40 37 -1
40 38 -1
40 39 -1
40 40 -1
40 41 -1
40 42 -1
40 43 -1
40 44 -1
40 45 -1
40 46 -1
40 47 -1
40 48 -1
40 49 -1
40 50 -1
40 51 -1
40 52 -1
40 53 -1
40 54 -1
40 55 -1
40 56 -1
40 57 -1
40 58 -1
40 59 -1
40 60 -1
40 61 -1
40 62 -1
40 63 -1
40 64 -1
40 65 -1
40 66 -1
40 67 -1
40 68 -1
40 69 -1
40 70 -1

41 0 -1
41 1 -1
41 2 -1
41 3 -1
41 4 -1
41 5 -1
41 6 -1
41 7 -1
41 8 -1
41 9 -1
41 10 -1
41 11 -1
41 12 -1
41 13 -1
41 14 61.9357
41 15 62.0079
41 16 61.2024
41 17 59.7927
41 18 57.8475
41 19 55.4159
41 20 52.4556
41 21 49.0811
41 22 45.1349
41 23 40.5873
41 24 35.3121
41 25 29.1313
41 26 21.8737
41 27 12.6626
41 28 -1
41 29 -1
41 30 -1
41 31 -1
41 32 -1
41 33 -1
41 34 -1
41 35 -1
41 36 -1
41 37 -1
41 38 -1
41 39 -1
41 40 -1
41 41 -1
41 42 -1
41 43 -1
41 44 -1
41 45 -1
41 46 -1
41 47 -1
41 48 -1
41 49 -1
41 50 -1
41 51 -1
41 52 -1
41 53 -1
41 54 -1
41 55 -1
41 56 -1
41 57 -1
41 58 -1
41 59 -1
41 60 -1
41 61 -1
41 62 -1
41 63 -1
41 64 -1
41 65 -1
41 66 -1
41 67 -1
41 68 -1
41 69 -1
41 70 -1

42 0 -1
42 1 -1
42 2 -1
42 3 -1
42 4 -1
42 5 -1
42 6 -1
42 7 -1
42 8 -1
42 9 -1
42 10 -1
42 11 -1
42 12 -1
42 13 -1
42 14 -1
42 15 62.3231
42 16 62.277
42 17 61.351
42 18 59.8019
42 19 57.7176
42 20 55.1445
42 21 52.039
42 22 48.4934
42 23 44.3587
42 24 39.5588
42 25 34.0344
42 26 27.5346
42 27 19.8265
42 28 9.79364
42 29 -1
42 30 -1
42 31 -1
42 32 -1
42 33 -1
42 34 -1
42 35 -1
42 36 -1
42 37 -1
42 38 -1
42 39 -1
42 40 -1
42 41 -1
42 42 -1
42 43 -1
42 44 -1
42 45 -1
42 46 -1
42 47 -1
42 48 -1
42 49 -1
42 50 -1
42 51 -1
42 52 -1
42 53 -1
42 54 -1
42 55 -1
42 56 -1
42 57 -1
42 58 -1
42 59 -1
42 60 -1
42 61 -1
42 62 -1
42 63 -1
42 64 -1
42 65 -1
42 66 -1
42 67 -1
42 68 -1
42 69 -1
42 70 -1

43 0 -1
43 1 -1
43 2 -1
43 3 -1
43 4 -1
43 5 -1
43 6 -1
43 7 -1
43 8 -1
43 9 -1
43 10 -1
43 11 -1
43 12 -1
43 13 -1
43 14 -1
43 15 -1
43 16 62.6612
43 17 62.489
43 18 61.4481
43 19 59.7621
43 20 57.5413
43 21 54.7982
43 22 51.5622
43 23 47.8333
43 24 43.5115
43 25 38.4838
43 26 32.6766
43 27 25.7567
43 28 17.6382
43 29 6.59174
43 30 -1
43 31 -1
43 32 -1
43 33 -1
43 34 -1
43 35 -1
43 36 -1
43 37 -1
43 38 -1
43 39 -1
43 40 -1
43 41 -1
43 42 -1
43 43 -1
43 44 -1
43 45 -1
43 46 -1
43 47 -1
43 48 -1
43 49 -1
43 50 -1
43 51 -1
43 52 -1
43 53 -1
43 54 -1
43 55 -1
43 56 -1
43 57 -1
43 58 -1
43 59 -1
43 60 -1
43 61 -1
43 62 -1
43 63 -1
43 64 -1
43 65 -1
43 66 -1
43 67 -1
43 68 -1
43 69 -1
43 70 -1

44 0 -1
44 1 -1
44 2 -1
44 3 -1
44 4 -1
44 5 -1
44 6 -1
44 7 -1
44 8 -1
44 9 -1
44 10 -1
44 11 -1
44 12 -1
44 13 -1
44 14 -1
44 15 -1
44 16 -1
44 17 62.9503
44 18 62.6516
44 19 61.4836
44 20 59.6689
44 21 57.3063
44 22 54.4154
44 23 51.0236
44 24 47.0958
44 25 42.576
44 26 37.2953
44 27 31.1959
44 28 23.8964
44 29 15.2216
44 30 2.56244
44 31 -1
44 32 -1
44 33 -1
44 34 -1
44 35 -1
44 36 -1
44 37 -1
44 38 -1
44 39 -1
44 40 -1
44 41 -1
44 42 -1
44 43 -1
44 44 -1
44 45 -1
44 46 -1
44 47 -1
44 48 -1
44 49 -1
44 50 -1
44 51 -1
44 52 -1
44 53 -1
44 54 -1
44 55 -1
44 56 -1
44 57 -1
44 58 -1
44 59 -1
44 60 -1
44 61 -1
44 62 -1
44 63 -1
44 64 -1
44 65 -1
44 66 -1
44 67 -1
44 68 -1
44 69 -1
44 70 -1

45 0 -1
45 1 -1
45 2 -1
45 3 -1
45 4 -1
45 5 -1
45 6 -1
45 7 -1
45 8 -1
45 9 -1
45 10 -1
45 11 -1
45 12 -1
45 13 -1
45 14 -1
45 15 -1
45 16 -1
45 17 -1
45 18 63.1755
45 19 62.7653
45 20 61.4422
45 21 59.5117
45 22 57.0058
45 23 53.9673
45 24 50.4244
45 25 46.2925
45 26 41.5694
45 27 36.0248
45 28 29.6368
45 29 21.8518
45 30 12.5109
45 31 -1
45 32 -1
45 33 -1
45 34 -1
45 35 -1
45 36 -1
45 37 -1
45 38 -1
45 39 -1
45 40 -1
45 41 -1
45 42 -1
45 43 -1
45 44 -1
45 45 -1
45 46 -1
45 47 -1
45 48 -1
45 49 -1
45 50 -1
45 51 -1
45 52 -1
45 53 -1
45 54 -1
45 55 -1
45 56 -1
45 57 -1
45 58 -1
45 59 -1
45 60 -1
45 61 -1
45 62 -1
45 63 -1
45 64 -1
45 65 -1
45 66 -1
45 67 -1
45 68 -1
45 69 -1
45 70 -1

46 0 -1
46 1 -1
46 2 -1
46 3 -1
46 4 -1
46 5 -1
46 6 -1
46 7 -1
46 8 -1
46 9 -1
46 10 -1
46 11 -1
46 12 -1
46 13 -1
46 14 -1
46 15 -1
46 16 -1
46 17 -1
46 18 -1
46 19 63.3531
46 20 62.83
46 21 61.3626
46 22 59.2987
46 23 56.6447
46 24 53.4999
46 25 49.7486
46 26 45.4517
46 27 40.4813
46 28 34.6789
46 29 27.9161
46 30 19.6313
46 31 9.55438
46 32 -1
46 33 -1
46 34 -1
46 35 -1
46 36 -1
46 37 -1
46 38 -1
46 39 -1
46 40 -1
46 41 -1
46 42 -1
46 43 -1
46 44 -1
46 45 -1
46 46 -1
46 47 -1
46 48 -1
46 49 -1
46 50 -1
46 51 -1
46 52 -1
46 53 -1
46 54 -1
46 55 -1
46 56 -1
46 57 -1
46 58 -1
46 59 -1
46 60 -1
46 61 -1
46 62 -1
46 63 -1
46 64 -1
46 65 -1
46 66 -1
46 67 -1
46 68 -1
46 69 -1
46 70 -1

47 0 -1
47 1 -1
47 2 -1
47 3 -1
47 4 -1
47 5 -1
47 6 -1
47 7 -1
47 8 -1
47 9 -1
47 10 -1
47 11 -1
47 12 -1
47 13 -1
47 14 -1
47 15 -1
47 16 -1
47 17 -1
47 18 -1
47 19 -1
47 20 63.4905
47 21 62.8337
47 22 61.2491
47 23 59.043
47 24 56.2413
47 25 52.9459
47 26 49.0262
47 27 44.5348
47 28 39.3632
47 29 33.2496
47 30 26.076
47 31 17.2399
47 32 6.12854
47 33 -1
47 34 -1
47 35 -1
47 36 -1
47 37 -1
47 38 -1
47 39 -1
47 40 -1
47 41 -1
47 42 -1
47 43 -1
47 44 -1
47 45 -1
47 46 -1
47 47 -1
47 48 -1
47 49 -1
47 50 -1
47 51 -1
47 52 -1
47 53 -1
47 54 -1
47 55 -1
47 56 -1
47 57 -1
47 58 -1
47 59 -1
47 60 -1
47 61 -1
47 62 -1
47 63 -1
47 64 -1
47 65 -1
47 66 -1
47 67 -1
47 68 -1
47 69 -1
47 70 -1

48 0 -1
48 1 -1
48 2 -1
48 3 -1
48 4 -1
48 5 -1
48 6 -1
48 7 -1
48 8 -1
48 9 -1
48 10 -1
48 11 -1
48 12 -1
48 13 -1
48 14 -1
48 15 -1
48 16 -1
48 17 -1
48 18 -1
48 19 -1
48 20 -1
48 21 63.5739
48 22 62.7856
48 23 61.0767
48 24 58.7249
48 25 55.7936
48 26 52.3347
48 27 48.2411
48 28 43.5389
48 29 38.1321
48 30 31.6853
48 31 24.0993
48 32 14.6102
48 33 2.03595
48 34 -1
48 35 -1
48 36 -1
48 37 -1
48 38 -1
48 39 -1
48 40 -1
48 41 -1
48 42 -1
48 43 -1
48 44 -1
48 45 -1
48 46 -1
48 47 -1
48 48 -1
48 49 -1
48 50 -1
48 51 -1
48 52 -1
48 53 -1
48 54 -1
48 55 -1
48 56 -1
48 57 -1
48 58 -1
48 59 -1
48 60 -1
48 61 -1
48 62 -1
48 63 -1
48 64 -1
48 65 -1
48 66 -1
48 67 -1
48 68 -1
48 69 -1
48 70 -1

49 0 -1
49 1 -1
49 2 -1
49 3 -1
49 4 -1
49 5 -1
49 6 -1
49 7 -1
49 8 -1
49 9 -1
49 10 -1
49 11 -1
49 12 -1
49 13 -1
49 14 -1
49 15 -1
49 16 -1
49 17 -1
49 18 -1
49 19 -1
49 20 -1
49 21 -1
49 22 63.6076
49 23 62.6981
49 24 60.8528
49 25 58.3688
49 26 55.2773
49 27 51.6707
49 28 47.3889
49 29 42.4585
49 30 36.7894
49 31 29.9935
49 32 21.95
49 33 11.7983
49 34 -1
49 35 -1
49 36 -1
49 37 -1
49 38 -1
49 39 -1
49 40 -1
49 41 -1
49 42 -1
49 43 -1
49 44 -1
49 45 -1
49 46 -1
49 47 -1
49 48 -1
49 49 -1
49 50 -1
49 51 -1
49 52 -1
49 53 -1
49 54 -1
49 55 -1
49 56 -1
49 57 -1
49 58 -1
49 59 -1
49 60 -1
49 61 -1
49 62 -1
49 63 -1
49 64 -1
49 65 -1
49 66 -1
49 67 -1
49 68 -1
49 69 -1
49 70 -1

50 0 -1
50 1 -1
50 2 -1
50 3 -1
50 4 -1
50 5 -1
50 6 -1
50 7 -1
50 8 -1
50 9 -1
50 10 -1
50 11 -1
50 12 -1
50 13 -1
50 14 -1
50 15 -1
50 16 -1
50 17 -1
50 18 -1
50 19 -1
50 20 -1
50 21 -1
50 22 -1
50 23 63.592
50 24 62.5552
50 25 60.5654
50 26 57.9504
50 27 54.7181
50 28 50.9559
50 29 46.4705
50 30 41.313
50 31 35.3848
50 32 28.2184
50 33 19.647
50 34 8.44708
50 35 -1
50 36 -1
50 37 -1
50 38 -1
50 39 -1
50 40 -1
50 41 -1
50 42 -1
50 43 -1
50 44 -1
50 45 -1
50 46 -1
50 47 -1
50 48 -1
50 49 -1
50 50 -1
50 51 -1
50 52 -1
50 53 -1
50 54 -1
50 55 -1
50 56 -1
50 57 -1
50 58 -1
50 59 -1
50 60 -1
50 61 -1
50 62 -1
50 63 -1
50 64 -1
50 65 -1
50 66 -1
50 67 -1
50 68 -1
50 69 -1
50 70 -1

51 0 -1
51 1 -1
51 2 -1
51 3 -1
51 4 -1
51 5 -1
51 6 -1
51 7 -1
51 8 -1
51 9 -1
51 10 -1
51 11 -1
51 12 -1
51 13 -1
51 14 -1
51 15 -1
51 16 -1
51 17 -1
51 18 -1
51 19 -1
51 20 -1
51 21 -1
51 22 -1
51 23 -1
51 24 63.529
51 25 62.3583
51 26 60.2299
51 27 57.4593
51 28 54.1087
51 29 50.1407
51 30 45.4835
51 31 40.0695
51 32 33.9033
51 33 26.3367
51 34 17.2
51 35 4.37775
51 36 -1
51 37 -1
51 38 -1
51 39 -1
51 40 -1
51 41 -1
51 42 -1
51 43 -1
51 44 -1
51 45 -1
51 46 -1
51 47 -1
51 48 -1
51 49 -1
51 50 -1
51 51 -1
51 52 -1
51 53 -1
51 54 -1
51 55 -1
51 56 -1
51 57 -1
51 58 -1
51 59 -1
51 60 -1
51 61 -1
51 62 -1
51 63 -1
51 64 -1
51 65 -1
51 66 -1
51 67 -1
51 68 -1
51 69 -1
51 70 -1

52 0 -1
52 1 -1
52 2 -1
52 3 -1
52 4 -1
52 5 -1
52 6 -1
52 7 -1
52 8 -1
52 9 -1
52 10 -1
52 11 -1
52 12 -1
52 13 -1
52 14 -1
52 15 -1
52 16 -1
52 17 -1
52 18 -1
52 19 -1
52 20 -1
52 21 -1
52 22 -1
52 23 -1
52 24 -1
52 25 63.4237
52 26 62.1017
52 27 59.8495
52 28 56.9197
52 29 53.4389
52 30 49.279
52 31 44.4111
52 32 38.7648
52 33 32.3121
52 34 24.3257
52 35 14.5206
52 36 -1
52 37 -1
52 38 -1
52 39 -1
52 40 -1
52 41 -1
52 42 -1
52 43 -1
52 44 -1
52 45 -1
52 46 -1
52 47 -1
52 48 -1
52 49 -1
52 50 -1
52 51 -1
52 52 -1
52 53 -1
52 54 -1
52 55 -1
52 56 -1
52 57 -1
52 58 -1
52 59 -1
52 60 -1
52 61 -1
52 62 -1
52 63 -1
52 64 -1
52 65 -1
52 66 -1
52 67 -1
52 68 -1
52 69 -1
52 70 -1

53 0 -1
53 1 -1
53 2 -1
53 3 -1
53 4 -1
53 5 -1
53 6 -1
53 7 -1
53 8 -1
53 9 -1
53 10 -1
53 11 -1
53 12 -1
53 13 -1
53 14 -1
53 15 -1
53 16 -1
53 17 -1
53 18 -1
53 19 -1
53 20 -1
53 21 -1
53 22 -1
53 23 -1
53 24 -1
53 25 -1
53 26 63.2772
53 27 61.7917
53 28 59.4113
53 29 56.3282
53 30 52.6831
53 31 48.352
53 32 43.2825
53 33 37.3906
53 34 30.6312
53 35 22.1504
53 36 11.4756
53 37 -1
53 38 -1
53 39 -1
53 40 -1
53 41 -1
53 42 -1
53 43 -1
53 44 -1
53 45 -1
53 46 -1
53 47 -1
53 48 -1
53 49 -1
53 50 -1
53 51 -1
53 52 -1
53 53 -1
53 54 -1
53 55 -1
53 56 -1
53 57 -1
53 58 -1
53 59 -1
53 60 -1
53 61 -1
53 62 -1
53 63 -1
53 64 -1
53 65 -1
53 66 -1
53 67 -1
53 68 -1
53 69 -1
53 70 -1

54 0 -1
54 1 -1
54 2 -1
54 3 -1
54 4 -1
54 5 -1
54 6 -1
54 7 -1
54 8 -1
54 9 -1
54 10 -1
54 11 -1
54 12 -1
54 13 -1
54 14 -1
54 15 -1
54 16 -1
54 17 -1
54 18 -1
54 19 -1
54 20 -1
54 21 -1
54 22 -1
54 23 -1
54 24 -1
54 25 -1
54 26 -1
54 27 63.0762
54 28 61.4507
54 29 58.924
54 30 55.696
54 31 51.8948
54 32 47.3678
54 33 42.0906
54 34 35.9533
54 35 28.8364
54 36 19.8532
54 37 8.11566
54 38 -1
54 39 -1
54 40 -1
54 41 -1
54 42 -1
54 43 -1
54 44 -1
54 45 -1
54 46 -1
54 47 -1
54 48 -1
54 49 -1
54 50 -1
54 51 -1
54 52 -1
54 53 -1
54 54 -1
54 55 -1
54 56 -1
54 57 -1
54 58 -1
54 59 -1
54 60 -1
54 61 -1
54 62 -1
54 63 -1
54 64 -1
54 65 -1
54 66 -1
54 67 -1
54 68 -1
54 69 -1
54 70 -1

55 0 -1
55 1 -1
55 2 -1
55 3 -1
55 4 -1
55 5 -1
55 6 -1
55 7 -1
55 8 -1
55 9 -1
55 10 -1
55 11 -1
55 12 -1
55 13 -1
55 14 -1
55 15 -1
55 16 -1
55 17 -1
55 18 -1
55 19 -1
55 20 -1
55 21 -1
55 22 -1
55 23 -1
55 24 -1
55 25 -1
55 26 -1
55 27 -1
55 28 62.8322
55 29 61.0649
55 30 58.3916
55 31 55.0257
55 32 51.0464
55 33 46.3211
55 34 40.8181
55 35 34.3871
55 36 26.8665
55 37 17.416
55 38 4.08038
55 39 -1
55 40 -1
55 41 -1
55 42 -1
55 43 -1
55 44 -1
55 45 -1
55 46 -1
55 47 -1
55 48 -1
55 49 -1
55 50 -1
55 51 -1
55 52 -1
55 53 -1
55 54 -1
55 55 -1
55 56 -1
55 57 -1
55 58 -1
55 59 -1
55 60 -1
55 61 -1
55 62 -1
55 63 -1
55 64 -1
55 65 -1
55 66 -1
55 67 -1
55 68 -1
55 69 -1
55 70 -1

56 0 -1
56 1 -1
56 2 -1
56 3 -1
56 4 -1
56 5 -1
56 6 -1
56 7 -1
56 8 -1
56 9 -1
56 10 -1
56 11 -1
56 12 -1
56 13 -1
56 14 -1
56 15 -1
56 16 -1
56 17 -1
56 18 -1
56 19 -1
56 20 -1
56 21 -1
56 22 -1
56 23 -1
56 24 -1
56 25 -1
56 26 -1
56 27 -1
56 28 -1
56 29 62.5404
56 30 60.6356
56 31 57.821
56 32 54.294
56 33 50.1168
56 34 45.2139
56 35 39.4859
56 36 32.6935
56 37 24.8286
56 38 14.8138
56 39 -1
56 40 -1
56 41 -1
56 42 -1
56 43 -1
56 44 -1
56 45 -1
56 46 -1
56 47 -1
56 48 -1
56 49 -1
56 50 -1
56 51 -1
56 52 -1
56 53 -1
56 54 -1
56 55 -1
56 56 -1
56 57 -1
56 58 -1
56 59 -1
56 60 -1
56 61 -1
56 62 -1
56 63 -1
56 64 -1
56 65 -1
56 66 -1
56 67 -1
56 68 -1
56 69 -1
56 70 -1

57 0 -1
57 1 -1
57 2 -1
57 3 -1
57 4 -1
57 5 -1
57 6 -1
57 7 -1
57 8 -1
57 9 -1
57 10 -1
57 11 -1
57 12 -1
57 13 -1
57 14 -1
57 15 -1
57 16 -1
57 17 -1
57 18 -1
57 19 -1
57 20 -1
57 21 -1
57 22 -1
57 23 -1
57 24 -1
57 25 -1
57 26 -1
57 27 -1
57 28 -1
57 29 -1
57 30 62.206
57 31 60.1688
57 32 57.1854
57 33 53.5131
57 34 49.1418
57 35 44.0576
57 36 38.0601
57 37 30.9219
57 38 22.6163
57 39 11.9507
57 40 -1
57 41 -1
57 42 -1
57 43 -1
57 44 -1
57 45 -1
57 46 -1
57 47 -1
57 48 -1
57 49 -1
57 50 -1
57 51 -1
57 52 -1
57 53 -1
57 54 -1
57 55 -1
57 56 -1
57 57 -1
57 58 -1
57 59 -1
57 60 -1
57 61 -1
57 62 -1
57 63 -1
57 64 -1
57 65 -1
57 66 -1
57 67 -1
57 68 -1
57 69 -1
57 70 -1

58 0 -1
58 1 -1
58 2 -1
58 3 -1
58 4 -1
58 5 -1
58 6 -1
58 7 -1
58 8 -1
58 9 -1
58 10 -1
58 11 -1
58 12 -1
58 13 -1
58 14 -1
58 15 -1
58 16 -1
58 17 -1
58 18 -1
58 19 -1
58 20 -1
58 21 -1
58 22 -1
58 23 -1
58 24 -1
58 25 -1
58 26 -1
58 27 -1
58 28 -1
58 29 -1
58 30 -1
58 31 61.8377
58 32 59.6583
58 33 56.504
58 34 52.6765
58 35 48.0994
58 36 42.8305
58 37 36.5479
58 38 29.0515
58 39 20.2374
58 40 8.90417
58 41 -1
58 42 -1
58 43 -1
58 44 -1
58 45 -1
58 46 -1
58 47 -1
58 48 -1
58 49 -1
58 50 -1
58 51 -1
58 52 -1
58 53 -1
58 54 -1
58 55 -1
58 56 -1
58 57 -1
58 58 -1
58 59 -1
58 60 -1
58 61 -1
58 62 -1
58 63 -1
58 64 -1
58 65 -1
58 66 -1
58 67 -1
58 68 -1
58 69 -1
58 70 -1

59 0 -1
59 1 -1
59 2 -1
59 3 -1
59 4 -1
59 5 -1
59 6 -1
59 7 -1
59 8 -1
59 9 -1
59 10 -1
59 11 -1
59 12 -1
59 13 -1
59 14 -1
59 15 -1
59 16 -1
59 17 -1
59 18 -1
59 19 -1
59 20 -1
59 21 -1
59 22 -1
59 23 -1
59 24 -1
59 25 -1
59 26 -1
59 27 -1
59 28 -1
59 29 -1
59 30 -1
59 31 -1
59 32 61.413
59 33 59.0789
59 34 55.7617
59 35 51.7917
59 36 47.0054
59 37 41.5029
59 38 34.968
59 39 27.0537
59 40 17.6283
59 41 5.44489
59 42 -1
59 43 -1
59 44 -1
59 45 -1
59 46 -1
59 47 -1
59 48 -1
59 49 -1
59 50 -1
59 51 -1
59 52 -1
59 53 -1
59 54 -1
59 55 -1
59 56 -1
59 57 -1
59 58 -1
59 59 -1
59 60 -1
59 61 -1
59 62 -1
59 63 -1
59 64 -1
59 65 -1
59 66 -1
59 67 -1
59 68 -1
59 69 -1
59 70 -1

60 0 -1
60 1 -1
60 2 -1
60 3 -1
60 4 -1
60 5 -1
60 6 -1
60 7 -1
60 8 -1
60 9 -1
60 10 -1
60 11 -1
60 12 -1
60 13 -1
60 14 -1
60 15 -1
60 16 -1
60 17 -1
60 18 -1
60 19 -1
60 20 -1
60 21 -1
60 22 -1
60 23 -1
60 24 -1
60 25 -1
60 26 -1
60 27 -1
60 28 -1
60 29 -1
60 30 -1
60 31 -1
60 32 -1
60 33 60.9365
60 34 58.4373
60 35 54.9742
60 36 50.8306
60 37 45.8542
60 38 40.0952
60 39 33.3087
60 40 24.9501
60 41 14.7717
60 42 1.37915
60 43 -1
60 44 -1
60 45 -1
60 46 -1
60 47 -1
60 48 -1
60 49 -1
60 50 -1
60 51 -1
60 52 -1
60 53 -1
60 54 -1
60 55 -1
60 56 -1
60 57 -1
60 58 -1
60 59 -1
60 60 -1
60 61 -1
60 62 -1
60 63 -1
60 64 -1
60 65 -1
60 66 -1
60 67 -1
60 68 -1
60 69 -1
60 70 -1

61 0 -1
61 1 -1
61 2 -1
61 3 -1
61 4 -1
61 5 -1
61 6 -1
61 7 -1
61 8 -1
61 9 -1
61 10 -1
61 11 -1
61 12 -1
61 13 -1
61 14 -1
61 15 -1
61 16 -1
61 17 -1
61 18 -1
61 19 -1
61 20 -1
61 21 -1
61 22 -1
61 23 -1
61 24 -1
61 25 -1
61 26 -1
61 27 -1
61 28 -1
61 29 -1
61 30 -1
61 31 -1
61 32 -1
61 33 -1
61 34 60.4308
61 35 57.7781
61 36 54.1145
61 37 49.8166
61 38 44.6265
61 39 38.5975
61 40 31.488
61 41 22.6216
61 42 11.6883
61 43 -1
61 44 -1
61 45 -1
61 46 -1
61 47 -1
61 48 -1
61 49 -1
61 50 -1
61 51 -1
61 52 -1
61 53 -1
61 54 -1
61 55 -1
61 56 -1
61 57 -1
61 58 -1
61 59 -1
61 60 -1
61 61 -1
61 62 -1
61 63 -1
61 64 -1
61 65 -1
61 66 -1
61 67 -1
61 68 -1
61 69 -1
61 70 -1

62 0 -1
62 1 -1
62 2 -1
62 3 -1
62 4 -1
62 5 -1
62 6 -1
62 7 -1
62 8 -1
62 9 -1
62 10 -1
62 11 -1
62 12 -1
62 13 -1
62 14 -1
62 15 -1
62 16 -1
62 17 -1
62 18 -1
62 19 -1
62 20 -1
62 21 -1
62 22 -1
62 23 -1
62 24 -1
62 25 -1
62 26 -1
62 27 -1
62 28 -1
62 29 -1
62 30 -1
62 31 -1
62 32 -1
62 33 -1
62 34 -1
62 35 59.882
62 36 57.0597
62 37 53.2137
62 38 48.7383
62 39 43.3204
62 40 37.0059
62 41 29.6124
62 42 20.189
62 43 8.13354
62 44 -1
62 45 -1
62 46 -1
62 47 -1
62 48 -1
62 49 -1
62 50 -1
62 51 -1
62 52 -1
62 53 -1
62 54 -1
62 55 -1
62 56 -1
62 57 -1
62 58 -1
62 59 -1
62 60 -1
62 61 -1
62 62 -1
62 63 -1
62 64 -1
62 65 -1
62 66 -1
62 67 -1
62 68 -1
62 69 -1
62 70 -1

63 0 -1
63 1 -1
63 2 -1
63 3 -1
63 4 -1
63 5 -1
63 6 -1
63 7 -1
63 8 -1
63 9 -1
63 10 -1
63 11 -1
63 12 -1
63 13 -1
63 14 -1
63 15 -1
63 16 -1
63 17 -1
63 18 -1
63 19 -1
63 20 -1
63 21 -1
63 22 -1
63 23 -1
63 24 -1
63 25 -1
63 26 -1
63 27 -1
63 28 -1
63 29 -1
63 30 -1
63 31 -1
63 32 -1
63 33 -1
63 34 -1
63 35 -1
63 36 59.2787
63 37 56.2823
63 38 52.276
63 39 47.5854
63 40 41.9518
63 41 35.3655
63 42 27.6376
63 43 17.5573
63 44 3.84033
63 45 -1
63 46 -1
63 47 -1
63 48 -1
63 49 -1
63 50 -1
63 51 -1
63 52 -1
63 53 -1
63 54 -1
63 55 -1
63 56 -1
63 57 -1
63 58 -1
63 59 -1
63 60 -1
63 61 -1
63 62 -1
63 63 -1
63 64 -1
63 65 -1
63 66 -1
63 67 -1
63 68 -1
63 69 -1
63 70 -1

64 0 -1
64 1 -1
64 2 -1
64 3 -1
64 4 -1
64 5 -1
64 6 -1
64 7 -1
64 8 -1
64 9 -1
64 10 -1
64 11 -1
64 12 -1
64 13 -1
64 14 -1
64 15 -1
64 16 -1
64 17 -1
64 18 -1
64 19 -1
64 20 -1
64 21 -1
64 22 -1
64 23 -1
64 24 -1
64 25 -1
64 26 -1
64 27 -1
64 28 -1
64 29 -1
64 30 -1
64 31 -1
64 32 -1
64 33 -1
64 34 -1
64 35 -1
64 36 -1
64 37 58.6278
64 38 55.4656
64 39 51.269
64 40 46.3646
64 41 40.5299
64 42 33.6316
64 43 25.5563
64 44 14.7561
64 45 -1
64 46 -1
64 47 -1
64 48 -1
64 49 -1
64 50 -1
64 51 -1
64 52 -1
64 53 -1
64 54 -1
64 55 -1
64 56 -1
64 57 -1
64 58 -1
64 59 -1
64 60 -1
64 61 -1
64 62 -1
64 63 -1
64 64 -1
64 65 -1
64 66 -1
64 67 -1
64 68 -1
64 69 -1
64 70 -1

65 0 -1
65 1 -1
65 2 -1
65 3 -1
65 4 -1
65 5 -1
65 6 -1
65 7 -1
65 8 -1
65 9 -1
65 10 -1
65 11 -1
65 12 -1
65 13 -1
65 14 -1
65 15 -1
65 16 -1
65 17 -1
65 18 -1
65 19 -1
65 20 -1
65 21 -1
65 22 -1
65 23 -1
65 24 -1
65 25 -1
65 26 -1
65 27 -1
65 28 -1
65 29 -1
65 30 -1
65 31 -1
65 32 -1
65 33 -1
65 34 -1
65 35 -1
65 36 -1
65 37 -1
65 38 57.9275
65 39 54.601
65 40 50.1989
65 41 45.1092
65 42 39.0203
65 43 31.766
65 44 23.3731
65 45 11.6295
65 46 -1
65 47 -1
65 48 -1
65 49 -1
65 50 -1
65 51 -1
65 52 -1
65 53 -1
65 54 -1
65 55 -1
65 56 -1
65 57 -1
65 58 -1
65 59 -1
65 60 -1
65 61 -1
65 62 -1
65 63 -1
65 64 -1
65 65 -1
65 66 -1
65 67 -1
65 68 -1
65 69 -1
65 70 -1

66 0 -1
66 1 -1
66 2 -1
66 3 -1
66 4 -1
66 5 -1
66 6 -1
66 7 -1
66 8 -1
66 9 -1
66 10 -1
66 11 -1
66 12 -1
66 13 -1
66 14 -1
66 15 -1
66 16 -1
66 17 -1
66 18 -1
66 19 -1
66 20 -1
66 21 -1
66 22 -1
66 23 -1
66 24 -1
66 25 -1
66 26 -1
66 27 -1
66 28 -1
66 29 -1
66 30 -1
66 31 -1
66 32 -1
66 33 -1
66 34 -1
66 35 -1
66 36 -1
66 37 -1
66 38 -1
66 39 57.1735
66 40 53.6696
66 41 49.0566
66 42 43.7874
66 43 37.4027
66 44 29.8009
66 45 21.0381
66 46 8.08624
66 47 -1
66 48 -1
66 49 -1
66 50 -1
66 51 -1
66 52 -1
66 53 -1
66 54 -1
66 55 -1
66 56 -1
66 57 -1
66 58 -1
66 59 -1
66 60 -1
66 61 -1
66 62 -1
66 63 -1
66 64 -1
66 65 -1
66 66 -1
66 67 -1
66 68 -1
66 69 -1
66 70 -1

67 0 -1
67 1 -1
67 2 -1
67 3 -1
67 4 -1
67 5 -1
67 6 -1
67 7 -1
67 8 -1
67 9 -1
67 10 -1
67 11 -1
67 12 -1
67 13 -1
67 14 -1
67 15 -1
67 16 -1
67 17 -1
67 18 -1
67 19 -1
67 20 -1
67 21 -1
67 22 -1
67 23 -1
67 24 -1
67 25 -1
67 26 -1
67 27 -1
67 28 -1
67 29 -1
67 30 -1
67 31 -1
67 32 -1
67 33 -1
67 34 -1
67 35 -1
67 36 -1
67 37 -1
67 38 -1
67 39 -1
67 40 56.3708
67 41 52.6872
67 42 47.85
67 43 42.3887
67 44 35.7175
67 45 27.7241
67 46 18.5618
67 47 3.76312
67 48 -1
67 49 -1
67 50 -1
67 51 -1
67 52 -1
67 53 -1
67 54 -1
67 55 -1
67 56 -1
67 57 -1
67 58 -1
67 59 -1
67 60 -1
67 61 -1
67 62 -1
67 63 -1
67 64 -1
67 65 -1
67 66 -1
67 67 -1
67 68 -1
67 69 -1
67 70 -1

68 0 -1
68 1 -1
68 2 -1
68 3 -1
68 4 -1
68 5 -1
68 6 -1
68 7 -1
68 8 -1
68 9 -1
68 10 -1
68 11 -1
68 12 -1
68 13 -1
68 14 -1
68 15 -1
68 16 -1
68 17 -1
68 18 -1
68 19 -1
68 20 -1
68 21 -1
68 22 -1
68 23 -1
68 24 -1
68 25 -1
68 26 -1
68 27 -1
68 28 -1
68 29 -1
68 30 -1
68 31 -1
68 32 -1
68 33 -1
68 34 -1
68 35 -1
68 36 -1
68 37 -1
68 38 -1
68 39 -1
68 40 -1
68 41 55.5208
68 42 51.6451
68 43 46.5937
68 44 40.912
68 45 33.9292
68 46 25.4973
68 47 15.9067
68 48 -1
68 49 -1
68 50 -1
68 51 -1
68 52 -1
68 53 -1
68 54 -1
68 55 -1
68 56 -1
68 57 -1
68 58 -1
68 59 -1
68 60 -1
68 61 -1
68 62 -1
68 63 -1
68 64 -1
68 65 -1
68 66 -1
68 67 -1
68 68 -1
68 69 -1
68 70 -1

69 0 -1
69 1 -1
69 2 -1
69 3 -1
69 4 -1
69 5 -1
69 6 -1
69 7 -1
69 8 -1
69 9 -1
69 10 -1
69 11 -1
69 12 -1
69 13 -1
69 14 -1
69 15 -1
69 16 -1
69 17 -1
69 18 -1
69 19 -1
69 20 -1
69 21 -1
69 22 -1
69 23 -1
69 24 -1
69 25 -1
69 26 -1
69 27 -1
69 28 -1
69 29 -1
69 30 -1
69 31 -1
69 32 -1
69 33 -1
69 34 -1
69 35 -1
69 36 -1
69 37 -1
69 38 -1
69 39 -1
69 40 -1
69 41 -1
69 42 54.6216
69 43 50.5347
69 44 45.265
69 45 39.3538
69 46 32.0118
69 47 23.1323
69 48 13.022
69 49 -1
69 50 -1
69 51 -1
69 52 -1
69 53 -1
69 54 -1
69 55 -1
69 56 -1
69 57 -1
69 58 -1
69 59 -1
69 60 -1
69 61 -1
69 62 -1
69 63 -1
69 64 -1
69 65 -1
69 66 -1
69 67 -1
69 68 -1
69 69 -1
69 70 -1

70 0 -1
70 1 -1
70 2 -1
70 3 -1
70 4 -1
70 5 -1
70 6 -1
70 7 -1
70 8 -1
70 9 -1
70 10 -1
70 11 -1
70 12 -1
70 13 -1
70 14 -1
70 15 -1
70 16 -1
70 17 -1
70 18 -1
70 19 -1
70 20 -1
70 21 -1
70 22 -1
70 23 -1
70 24 -1
70 25 -1
70 26 -1
70 27 -1
70 28 -1
70 29 -1
70 30 -1
70 31 -1
70 32 -1
70 33 -1
70 34 -1
70 35 -1
70 36 -1
70 37 -1
70 38 -1
70 39 -1
70 40 -1
70 41 -1
70 42 -1
70 43 53.6658
70 44 49.3589
70 45 43.8665
70 46 37.7448
70 47 29.9943
70 48 20.573
70 49 9.85474
70 50 -1
70 51 -1
70 52 -1
70 53 -1
70 54 -1
70 55 -1
70 56 -1
70 57 -1
70 58 -1
70 59 -1
70 60 -1
70 61 -1
70 62 -1
70 63 -1
70 64 -1
70 65 -1
70 66 -1
70 67 -1
70 68 -1
70 69 -1
70 70 -1

71 0 -1
71 1 -1
71 2 -1
71 3 -1
71 4 -1
71 5 -1
71 6 -1
71 7 -1
71 8 -1
71 9 -1
71 10 -1
71 11 -1
71 12 -1
71 13 -1
71 14 -1
71 15 -1
71 16 -1
71 17 -1
71 18 -1
71 19 -1
71 20 -1
71 21 -1
71 22 -1
71 23 -1
71 24 -1
71 25 -1
71 26 -1
71 27 -1
71 28 -1
71 29 -1
71 30 -1
71 31 -1
71 32 -1
71 33 -1
71 34 -1
71 35 -1
71 36 -1
71 37 -1
71 38 -1
71 39 -1
71 40 -1
71 41 -1
71 42 -1
71 43 -1
71 44 52.6547
71 45 48.1347
71 46 42.3958
71 47 36.0229
71 48 27.8765
71 49 17.8267
71 50 6.26245
71 51 -1
71 52 -1
71 53 -1
71 54 -1
71 55 -1
71 56 -1
71 57 -1
71 58 -1
71 59 -1
71 60 -1
71 61 -1
71 62 -1
71 63 -1
71 64 -1
71 65 -1
71 66 -1
71 67 -1
71 68 -1
71 69 -1
71 70 -1

72 0 -1
72 1 -1
72 2 -1
72 3 -1
72 4 -1
72 5 -1
72 6 -1
72 7 -1
72 8 -1
72 9 -1
72 10 -1
72 11 -1
72 12 -1
72 13 -1
72 14 -1
72 15 -1
72 16 -1
72 17 -1
72 18 -1
72 19 -1
72 20 -1
72 21 -1
72 22 -1
72 23 -1
72 24 -1
72 25 -1
72 26 -1
72 27 -1
72 28 -1
72 29 -1
72 30 -1
72 31 -1
72 32 -1
72 33 -1
72 34 -1
72 35 -1
72 36 -1
72 37 -1
72 38 -1
72 39 -1
72 40 -1
72 41 -1
72 42 -1
72 43 -1
72 44 -1
72 45 51.59
72 46 46.8522
72 47 40.8572
72 48 34.2021
72 49 25.6564
72 50 14.8651
72 51 1.93683
72 52 -1
72 53 -1
72 54 -1
72 55 -1
72 56 -1
72 57 -1
72 58 -1
72 59 -1
72 60 -1
72 61 -1
72 62 -1
72 63 -1
72 64 -1
72 65 -1
72 66 -1
72 67 -1
72 68 -1
72 69 -1
72 70 -1

73 0 -1
73 1 -1
73 2 -1
73 3 -1
73 4 -1
73 5 -1
73 6 -1
73 7 -1
73 8 -1
73 9 -1
73 10 -1
73 11 -1
73 12 -1
73 13 -1
73 14 -1
73 15 -1
73 16 -1
73 17 -1
73 18 -1
73 19 -1
73 20 -1
73 21 -1
73 22 -1
73 23 -1
73 24 -1
73 25 -1
73 26 -1
73 27 -1
73 28 -1
73 29 -1
73 30 -1
73 31 -1
73 32 -1
73 33 -1
73 34 -1
73 35 -1
73 36 -1
73 37 -1
73 38 -1
73 39 -1
73 40 -1
73 41 -1
73 42 -1
73 43 -1
73 44 -1
73 45 -1
73 46 50.4742
73 47 45.5024
73 48 39.2399
73 49 32.3146
73 50 23.2297
73 51 11.6246
73 52 -1
73 53 -1
73 54 -1
73 55 -1
73 56 -1
73 57 -1
73 58 -1
73 59 -1
73 60 -1
73 61 -1
73 62 -1
73 63 -1
73 64 -1
73 65 -1
73 66 -1
73 67 -1
73 68 -1
73 69 -1
73 70 -1

74 0 -1
74 1 -1
74 2 -1
74 3 -1
74 4 -1
74 5 -1
74 6 -1
74 7 -1
74 8 -1
74 9 -1
74 10 -1
74 11 -1
74 12 -1
74 13 -1
74 14 -1
74 15 -1
74 16 -1
74 17 -1
74 18 -1
74 19 -1
74 20 -1
74 21 -1
74 22 -1
74 23 -1
74 24 -1
74 25 -1
74 26 -1
74 27 -1
74 28 -1
74 29 -1
74 30 -1
74 31 -1
74 32 -1
74 33 -1
74 34 -1
74 35 -1
74 36 -1
74 37 -1
74 38 -1
74 39 -1
74 40 -1
74 41 -1
74 42 -1
74 43 -1
74 44 -1
74 45 -1
74 46 -1
74 47 49.3069
74 48 44.0893
74 49 37.5443
74 50 30.3215
74 51 20.6744
74 52 7.93298
74 53 -1
74 54 -1
74 55 -1
74 56 -1
74 57 -1
74 58 -1
74 59 -1
74 60 -1
74 61 -1
74 62 -1
74 63 -1
74 64 -1
74 65 -1
74 66 -1
74 67 -1
74 68 -1
74 69 -1
74 70 -1

75 0 -1
75 1 -1
75 2 -1
75 3 -1
75 4 -1
75 5 -1
75 6 -1
75 7 -1
75 8 -1
75 9 -1
75 10 -1
75 11 -1
75 12 -1
75 13 -1
75 14 -1
75 15 -1
75 16 -1
75 17 -1
75 18 -1
75 19 -1
75 20 -1
75 21 -1
75 22 -1
75 23 -1
75 24 -1
75 25 -1
75 26 -1
75 27 -1
75 28 -1
75 29 -1
75 30 -1
75 31 -1
75 32 -1
75 33 -1
75 34 -1
75 35 -1
75 36 -1
75 37 -1
75 38 -1
75 39 -1
75 40 -1
75 41 -1
75 42 -1
75 43 -1
75 44 -1
75 45 -1
75 46 -1
75 47 -1
75 48 48.0773
75 49 42.6045
75 50 35.7653
75 51 28.2147
75 52 17.9118
75 53 3.49377
75 54 -1
75 55 -1
75 56 -1
75 57 -1
75 58 -1
75 59 -1
75 60 -1
75 61 -1
75 62 -1
75 63 -1
75 64 -1
75 65 -1
75 66 -1
75 67 -1
75 68 -1
75 69 -1
75 70 -1

76 0 -1
76 1 -1
76 2 -1
76 3 -1
76 4 -1
76 5 -1
76 6 -1
76 7 -1
76 8 -1
76 9 -1
76 10 -1
76 11 -1
76 12 -1
76 13 -1
76 14 -1
76 15 -1
76 16 -1
76 17 -1
76 18 -1
76 19 -1
76 20 -1
76 21 -1
76 22 -1
76 23 -1
76 24 -1
76 25 -1
76 26 -1
76 27 -1
76 28 -1
76 29 -1
76 30 -1
76 31 -1
76 32 -1
76 33 -1
76 34 -1
76 35 -1
76 36 -1
76 37 -1
76 38 -1
76 39 -1
76 40 -1
76 41 -1
76 42 -1
76 43 -1
76 44 -1
76 45 -1
76 46 -1
76 47 -1
76 48 -1
76 49 46.7919
76 50 41.0378
76 51 33.8785
76 52 26.0184
76 53 14.9142
76 54 -1
76 55 -1
76 56 -1
76 57 -1
76 58 -1
76 59 -1
76 60 -1
76 61 -1
76 62 -1
76 63 -1
76 64 -1
76 65 -1
76 66 -1
76 67 -1
76 68 -1
76 69 -1
76 70 -1

77 0 -1
77 1 -1
77 2 -1
77 3 -1
77 4 -1
77 5 -1
77 6 -1
77 7 -1
77 8 -1
77 9 -1
77 10 -1
77 11 -1
77 12 -1
77 13 -1
77 14 -1
77 15 -1
77 16 -1
77 17 -1
77 18 -1
77 19 -1
77 20 -1
77 21 -1
77 22 -1
77 23 -1
77 24 -1
77 25 -1
77 26 -1
77 27 -1
77 28 -1
77 29 -1
77 30 -1
77 31 -1
77 32 -1
77 33 -1
77 34 -1
77 35 -1
77 36 -1
77 37 -1
77 38 -1
77 39 -1
77 40 -1
77 41 -1
77 42 -1
77 43 -1
77 44 -1
77 45 -1
77 46 -1
77 47 -1
77 48 -1
77 49 -1
77 50 45.4401
77 51 39.3949
77 52 31.9166
77 53 23.7028
77 54 11.5242
77 55 -1
77 56 -1
77 57 -1
77 58 -1
77 59 -1
77 60 -1
77 61 -1
77 62 -1
77 63 -1
77 64 -1
77 65 -1
77 66 -1
77 67 -1
77 68 -1
77 69 -1
77 70 -1

78 0 -1
78 1 -1
78 2 -1
78 3 -1
78 4 -1
78 5 -1
78 6 -1
78 7 -1
78 8 -1
78 9 -1
78 10 -1
78 11 -1
78 12 -1
78 13 -1
78 14 -1
78 15 -1
78 16 -1
78 17 -1
78 18 -1
78 19 -1
78 20 -1
78 21 -1
78 22 -1
78 23 -1
78 24 -1
78 25 -1
78 26 -1
78 27 -1
78 28 -1
78 29 -1
78 30 -1
78 31 -1
78 32 -1
78 33 -1
78 34 -1
78 35 -1
78 36 -1
78 37 -1
78 38 -1
78 39 -1
78 40 -1
78 41 -1
78 42 -1
78 43 -1
78 44 -1
78 45 -1
78 46 -1
78 47 -1
78 48 -1
78 49 -1
78 50 -1
78 51 44.0269
78 52 37.6594
78 53 29.8329
78 54 21.1949
78 55 7.78284
78 56 -1
78 57 -1
78 58 -1
78 59 -1
78 60 -1
78 61 -1
78 62 -1
78 63 -1
78 64 -1
78 65 -1
78 66 -1
78 67 -1
78 68 -1
78 69 -1
78 70 -1

79 0 -1
79 1 -1
79 2 -1
79 3 -1
79 4 -1
79 5 -1
79 6 -1
79 7 -1
79 8 -1
79 9 -1
79 10 -1
79 11 -1
79 12 -1
79 13 -1
79 14 -1
79 15 -1
79 16 -1
79 17 -1
79 18 -1
79 19 -1
79 20 -1
79 21 -1
79 22 -1
79 23 -1
79 24 -1
79 25 -1
79 26 -1
79 27 -1
79 28 -1
79 29 -1
79 30 -1
79 31 -1
79 32 -1
79 33 -1
79 34 -1
79 35 -1
79 36 -1
79 37 -1
79 38 -1
79 39 -1
79 40 -1
79 41 -1
79 42 -1
79 43 -1
79 44 -1
79 45 -1
79 46 -1
79 47 -1
79 48 -1
79 49 -1
79 50 -1
79 51 -1
79 52 42.5649
79 53 35.8401
79 54 27.6019
79 55 18.5724
79 56 3.33887
79 57 -1
79 58 -1
79 59 -1
79 60 -1
79 61 -1
79 62 -1
79 63 -1
79 64 -1
79 65 -1
79 66 -1
79 67 -1
79 68 -1
79 69 -1
79 70 -1

80 0 -1
80 1 -1
80 2 -1
80 3 -1
80 4 -1
80 5 -1
80 6 -1
80 7 -1
80 8 -1
80 9 -1
80 10 -1
80 11 -1
80 12 -1
80 13 -1
80 14 -1
80 15 -1
80 16 -1
80 17 -1
80 18 -1
80 19 -1
80 20 -1
80 21 -1
80 22 -1
80 23 -1
80 24 -1
80 25 -1
80 26 -1
80 27 -1
80 28 -1
80 29 -1
80 30 -1
80 31 -1
80 32 -1
80 33 -1
80 34 -1
80 35 -1
80 36 -1
80 37 -1
80 38 -1
80 39 -1
80 40 -1
80 41 -1
80 42 -1
80 43 -1
80 44 -1
80 45 -1
80 46 -1
80 47 -1
80 48 -1
80 49 -1
80 50 -1
80 51 -1
80 52 -1
80 53 41.0378
80 54 33.9228
80 55 25.2552
80 56 15.7715
80 57 -1
80 58 -1
80 59 -1
80 60 -1
80 61 -1
80 62 -1
80 63 -1
80 64 -1
80 65 -1
80 66 -1
80 67 -1
80 68 -1
80 69 -1
80 70 -1

81 0 -1
81 1 -1
81 2 -1
81 3 -1
81 4 -1
81 5 -1
81 6 -1
81 7 -1
81 8 -1
81 9 -1
81 10 -1
81 11 -1
81 12 -1
81 13 -1
81 14 -1
81 15 -1
81 16 -1
81 17 -1
81 18 -1
81 19 -1
81 20 -1
81 21 -1
81 22 -1
81 23 -1
81 24 -1
81 25 -1
81 26 -1
81 27 -1
81 28 -1
81 29 -1
81 30 -1
81 31 -1
81 32 -1
81 33 -1
81 34 -1
81 35 -1
81 36 -1
81 37 -1
81 38 -1
81 39 -1
81 40 -1
81 41 -1
81 42 -1
81 43 -1
81 44 -1
81 45 -1
81 46 -1
81 47 -1
81 48 -1
81 49 -1
81 50 -1
81 51 -1
81 52 -1
81 53 -1
81 54 39.4224
81 55 31.9327
81 56 22.7628
81 57 12.7419
81 58 -1
81 59 -1
81 60 -1
81 61 -1
81 62 -1
81 63 -1
81 64 -1
81 65 -1
81 66 -1
81 67 -1
81 68 -1
81 69 -1
81 70 -1

82 0 -1
82 1 -1
82 2 -1
82 3 -1
82 4 -1
82 5 -1
82 6 -1
82 7 -1
82 8 -1
82 9 -1
82 10 -1
82 11 -1
82 12 -1
82 13 -1
82 14 -1
82 15 -1
82 16 -1
82 17 -1
82 18 -1
82 19 -1
82 20 -1
82 21 -1
82 22 -1
82 23 -1
82 24 -1
82 25 -1
82 26 -1
82 27 -1
82 28 -1
82 29 -1
82 30 -1
82 31 -1
82 32 -1
82 33 -1
82 34 -1
82 35 -1
82 36 -1
82 37 -1
82 38 -1
82 39 -1
82 40 -1
82 41 -1
82 42 -1
82 43 -1
82 44 -1
82 45 -1
82 46 -1
82 47 -1
82 48 -1
82 49 -1
82 50 -1
82 51 -1
82 52 -1
82 53 -1
82 54 -1
82 55 37.7195
82 56 29.8415
82 57 20.0948
82 58 9.4472
82 59 -1
82 60 -1
82 61 -1
82 62 -1
82 63 -1
82 64 -1
82 65 -1
82 66 -1
82 67 -1
82 68 -1
82 69 -1
82 70 -1

83 0 -1
83 1 -1
83 2 -1
83 3 -1
83 4 -1
83 5 -1
83 6 -1
83 7 -1
83 8 -1
83 9 -1
83 10 -1
83 11 -1
83 12 -1
83 13 -1
83 14 -1
83 15 -1
83 16 -1
83 17 -1
83 18 -1
83 19 -1
83 20 -1
83 21 -1
83 22 -1
83 23 -1
83 24 -1
83 25 -1
83 26 -1
83 27 -1
83 28 -1
83 29 -1
83 30 -1
83 31 -1
83 32 -1
83 33 -1
83 34 -1
83 35 -1
83 36 -1
83 37 -1
83 38 -1
83 39 -1
83 40 -1
83 41 -1
83 42 -1
83 43 -1
83 44 -1
83 45 -1
83 46 -1
83 47 -1
83 48 -1
83 49 -1
83 50 -1
83 51 -1
83 52 -1
83 53 -1
83 54 -1
83 55 -1
83 56 35.9319
83 57 27.6196
83 58 17.248
83 59 5.70715
83 60 -1
83 61 -1
83 62 -1
83 63 -1
83 64 -1
83 65 -1
83 66 -1
83 67 -1
83 68 -1
83 69 -1
83 70 -1

84 0 -1
84 1 -1
84 2 -1
84 3 -1
84 4 -1
84 5 -1
84 6 -1
84 7 -1
84 8 -1
84 9 -1
84 10 -1
84 11 -1
84 12 -1
84 13 -1
84 14 -1
84 15 -1
84 16 -1
84 17 -1
84 18 -1
84 19 -1
84 20 -1
84 21 -1
84 22 -1
84 23 -1
84 24 -1
84 25 -1
84 26 -1
84 27 -1
84 28 -1
84 29 -1
84 30 -1
84 31 -1
84 32 -1
84 33 -1
84 34 -1
84 35 -1
84 36 -1
84 37 -1
84 38 -1
84 39 -1
84 40 -1
84 41 -1
84 42 -1
84 43 -1
84 44 -1
84 45 -1
84 46 -1
84 47 -1
84 48 -1
84 49 -1
84 50 -1
84 51 -1
84 52 -1
84 53 -1
84 54 -1
84 55 -1
84 56 -1
84 57 34.0591
84 58 25.2714
84 59 14.1722
84 60 1.24115
84 61 -1
84 62 -1
84 63 -1
84 64 -1
84 65 -1
84 66 -1
84 67 -1
84 68 -1
84 69 -1
84 70 -1

85 0 -1
85 1 -1
85 2 -1
85 3 -1
85 4 -1
85 5 -1
85 6 -1
85 7 -1
85 8 -1
85 9 -1
85 10 -1
85 11 -1
85 12 -1
85 13 -1
85 14 -1
85 15 -1
85 16 -1
85 17 -1
85 18 -1
85 19 -1
85 20 -1
85 21 -1
85 22 -1
85 23 -1
85 24 -1
85 25 -1
85 26 -1
85 27 -1
85 28 -1
85 29 -1
85 30 -1
85 31 -1
85 32 -1
85 33 -1
85 34 -1
85 35 -1
85 36 -1
85 37 -1
85 38 -1
85 39 -1
85 40 -1
85 41 -1
85 42 -1
85 43 -1
85 44 -1
85 45 -1
85 46 -1
85 47 -1
85 48 -1
85 49 -1
85 50 -1
85 51 -1
85 52 -1
85 53 -1
85 54 -1
85 55 -1
85 56 -1
85 57 -1
85 58 32.1055
85 59 22.772
85 60 10.7289
85 61 -1
85 62 -1
85 63 -1
85 64 -1
85 65 -1
85 66 -1
85 67 -1
85 68 -1
85 69 -1
85 70 -1

86 0 -1
86 1 -1
86 2 -1
86 3 -1
86 4 -1
86 5 -1
86 6 -1
86 7 -1
86 8 -1
86 9 -1
86 10 -1
86 11 -1
86 12 -1
86 13 -1
86 14 -1
86 15 -1
86 16 -1
86 17 -1
86 18 -1
86 19 -1
86 20 -1
86 21 -1
86 22 -1
86 23 -1
86 24 -1
86 25 -1
86 26 -1
86 27 -1
86 28 -1
86 29 -1
86 30 -1
86 31 -1
86 32 -1
86 33 -1
86 34 -1
86 35 -1
86 36 -1
86 37 -1
86 38 -1
86 39 -1
86 40 -1
86 41 -1
86 42 -1
86 43 -1
86 44 -1
86 45 -1
86 46 -1
86 47 -1
86 48 -1
86 49 -1
86 50 -1
86 51 -1
86 52 -1
86 53 -1
86 54 -1
86 55 -1
86 56 -1
86 57 -1
86 58 -1
86 59 30.0544
86 60 20.1262
86 61 6.9234
86 62 -1
86 63 -1
86 64 -1
86 65 -1
86 66 -1
86 67 -1
86 68 -1
86 69 -1
86 70 -1

87 0 -1
87 1 -1
87 2 -1
87 3 -1
87 4 -1
87 5 -1
87 6 -1
87 7 -1
87 8 -1
87 9 -1
87 10 -1
87 11 -1
87 12 -1
87 13 -1
87 14 -1
87 15 -1
87 16 -1
87 17 -1
87 18 -1
87 19 -1
87 20 -1
87 21 -1
87 22 -1
87 23 -1
87 24 -1
87 25 -1
87 26 -1
87 27 -1
87 28 -1
87 29 -1
87 30 -1
87 31 -1
87 32 -1
87 33 -1
87 34 -1
87 35 -1
87 36 -1
87 37 -1
87 38 -1
87 39 -1
87 40 -1
87 41 -1
87 42 -1
87 43 -1
87 44 -1
87 45 -1
87 46 -1
87 47 -1
87 48 -1
87 49 -1
87 50 -1
87 51 -1
87 52 -1
87 53 -1
87 54 -1
87 55 -1
87 56 -1
87 57 -1
87 58 -1
87 59 -1
87 60 27.8796
87 61 17.2665
87 62 2.45667
87 63 -1
87 64 -1
87 65 -1
87 66 -1
87 67 -1
87 68 -1
87 69 -1
87 70 -1

88 0 -1
88 1 -1
88 2 -1
88 3 -1
88 4 -1
88 5 -1
88 6 -1
88 7 -1
88 8 -1
88 9 -1
88 10 -1
88 11 -1
88 12 -1
88 13 -1
88 14 -1
88 15 -1
88 16 -1
88 17 -1
88 18 -1
88 19 -1
88 20 -1
88 21 -1
88 22 -1
88 23 -1
88 24 -1
88 25 -1
88 26 -1
88 27 -1
88 28 -1
88 29 -1
88 30 -1
88 31 -1
88 32 -1
88 33 -1
88 34 -1
88 35 -1
88 36 -1
88 37 -1
88 38 -1
88 39 -1
88 40 -1
88 41 -1
88 42 -1
88 43 -1
88 44 -1
88 45 -1
88 46 -1
88 47 -1
88 48 -1
88 49 -1
88 50 -1
88 51 -1
88 52 -1
88 53 -1
88 54 -1
88 55 -1
88 56 -1
88 57 -1
88 58 -1
88 59 -1
88 60 -1
88 61 25.5961
88 62 14.1787
88 63 -1
88 64 -1
88 65 -1
88 66 -1
88 67 -1
88 68 -1
88 69 -1
88 70 -1

89 0 -1
89 1 -1
89 2 -1
89 3 -1
89 4 -1
89 5 -1
89 6 -1
89 7 -1
89 8 -1
89 9 -1
89 10 -1
89 11 -1
89 12 -1
89 13 -1
89 14 -1
89 15 -1
89 16 -1
89 17 -1
89 18 -1
89 19 -1
89 20 -1
89 21 -1
89 22 -1
89 23 -1
89 24 -1
89 25 -1
89 26 -1
89 27 -1
89 28 -1
89 29 -1
89 30 -1
89 31 -1
89 32 -1
89 33 -1
89 34 -1
89 35 -1
89 36 -1
89 37 -1
89 38 -1
89 39 -1
89 40 -1
89 41 -1
89 42 -1
89 43 -1
89 44 -1
89 45 -1
89 46 -1
89 47 -1
89 48 -1
89 49 -1
89 50 -1
89 51 -1
89 52 -1
89 53 -1
89 54 -1
89 55 -1
89 56 -1
89 57 -1
89 58 -1
89 59 -1
89 60 -1
89 61 -1
89 62 23.2028
89 63 10.7697
89 64 -1
89 65 -1
89 66 -1
89 67 -1
89 68 -1
89 69 -1
89 70 -1

90 0 -1
90 1 -1
90 2 -1
90 3 -1
90 4 -1
90 5 -1
90 6 -1
90 7 -1
90 8 -1
90 9 -1
90 10 -1
90 11 -1
90 12 -1
90 13 -1
90 14 -1
90 15 -1
90 16 -1
90 17 -1
90 18 -1
90 19 -1
90 20 -1
90 21 -1
90 22 -1
90 23 -1
90 24 -1
90 25 -1
90 26 -1
90 27 -1
90 28 -1
90 29 -1
90 30 -1
90 31 -1
90 32 -1
90 33 -1
90 34 -1
90 35 -1
90 36 -1
90 37 -1
90 38 -1
90 39 -1
90 40 -1
90 41 -1
90 42 -1
90 43 -1
90 44 -1
90 45 -1
90 46 -1
90 47 -1
90 48 -1
90 49 -1
90 50 -1
90 51 -1
90 52 -1
90 53 -1
90 54 -1
90 55 -1
90 56 -1
90 57 -1
90 58 -1
90 59 -1
90 60 -1
90 61 -1
90 62 -1
90 63 20.6562
90 64 6.94928
90 65 -1
90 66 -1
90 67 -1
90 68 -1
90 69 -1
90 70 -1

91 0 -1
91 1 -1
91 2 -1
91 3 -1
91 4 -1
91 5 -1
91 6 -1
91 7 -1
91 8 -1
91 9 -1
91 10 -1
91 11 -1
91 12 -1
91 13 -1
91 14 -1
91 15 -1
91 16 -1
91 17 -1
91 18 -1
91 19 -1
91 20 -1
91 21 -1
91 22 -1
91 23 -1
91 24 -1
91 25 -1
91 26 -1
91 27 -1
91 28 -1
91 29 -1
91 30 -1
91 31 -1
91 32 -1
91 33 -1
91 34 -1
91 35 -1
91 36 -1
91 37 -1
91 38 -1
91 39 -1
91 40 -1
91 41 -1
91 42 -1
91 43 -1
91 44 -1
91 45 -1
91 46 -1
91 47 -1
91 48 -1
91 49 -1
91 50 -1
91 51 -1
91 52 -1
91 53 -1
91 54 -1
91 55 -1
91 56 -1
91 57 -1
91 58 -1
91 59 -1
91 60 -1
91 61 -1
91 62 -1
91 63 -1
91 64 17.9391
91 65 2.43909
91 66 -1
91 67 -1
91 68 -1
91 69 -1
91 70 -1

92 0 -1
92 1 -1
92 2 -1
92 3 -1
92 4 -1
92 5 -1
92 6 -1
92 7 -1
92 8 -1
92 9 -1
92 10 -1
92 11 -1
92 12 -1
92 13 -1
92 14 -1
92 15 -1
92 16 -1
92 17 -1
92 18 -1
92 19 -1
92 20 -1
92 21 -1
92 22 -1
92 23 -1
92 24 -1
92 25 -1
92 26 -1
92 27 -1
92 28 -1
92 29 -1
92 30 -1
92 31 -1
92 32 -1
92 33 -1
92 34 -1
92 35 -1
92 36 -1
92 37 -1
92 38 -1
92 39 -1
92 40 -1
92 41 -1
92 42 -1
92 43 -1
92 44 -1
92 45 -1
92 46 -1
92 47 -1
92 48 -1
92 49 -1
92 50 -1
92 51 -1
92 52 -1
92 53 -1
92 54 -1
92 55 -1
92 56 -1
92 57 -1
92 58 -1
92 59 -1
92 60 -1
92 61 -1
92 62 -1
92 63 -1
92 64 -1
92 65 15.0287
92 66 -1
92 67 -1
92 68 -1
92 69 -1
92 70 -1

93 0 -1
93 1 -1
93 2 -1
93 3 -1
93 4 -1
93 5 -1
93 6 -1
93 7 -1
93 8 -1
93 9 -1
93 10 -1
93 11 -1
93 12 -1
93 13 -1
93 14 -1
93 15 -1
93 16 -1
93 17 -1
93 18 -1
93 19 -1
93 20 -1
93 21 -1
93 22 -1
93 23 -1
93 24 -1
93 25 -1
93 26 -1
93 27 -1
93 28 -1
93 29 -1
93 30 -1
93 31 -1
93 32 -1
93 33 -1
93 34 -1
93 35 -1
93 36 -1
93 37 -1
93 38 -1
93 39 -1
93 40 -1
93 41 -1
93 42 -1
93 43 -1
93 44 -1
93 45 -1
93 46 -1
93 47 -1
93 48 -1
93 49 -1
93 50 -1
93 51 -1
93 52 -1
93 53 -1
93 54 -1
93 55 -1
93 56 -1
93 57 -1
93 58 -1
93 59 -1
93 60 -1
93 61 -1
93 62 -1
93 63 -1
93 64 -1
93 65 -1
93 66 11.8846
93 67 -1
93 68 -1
93 69 -1
93 70 -1

94 0 -1
94 1 -1
94 2 -1
94 3 -1
94 4 -1
94 5 -1
94 6 -1
94 7 -1
94 8 -1
94 9 -1
94 10 -1
94 11 -1
94 12 -1
94 13 -1
94 14 -1
94 15 -1
94 16 -1
94 17 -1
94 18 -1
94 19 -1
94 20 -1
94 21 -1
94 22 -1
94 23 -1
94 24 -1
94 25 -1
94 26 -1
94 27 -1
94 28 -1
94 29 -1
94 30 -1
94 31 -1
94 32 -1
94 33 -1
94 34 -1
94 35 -1
94 36 -1
94 37 -1
94 38 -1
94 39 -1
94 40 -1
94 41 -1
94 42 -1
94 43 -1
94 44 -1
94 45 -1
94 46 -1
94 47 -1
94 48 -1
94 49 -1
94 50 -1
94 51 -1
94 52 -1
94 53 -1
94 54 -1
94 55 -1
94 56 -1
94 57 -1
94 58 -1
94 59 -1
94 60 -1
94 61 -1
94 62 -1
94 63 -1
94 64 -1
94 65 -1
94 66 -1
94 67 8.43951
94 68 -1
94 69 -1
94 70 -1

95 0 -1
95 1 -1
95 2 -1
95 3 -1
95 4 -1
95 5 -1
95 6 -1
95 7 -1
95 8 -1
95 9 -1
95 10 -1
95 11 -1
95 12 -1
95 13 -1
95 14 -1
95 15 -1
95 16 -1
95 17 -1
95 18 -1
95 19 -1
95 20 -1
95 21 -1
95 22 -1
95 23 -1
95 24 -1
95 25 -1
95 26 -1
95 27 -1
95 28 -1
95 29 -1
95 30 -1
95 31 -1
95 32 -1
95 33 -1
95 34 -1
95 35 -1
95 36 -1
95 37 -1
95 38 -1
95 39 -1
95 40 -1
95 41 -1
95 42 -1
95 43 -1
95 44 -1
95 45 -1
95 46 -1
95 47 -1
95 48 -1
95 49 -1
95 50 -1
95 51 -1
95 52 -1
95 53 -1
95 54 -1
95 55 -1
95 56 -1
95 57 -1
95 58 -1
95 59 -1
95 60 -1
95 61 -1
95 62 -1
95 63 -1
95 64 -1
95 65 -1
95 66 -1
95 67 -1
95 68 4.56915
95 69 -1
95 70 -1

96 0 -1
96 1 -1
96 2 -1
96 3 -1
96 4 -1
96 5 -1
96 6 -1
96 7 -1
96 8 -1
96 9 -1
96 10 -1
96 11 -1
96 12 -1
96 13 -1
96 14 -1
96 15 -1
96 16 -1
96 17 -1
96 18 -1
96 19 -1
96 20 -1
96 21 -1
96 22 -1
96 23 -1
96 24 -1
96 25 -1
96 26 -1
96 27 -1
96 28 -1
96 29 -1
96 30 -1
96 31 -1
96 32 -1
96 33 -1
96 34 -1
96 35 -1
96 36 -1
96 37 -1
96 38 -1
96 39 -1
96 40 -1
96 41 -1
96 42 -1
96 43 -1
96 44 -1
96 45 -1
96 46 -1
96 47 -1
96 48 -1
96 49 -1
96 50 -1
96 51 -1
96 52 -1
96 53 -1
96 54 -1
96 55 -1
96 56 -1
96 57 -1
96 58 -1
96 59 -1
96 60 -1
96 61 -1
96 62 -1
96 63 -1
96 64 -1
96 65 -1
96 66 -1
96 67 -1
96 68 -1
96 69 0
96 70 -1

