0 0 -1
0 1 -1
0 2 -1
0 3 -1
0 4 -1
0 5 -1
0 6 -1
0 7 -1
0 8 -1
0 9 -1
0 10 -1
0 11 -1
0 12 -1
0 13 -1
0 14 -1
0 15 -1
0 16 -1
0 17 -1
0 18 -1
0 19 -1
0 20 -1
0 21 -1
0 22 -1
0 23 -1
0 24 -1
0 25 -1
0 26 -1
0 27 -1
0 28 -1
0 29 -1
0 30 -1
0 31 -1
0 32 -1
0 33 -1
0 34 -1
0 35 -1
0 36 -1
0 37 -1
0 38 -1

1 0 4.34342
1 1 -1
1 2 -1
1 3 -1
1 4 -1
1 5 -1
1 6 -1
1 7 -1
1 8 -1
1 9 -1
1 10 -1
1 11 -1
1 12 -1
1 13 -1
1 14 -1
1 15 -1
1 16 -1
1 17 -1
1 18 -1
1 19 -1
1 20 -1
1 21 -1
1 22 -1
1 23 -1
1 24 -1
1 25 -1
1 26 -1
1 27 -1
1 28 -1
1 29 -1
1 30 -1
1 31 -1
1 32 -1
1 33 -1
1 34 -1
1 35 -1
1 36 -1
1 37 -1
1 38 -1

2 0 5.98834
2 1 -1
2 2 -1
2 3 -1
2 4 -1
2 5 -1
2 6 -1
2 7 -1
2 8 -1
2 9 -1
2 10 -1
2 11 -1
2 12 -1
2 13 -1
2 14 -1
2 15 -1
2 16 -1
2 17 -1
2 18 -1
2 19 -1
2 20 -1
2 21 -1
2 22 -1
2 23 -1
2 24 -1
2 25 -1
2 26 -1
2 27 -1
2 28 -1
2 29 -1
2 30 -1
2 31 -1
2 32 -1
2 33 -1
2 34 -1
2 35 -1
2 36 -1
2 37 -1
2 38 -1

3 0 7.49244
3 1 -1
3 2 -1
3 3 -1
3 4 -1
3 5 -1
3 6 -1
3 7 -1
3 8 -1
3 9 -1
3 10 -1
3 11 -1
3 12 -1
3 13 -1
3 14 -1
3 15 -1
3 16 -1
3 17 -1
3 18 -1
3 19 -1
3 20 -1
3 21 -1
3 22 -1
3 23 -1
3 24 -1
3 25 -1
3 26 -1
3 27 -1
3 28 -1
3 29 -1
3 30 -1
3 31 -1
3 32 -1
3 33 -1
3 34 -1
3 35 -1
3 36 -1
3 37 -1
3 38 -1

4 0 9.08691
4 1 -1
4 2 -1
4 3 -1
4 4 -1
4 5 -1
4 6 -1
4 7 -1
4 8 -1
4 9 -1
4 10 -1
4 11 -1
4 12 -1
4 13 -1
4 14 -1
4 15 -1
4 16 -1
4 17 -1
4 18 -1
4 19 -1
4 20 -1
4 21 -1
4 22 -1
4 23 -1
4 24 -1
4 25 -1
4 26 -1
4 27 -1
4 28 -1
4 29 -1
4 30 -1
4 31 -1
4 32 -1
4 33 -1
4 34 -1
4 35 -1
4 36 -1
4 37 -1
4 38 -1

5 0 10.5261
5 1 -1
5 2 -1
5 3 -1
5 4 -1
5 5 -1
5 6 -1
5 7 -1
5 8 -1
5 9 -1
5 10 -1
5 11 -1
5 12 -1
5 13 -1
5 14 -1
5 15 -1
5 16 -1
5 17 -1
5 18 -1
5 19 -1
5 20 -1
5 21 -1
5 22 -1
5 23 -1
5 24 -1
5 25 -1
5 26 -1
5 27 -1
5 28 -1
5 29 -1
5 30 -1
5 31 -1
5 32 -1
5 33 -1
5 34 -1
5 35 -1
5 36 -1
5 37 -1
5 38 -1

6 0 12.027
6 1 8.74166
6 2 -1
6 3 -1
6 4 -1
6 5 -1
6 6 -1
6 7 -1
6 8 -1
6 9 -1
6 10 -1
6 11 -1
6 12 -1
6 13 -1
6 14 -1
6 15 -1
6 16 -1
6 17 -1
6 18 -1
6 19 -1
6 20 -1
6 21 -1
6 22 -1
6 23 -1
6 24 -1
6 25 -1
6 26 -1
6 27 -1
6 28 -1
6 29 -1
6 30 -1
6 31 -1
6 32 -1
6 33 -1
6 34 -1
6 35 -1
6 36 -1
6 37 -1
6 38 -1

7 0 13.3453
7 1 10.3577
7 2 -1
7 3 -1
7 4 -1
7 5 -1
7 6 -1
7 7 -1
7 8 -1
7 9 -1
7 10 -1
7 11 -1
7 12 -1
7 13 -1
7 14 -1
7 15 -1
7 16 -1
7 17 -1
7 18 -1
7 19 -1
7 20 -1
7 21 -1
7 22 -1
7 23 -1
7 24 -1
7 25 -1
7 26 -1
7 27 -1
7 28 -1
7 29 -1
7 30 -1
7 31 -1
7 32 -1
7 33 -1
7 34 -1
7 35 -1
7 36 -1
7 37 -1
7 38 -1

8 0 14.7081
8 1 11.7999
8 2 -1
8 3 -1
8 4 -1
8 5 -1
8 6 -1
8 7 -1
8 8 -1
8 9 -1
8 10 -1
8 11 -1
8 12 -1
8 13 -1
8 14 -1
8 15 -1
8 16 -1
8 17 -1
8 18 -1
8 19 -1
8 20 -1
8 21 -1
8 22 -1
8 23 -1
8 24 -1
8 25 -1
8 26 -1
8 27 -1
8 28 -1
8 29 -1
8 30 -1
8 31 -1
8 32 -1
8 33 -1
8 34 -1
8 35 -1
8 36 -1
8 37 -1
8 38 -1

9 0 16.0186
9 1 13.1848
9 2 -1
9 3 -1
9 4 -1
9 5 -1
9 6 -1
9 7 -1
9 8 -1
9 9 -1
9 10 -1
9 11 -1
9 12 -1
9 13 -1
9 14 -1
9 15 -1
9 16 -1
9 17 -1
9 18 -1
9 19 -1
9 20 -1
9 21 -1
9 22 -1
9 23 -1
9 24 -1
9 25 -1
9 26 -1
9 27 -1
9 28 -1
9 29 -1
9 30 -1
9 31 -1
9 32 -1
9 33 -1
9 34 -1
9 35 -1
9 36 -1
9 37 -1
9 38 -1

10 0 17.28
10 1 14.5168
10 2 11.5926
10 3 -1
10 4 -1
10 5 -1
10 6 -1
10 7 -1
10 8 -1
10 9 -1
10 10 -1
10 11 -1
10 12 -1
10 13 -1
10 14 -1
10 15 -1
10 16 -1
10 17 -1
10 18 -1
10 19 -1
10 20 -1
10 21 -1
10 22 -1
10 23 -1
10 24 -1
10 25 -1
10 26 -1
10 27 -1
10 28 -1
10 29 -1
10 30 -1
10 31 -1
10 32 -1
10 33 -1
10 34 -1
10 35 -1
10 36 -1
10 37 -1
10 38 -1

11 0 18.4953
11 1 15.836
11 2 12.9344
11 3 -1
11 4 -1
11 5 -1
11 6 -1
11 7 -1
11 8 -1
11 9 -1
11 10 -1
11 11 -1
11 12 -1
11 13 -1
11 14 -1
11 15 -1
11 16 -1
11 17 -1
11 18 -1
11 19 -1
11 20 -1
11 21 -1
11 22 -1
11 23 -1
11 24 -1
11 25 -1
11 26 -1
11 27 -1
11 28 -1
11 29 -1
11 30 -1
11 31 -1
11 32 -1
11 33 -1
11 34 -1
11 35 -1
11 36 -1
11 37 -1
11 38 -1

12 0 19.815
12 1 17.0526
12 2 14.2282
12 3 11.6965
12 4 -1
12 5 -1
12 6 -1
12 7 -1
12 8 -1
12 9 -1
12 10 -1
12 11 -1
12 12 -1
12 13 -1
12 14 -1
12 15 -1
12 16 -1
12 17 -1
12 18 -1
12 19 -1
12 20 -1
12 21 -1
12 22 -1
12 23 -1
12 24 -1
12 25 -1
12 26 -1
12 27 -1
12 28 -1
12 29 -1
12 30 -1
12 31 -1
12 32 -1
12 33 -1
12 34 -1
12 35 -1
12 36 -1
12 37 -1
12 38 -1

13 0 20.9544
13 1 18.2769
13 2 15.5629
13 3 13.0534
13 4 -1
13 5 -1
13 6 -1
13 7 -1
13 8 -1
13 9 -1
13 10 -1
13 11 -1
13 12 -1
13 13 -1
13 14 -1
13 15 -1
13 16 -1
13 17 -1
13 18 -1
13 19 -1
13 20 -1
13 21 -1
13 22 -1
13 23 -1
13 24 -1
13 25 -1
13 26 -1
13 27 -1
13 28 -1
13 29 -1
13 30 -1
13 31 -1
13 32 -1
13 33 -1
13 34 -1
13 35 -1
13 36 -1
13 37 -1
13 38 -1

14 0 22.2068
14 1 19.4581
14 2 16.6922
14 3 14.2787
14 4 -1
14 5 -1
14 6 -1
14 7 -1
14 8 -1
14 9 -1
14 10 -1
14 11 -1
14 12 -1
14 13 -1
14 14 -1
14 15 -1
14 16 -1
14 17 -1
14 18 -1
14 19 -1
14 20 -1
14 21 -1
14 22 -1
14 23 -1
14 24 -1
14 25 -1
14 26 -1
14 27 -1
14 28 -1
14 29 -1
14 30 -1
14 31 -1
14 32 -1
14 33 -1
14 34 -1
14 35 -1
14 36 -1
14 37 -1
14 38 -1

15 0 23.4215
15 1 20.6553
15 2 17.9078
15 3 15.3698
15 4 -1
15 5 -1
15 6 -1
15 7 -1
15 8 -1
15 9 -1
15 10 -1
15 11 -1
15 12 -1
15 13 -1
15 14 -1
15 15 -1
15 16 -1
15 17 -1
15 18 -1
15 19 -1
15 20 -1
15 21 -1
15 22 -1
15 23 -1
15 24 -1
15 25 -1
15 26 -1
15 27 -1
15 28 -1
15 29 -1
15 30 -1
15 31 -1
15 32 -1
15 33 -1
15 34 -1
15 35 -1
15 36 -1
15 37 -1
15 38 -1

16 0 24.6941
16 1 21.8784
16 2 19.1591
16 3 16.4544
16 4 13.5359
16 5 -1
16 6 -1
16 7 -1
16 8 -1
16 9 -1
16 10 -1
16 11 -1
16 12 -1
16 13 -1
16 14 -1
16 15 -1
16 16 -1
16 17 -1
16 18 -1
16 19 -1
16 20 -1
16 21 -1
16 22 -1
16 23 -1
16 24 -1
16 25 -1
16 26 -1
16 27 -1
16 28 -1
16 29 -1
16 30 -1
16 31 -1
16 32 -1
16 33 -1
16 34 -1
16 35 -1
16 36 -1
16 37 -1
16 38 -1

17 0 25.8278
17 1 23.0551
17 2 20.2552
17 3 17.5604
17 4 14.8151
17 5 -1
17 6 -1
17 7 -1
17 8 -1
17 9 -1
17 10 -1
17 11 -1
17 12 -1
17 13 -1
17 14 -1
17 15 -1
17 16 -1
17 17 -1
17 18 -1
17 19 -1
17 20 -1
17 21 -1
17 22 -1
17 23 -1
17 24 -1
17 25 -1
17 26 -1
17 27 -1
17 28 -1
17 29 -1
17 30 -1
17 31 -1
17 32 -1
17 33 -1
17 34 -1
17 35 -1
17 36 -1
17 37 -1
17 38 -1

18 0 26.9586
18 1 24.1576
18 2 21.4271
18 3 18.6955
18 4 15.9329
18 5 13.5183
18 6 -1
18 7 -1
18 8 -1
18 9 -1
18 10 -1
18 11 -1
18 12 -1
18 13 -1
18 14 -1
18 15 -1
18 16 -1
18 17 -1
18 18 -1
18 19 -1
18 20 -1
18 21 -1
18 22 -1
18 23 -1
18 24 -1
18 25 -1
18 26 -1
18 27 -1
18 28 -1
18 29 -1
18 30 -1
18 31 -1
18 32 -1
18 33 -1
18 34 -1
18 35 -1
18 36 -1
18 37 -1
18 38 -1

19 0 28.0862
19 1 25.2926
19 2 22.5229
19 3 19.8242
19 4 17.1415
19 5 14.6296
19 6 -1
19 7 -1
19 8 -1
19 9 -1
19 10 -1
19 11 -1
19 12 -1
19 13 -1
19 14 -1
19 15 -1
19 16 -1
19 17 -1
19 18 -1
19 19 -1
19 20 -1
19 21 -1
19 22 -1
19 23 -1
19 24 -1
19 25 -1
19 26 -1
19 27 -1
19 28 -1
19 29 -1
19 30 -1
19 31 -1
19 32 -1
19 33 -1
19 34 -1
19 35 -1
19 36 -1
19 37 -1
19 38 -1

20 0 29.1463
20 1 26.4634
20 2 23.6263
20 3 20.9897
20 4 18.2419
20 5 15.659
20 6 -1
20 7 -1
20 8 -1
20 9 -1
20 10 -1
20 11 -1
20 12 -1
20 13 -1
20 14 -1
20 15 -1
20 16 -1
20 17 -1
20 18 -1
20 19 -1
20 20 -1
20 21 -1
20 22 -1
20 23 -1
20 24 -1
20 25 -1
20 26 -1
20 27 -1
20 28 -1
20 29 -1
20 30 -1
20 31 -1
20 32 -1
20 33 -1
20 34 -1
20 35 -1
20 36 -1
20 37 -1
20 38 -1

21 0 30.3018
21 1 27.6368
21 2 24.7577
21 3 22.0338
21 4 19.2906
21 5 16.6332
21 6 -1
21 7 -1
21 8 -1
21 9 -1
21 10 -1
21 11 -1
21 12 -1
21 13 -1
21 14 -1
21 15 -1
21 16 -1
21 17 -1
21 18 -1
21 19 -1
21 20 -1
21 21 -1
21 22 -1
21 23 -1
21 24 -1
21 25 -1
21 26 -1
21 27 -1
21 28 -1
21 29 -1
21 30 -1
21 31 -1
21 32 -1
21 33 -1
21 34 -1
21 35 -1
21 36 -1
21 37 -1
21 38 -1

22 0 31.4551
22 1 28.763
22 2 26.0093
22 3 23.129
22 4 20.4121
22 5 17.673
22 6 14.658
22 7 -1
22 8 -1
22 9 -1
22 10 -1
22 11 -1
22 12 -1
22 13 -1
22 14 -1
22 15 -1
22 16 -1
22 17 -1
22 18 -1
22 19 -1
22 20 -1
22 21 -1
22 22 -1
22 23 -1
22 24 -1
22 25 -1
22 26 -1
22 27 -1
22 28 -1
22 29 -1
22 30 -1
22 31 -1
22 32 -1
22 33 -1
22 34 -1
22 35 -1
22 36 -1
22 37 -1
22 38 -1

23 0 32.4136
23 1 29.8745
23 2 27.0767
23 3 24.3142
23 4 21.5305
23 5 18.7637
23 6 15.8609
23 7 -1
23 8 -1
23 9 -1
23 10 -1
23 11 -1
23 12 -1
23 13 -1
23 14 -1
23 15 -1
23 16 -1
23 17 -1
23 18 -1
23 19 -1
23 20 -1
23 21 -1
23 22 -1
23 23 -1
23 24 -1
23 25 -1
23 26 -1
23 27 -1
23 28 -1
23 29 -1
23 30 -1
23 31 -1
23 32 -1
23 33 -1
23 34 -1
23 35 -1
23 36 -1
23 37 -1
23 38 -1

24 0 33.4876
24 1 30.8624
24 2 28.1905
24 3 25.3564
24 4 22.5925
24 5 19.8402
24 6 17.0134
24 7 14.279
24 8 -1
24 9 -1
24 10 -1
24 11 -1
24 12 -1
24 13 -1
24 14 -1
24 15 -1
24 16 -1
24 17 -1
24 18 -1
24 19 -1
24 20 -1
24 21 -1
24 22 -1
24 23 -1
24 24 -1
24 25 -1
24 26 -1
24 27 -1
24 28 -1
24 29 -1
24 30 -1
24 31 -1
24 32 -1
24 33 -1
24 34 -1
24 35 -1
24 36 -1
24 37 -1
24 38 -1

25 0 34.524
25 1 32.0265
25 2 29.2442
25 3 26.5109
25 4 23.7698
25 5 20.8796
25 6 18.0876
25 7 15.4136
25 8 -1
25 9 -1
25 10 -1
25 11 -1
25 12 -1
25 13 -1
25 14 -1
25 15 -1
25 16 -1
25 17 -1
25 18 -1
25 19 -1
25 20 -1
25 21 -1
25 22 -1
25 23 -1
25 24 -1
25 25 -1
25 26 -1
25 27 -1
25 28 -1
25 29 -1
25 30 -1
25 31 -1
25 32 -1
25 33 -1
25 34 -1
25 35 -1
25 36 -1
25 37 -1
25 38 -1

26 0 35.3552
26 1 32.9771
26 2 30.4219
26 3 27.6162
26 4 24.8072
26 5 21.9745
26 6 19.2349
26 7 16.3904
26 8 -1
26 9 -1
26 10 -1
26 11 -1
26 12 -1
26 13 -1
26 14 -1
26 15 -1
26 16 -1
26 17 -1
26 18 -1
26 19 -1
26 20 -1
26 21 -1
26 22 -1
26 23 -1
26 24 -1
26 25 -1
26 26 -1
26 27 -1
26 28 -1
26 29 -1
26 30 -1
26 31 -1
26 32 -1
26 33 -1
26 34 -1
26 35 -1
26 36 -1
26 37 -1
26 38 -1

27 0 36.2844
27 1 33.941
27 2 31.4668
27 3 28.597
27 4 25.9169
27 5 23.0672
27 6 20.2276
27 7 17.3733
27 8 -1
27 9 -1
27 10 -1
27 11 -1
27 12 -1
27 13 -1
27 14 -1
27 15 -1
27 16 -1
27 17 -1
27 18 -1
27 19 -1
27 20 -1
27 21 -1
27 22 -1
27 23 -1
27 24 -1
27 25 -1
27 26 -1
27 27 -1
27 28 -1
27 29 -1
27 30 -1
27 31 -1
27 32 -1
27 33 -1
27 34 -1
27 35 -1
27 36 -1
27 37 -1
27 38 -1

28 0 37.2087
28 1 34.893
28 2 32.4072
28 3 29.7582
28 4 26.978
28 5 24.1934
28 6 21.2881
28 7 18.5171
28 8 15.3289
28 9 -1
28 10 -1
28 11 -1
28 12 -1
28 13 -1
28 14 -1
28 15 -1
28 16 -1
28 17 -1
28 18 -1
28 19 -1
28 20 -1
28 21 -1
28 22 -1
28 23 -1
28 24 -1
28 25 -1
28 26 -1
28 27 -1
28 28 -1
28 29 -1
28 30 -1
28 31 -1
28 32 -1
28 33 -1
28 34 -1
28 35 -1
28 36 -1
28 37 -1
28 38 -1

29 0 38.1629
29 1 35.9366
29 2 33.365
29 3 30.7281
29 4 28.1452
29 5 25.3373
29 6 22.4123
29 7 19.5885
29 8 16.5111
29 9 -1
29 10 -1
29 11 -1
29 12 -1
29 13 -1
29 14 -1
29 15 -1
29 16 -1
29 17 -1
29 18 -1
29 19 -1
29 20 -1
29 21 -1
29 22 -1
29 23 -1
29 24 -1
29 25 -1
29 26 -1
29 27 -1
29 28 -1
29 29 -1
29 30 -1
29 31 -1
29 32 -1
29 33 -1
29 34 -1
29 35 -1
29 36 -1
29 37 -1
29 38 -1

30 0 39.0037
30 1 36.7545
30 2 34.4839
30 3 31.9149
30 4 29.1112
30 5 26.394
30 6 23.5431
30 7 20.6151
30 8 17.6782
30 9 14
30 10 -1
30 11 -1
30 12 -1
30 13 -1
30 14 -1
30 15 -1
30 16 -1
30 17 -1
30 18 -1
30 19 -1
30 20 -1
30 21 -1
30 22 -1
30 23 -1
30 24 -1
30 25 -1
30 26 -1
30 27 -1
30 28 -1
30 29 -1
30 30 -1
30 31 -1
30 32 -1
30 33 -1
30 34 -1
30 35 -1
30 36 -1
30 37 -1
30 38 -1

31 0 39.8164
31 1 37.6543
31 2 35.3503
31 3 32.9189
31 4 30.2257
31 5 27.3394
31 6 24.6378
31 7 21.7697
31 8 18.7419
31 9 15.4062
31 10 -1
31 11 -1
31 12 -1
31 13 -1
31 14 -1
31 15 -1
31 16 -1
31 17 -1
31 18 -1
31 19 -1
31 20 -1
31 21 -1
31 22 -1
31 23 -1
31 24 -1
31 25 -1
31 26 -1
31 27 -1
31 28 -1
31 29 -1
31 30 -1
31 31 -1
31 32 -1
31 33 -1
31 34 -1
31 35 -1
31 36 -1
31 37 -1
31 38 -1

32 0 40.5041
32 1 38.3629
32 2 36.2458
32 3 33.8182
32 4 31.278
32 5 28.5873
32 6 25.8053
32 7 22.8734
32 8 20.0167
32 9 16.7191
32 10 -1
32 11 -1
32 12 -1
32 13 -1
32 14 -1
32 15 -1
32 16 -1
32 17 -1
32 18 -1
32 19 -1
32 20 -1
32 21 -1
32 22 -1
32 23 -1
32 24 -1
32 25 -1
32 26 -1
32 27 -1
32 28 -1
32 29 -1
32 30 -1
32 31 -1
32 32 -1
32 33 -1
32 34 -1
32 35 -1
32 36 -1
32 37 -1
32 38 -1

33 0 41.3286
33 1 39.2799
33 2 37.1236
33 3 34.6892
33 4 32.2284
33 5 29.5669
33 6 26.7662
33 7 23.9586
33 8 21.0873
33 9 18.0841
33 10 15.5385
33 11 -1
33 12 -1
33 13 -1
33 14 -1
33 15 -1
33 16 -1
33 17 -1
33 18 -1
33 19 -1
33 20 -1
33 21 -1
33 22 -1
33 23 -1
33 24 -1
33 25 -1
33 26 -1
33 27 -1
33 28 -1
33 29 -1
33 30 -1
33 31 -1
33 32 -1
33 33 -1
33 34 -1
33 35 -1
33 36 -1
33 37 -1
33 38 -1

34 0 41.9494
34 1 40.0227
34 2 37.9034
34 3 35.5767
34 4 33.2629
34 5 30.5792
34 6 27.9265
34 7 25.0325
34 8 22.1668
34 9 19.2006
34 10 16.261
34 11 -1
34 12 -1
34 13 -1
34 14 -1
34 15 -1
34 16 -1
34 17 -1
34 18 -1
34 19 -1
34 20 -1
34 21 -1
34 22 -1
34 23 -1
34 24 -1
34 25 -1
34 26 -1
34 27 -1
34 28 -1
34 29 -1
34 30 -1
34 31 -1
34 32 -1
34 33 -1
34 34 -1
34 35 -1
34 36 -1
34 37 -1
34 38 -1

35 0 42.7727
35 1 40.6935
35 2 38.729
35 3 36.5154
35 4 34.2135
35 5 31.5099
35 6 28.7418
35 7 26.1141
35 8 23.2198
35 9 20.4016
35 10 17.4857
35 11 -1
35 12 -1
35 13 -1
35 14 -1
35 15 -1
35 16 -1
35 17 -1
35 18 -1
35 19 -1
35 20 -1
35 21 -1
35 22 -1
35 23 -1
35 24 -1
35 25 -1
35 26 -1
35 27 -1
35 28 -1
35 29 -1
35 30 -1
35 31 -1
35 32 -1
35 33 -1
35 34 -1
35 35 -1
35 36 -1
35 37 -1
35 38 -1

36 0 43.2766
36 1 41.3827
36 2 39.3186
36 3 37.2125
36 4 34.981
36 5 32.6448
36 6 29.9064
36 7 27.1098
36 8 24.5103
36 9 21.4213
36 10 18.689
36 11 -1
36 12 -1
36 13 -1
36 14 -1
36 15 -1
36 16 -1
36 17 -1
36 18 -1
36 19 -1
36 20 -1
36 21 -1
36 22 -1
36 23 -1
36 24 -1
36 25 -1
36 26 -1
36 27 -1
36 28 -1
36 29 -1
36 30 -1
36 31 -1
36 32 -1
36 33 -1
36 34 -1
36 35 -1
36 36 -1
36 37 -1
36 38 -1

37 0 43.8795
37 1 42.067
37 2 40.0891
37 3 38.1251
37 4 35.8248
37 5 33.4321
37 6 30.8907
37 7 28.1564
37 8 25.2747
37 9 22.5238
37 10 19.7149
37 11 17.0901
37 12 -1
37 13 -1
37 14 -1
37 15 -1
37 16 -1
37 17 -1
37 18 -1
37 19 -1
37 20 -1
37 21 -1
37 22 -1
37 23 -1
37 24 -1
37 25 -1
37 26 -1
37 27 -1
37 28 -1
37 29 -1
37 30 -1
37 31 -1
37 32 -1
37 33 -1
37 34 -1
37 35 -1
37 36 -1
37 37 -1
37 38 -1

38 0 44.4044
38 1 42.6437
38 2 40.7823
38 3 38.7455
38 4 36.5906
38 5 34.3279
38 6 31.8909
38 7 29.2153
38 8 26.3997
38 9 23.624
38 10 20.7878
38 11 18.0283
38 12 -1
38 13 -1
38 14 -1
38 15 -1
38 16 -1
38 17 -1
38 18 -1
38 19 -1
38 20 -1
38 21 -1
38 22 -1
38 23 -1
38 24 -1
38 25 -1
38 26 -1
38 27 -1
38 28 -1
38 29 -1
38 30 -1
38 31 -1
38 32 -1
38 33 -1
38 34 -1
38 35 -1
38 36 -1
38 37 -1
38 38 -1

39 0 44.9503
39 1 43.3055
39 2 41.4334
39 3 39.4947
39 4 37.4601
39 5 35.1734
39 6 32.7207
39 7 30.2116
39 8 27.4279
39 9 24.644
39 10 21.9549
39 11 19.1169
39 12 16.8282
39 13 -1
39 14 -1
39 15 -1
39 16 -1
39 17 -1
39 18 -1
39 19 -1
39 20 -1
39 21 -1
39 22 -1
39 23 -1
39 24 -1
39 25 -1
39 26 -1
39 27 -1
39 28 -1
39 29 -1
39 30 -1
39 31 -1
39 32 -1
39 33 -1
39 34 -1
39 35 -1
39 36 -1
39 37 -1
39 38 -1

40 0 45.447
40 1 43.7081
40 2 41.9836
40 3 40.0841
40 4 38.0889
40 5 35.9993
40 6 33.6636
40 7 31.1351
40 8 28.5233
40 9 25.6892
40 10 22.8626
40 11 20.0818
40 12 17.2863
40 13 -1
40 14 -1
40 15 -1
40 16 -1
40 17 -1
40 18 -1
40 19 -1
40 20 -1
40 21 -1
40 22 -1
40 23 -1
40 24 -1
40 25 -1
40 26 -1
40 27 -1
40 28 -1
40 29 -1
40 30 -1
40 31 -1
40 32 -1
40 33 -1
40 34 -1
40 35 -1
40 36 -1
40 37 -1
40 38 -1

41 0 45.7887
41 1 44.3148
41 2 42.6415
41 3 40.8767
41 4 38.7832
41 5 36.7342
41 6 34.5214
41 7 31.954
41 8 29.3314
41 9 26.7794
41 10 23.8805
41 11 21.0758
41 12 18.1915
41 13 -1
41 14 -1
41 15 -1
41 16 -1
41 17 -1
41 18 -1
41 19 -1
41 20 -1
41 21 -1
41 22 -1
41 23 -1
41 24 -1
41 25 -1
41 26 -1
41 27 -1
41 28 -1
41 29 -1
41 30 -1
41 31 -1
41 32 -1
41 33 -1
41 34 -1
41 35 -1
41 36 -1
41 37 -1
41 38 -1

42 0 46.3264
42 1 44.5931
42 2 43.0419
42 3 41.2101
42 4 39.5363
42 5 37.4008
42 6 35.2995
42 7 32.919
42 8 30.408
42 9 27.7512
42 10 24.8727
42 11 22.0607
42 12 19.1746
42 13 14.7677
42 14 -1
42 15 -1
42 16 -1
42 17 -1
42 18 -1
42 19 -1
42 20 -1
42 21 -1
42 22 -1
42 23 -1
42 24 -1
42 25 -1
42 26 -1
42 27 -1
42 28 -1
42 29 -1
42 30 -1
42 31 -1
42 32 -1
42 33 -1
42 34 -1
42 35 -1
42 36 -1
42 37 -1
42 38 -1

43 0 46.5877
43 1 45.1168
43 2 43.5285
43 3 41.8608
43 4 39.993
43 5 38.0629
43 6 36.0186
43 7 33.7748
43 8 31.2533
43 9 28.6645
43 10 25.98
43 11 23.0362
43 12 20.2249
43 13 17.0887
43 14 -1
43 15 -1
43 16 -1
43 17 -1
43 18 -1
43 19 -1
43 20 -1
43 21 -1
43 22 -1
43 23 -1
43 24 -1
43 25 -1
43 26 -1
43 27 -1
43 28 -1
43 29 -1
43 30 -1
43 31 -1
43 32 -1
43 33 -1
43 34 -1
43 35 -1
43 36 -1
43 37 -1
43 38 -1

44 0 47.0623
44 1 45.4881
44 2 43.9605
44 3 42.3831
44 4 40.6525
44 5 38.7289
44 6 36.6593
44 7 34.5824
44 8 32.2016
44 9 29.5661
44 10 26.9806
44 11 24.1522
44 12 21.1654
44 13 18.3597
44 14 -1
44 15 -1
44 16 -1
44 17 -1
44 18 -1
44 19 -1
44 20 -1
44 21 -1
44 22 -1
44 23 -1
44 24 -1
44 25 -1
44 26 -1
44 27 -1
44 28 -1
44 29 -1
44 30 -1
44 31 -1
44 32 -1
44 33 -1
44 34 -1
44 35 -1
44 36 -1
44 37 -1
44 38 -1

45 0 47.4027
45 1 45.931
45 2 44.3544
45 3 42.784
45 4 41.059
45 5 39.3546
45 6 37.4506
45 7 35.3153
45 8 32.9305
45 9 30.6539
45 10 27.9966
45 11 25.0691
45 12 22.2968
45 13 19.347
45 14 17.207
45 15 -1
45 16 -1
45 17 -1
45 18 -1
45 19 -1
45 20 -1
45 21 -1
45 22 -1
45 23 -1
45 24 -1
45 25 -1
45 26 -1
45 27 -1
45 28 -1
45 29 -1
45 30 -1
45 31 -1
45 32 -1
45 33 -1
45 34 -1
45 35 -1
45 36 -1
45 37 -1
45 38 -1

46 0 47.594
46 1 46.1199
46 2 44.7621
46 3 43.2311
46 4 41.636
46 5 39.9294
46 6 37.9579
46 7 36.0722
46 8 33.8026
46 9 31.4477
46 10 28.7974
46 11 26.0895
46 12 23.2429
46 13 20.3332
46 14 17.2723
46 15 -1
46 16 -1
46 17 -1
46 18 -1
46 19 -1
46 20 -1
46 21 -1
46 22 -1
46 23 -1
46 24 -1
46 25 -1
46 26 -1
46 27 -1
46 28 -1
46 29 -1
46 30 -1
46 31 -1
46 32 -1
46 33 -1
46 34 -1
46 35 -1
46 36 -1
46 37 -1
46 38 -1

47 0 47.832
47 1 46.5421
47 2 45.0928
47 3 43.5945
47 4 41.9942
47 5 40.3319
47 6 38.5386
47 7 36.7158
47 8 34.6845
47 9 32.2672
47 10 29.8231
47 11 27.1164
47 12 24.2646
47 13 21.3729
47 14 18.173
47 15 -1
47 16 -1
47 17 -1
47 18 -1
47 19 -1
47 20 -1
47 21 -1
47 22 -1
47 23 -1
47 24 -1
47 25 -1
47 26 -1
47 27 -1
47 28 -1
47 29 -1
47 30 -1
47 31 -1
47 32 -1
47 33 -1
47 34 -1
47 35 -1
47 36 -1
47 37 -1
47 38 -1

48 0 48.1774
48 1 46.7607
48 2 45.4491
48 3 43.926
48 4 42.4285
48 5 40.8201
48 6 39.1266
48 7 37.3652
48 8 35.219
48 9 33.029
48 10 30.6823
48 11 28.0261
48 12 25.2705
48 13 22.3511
48 14 19.3314
48 15 15.3232
48 16 -1
48 17 -1
48 18 -1
48 19 -1
48 20 -1
48 21 -1
48 22 -1
48 23 -1
48 24 -1
48 25 -1
48 26 -1
48 27 -1
48 28 -1
48 29 -1
48 30 -1
48 31 -1
48 32 -1
48 33 -1
48 34 -1
48 35 -1
48 36 -1
48 37 -1
48 38 -1

49 0 48.1796
49 1 46.9921
49 2 45.6248
49 3 44.2448
49 4 42.8475
49 5 41.2529
49 6 39.6811
49 7 37.832
49 8 35.8453
49 9 33.7057
49 10 31.4533
49 11 28.9086
49 12 26.222
49 13 23.369
49 14 20.3369
49 15 17.0964
49 16 -1
49 17 -1
49 18 -1
49 19 -1
49 20 -1
49 21 -1
49 22 -1
49 23 -1
49 24 -1
49 25 -1
49 26 -1
49 27 -1
49 28 -1
49 29 -1
49 30 -1
49 31 -1
49 32 -1
49 33 -1
49 34 -1
49 35 -1
49 36 -1
49 37 -1
49 38 -1

50 0 48.4305
50 1 47.1855
50 2 45.7991
50 3 44.5778
50 4 43.1569
50 5 41.583
50 6 40.0115
50 7 38.3582
50 8 36.533
50 9 34.4732
50 10 32.3152
50 11 29.8734
50 12 27.1903
50 13 24.2581
50 14 21.3348
50 15 18.2253
50 16 -1
50 17 -1
50 18 -1
50 19 -1
50 20 -1
50 21 -1
50 22 -1
50 23 -1
50 24 -1
50 25 -1
50 26 -1
50 27 -1
50 28 -1
50 29 -1
50 30 -1
50 31 -1
50 32 -1
50 33 -1
50 34 -1
50 35 -1
50 36 -1
50 37 -1
50 38 -1

51 0 48.6214
51 1 47.4112
51 2 46.1665
51 3 44.7372
51 4 43.3561
51 5 41.973
51 6 40.4035
51 7 38.7234
51 8 37.037
51 9 35.0113
51 10 32.9813
51 11 30.655
51 12 28.0551
51 13 25.3979
51 14 22.4002
51 15 19.2528
51 16 16.2892
51 17 -1
51 18 -1
51 19 -1
51 20 -1
51 21 -1
51 22 -1
51 23 -1
51 24 -1
51 25 -1
51 26 -1
51 27 -1
51 28 -1
51 29 -1
51 30 -1
51 31 -1
51 32 -1
51 33 -1
51 34 -1
51 35 -1
51 36 -1
51 37 -1
51 38 -1

52 0 48.7183
52 1 47.5284
52 2 46.2978
52 3 44.994
52 4 43.775
52 5 42.2799
52 6 40.78
52 7 39.2513
52 8 37.416
52 9 35.5938
52 10 33.6903
52 11 31.4126
52 12 29.04
52 13 26.3517
52 14 23.4899
52 15 20.2745
52 16 17.0014
52 17 -1
52 18 -1
52 19 -1
52 20 -1
52 21 -1
52 22 -1
52 23 -1
52 24 -1
52 25 -1
52 26 -1
52 27 -1
52 28 -1
52 29 -1
52 30 -1
52 31 -1
52 32 -1
52 33 -1
52 34 -1
52 35 -1
52 36 -1
52 37 -1
52 38 -1

53 0 48.6897
53 1 47.5753
53 2 46.4287
53 3 45.2651
53 4 43.8397
53 5 42.4516
53 6 41.1152
53 7 39.5685
53 8 38.0232
53 9 36.1534
53 10 34.3385
53 11 32.1298
53 12 29.8401
53 13 27.2593
53 14 24.4541
53 15 21.476
53 16 18.1303
53 17 -1
53 18 -1
53 19 -1
53 20 -1
53 21 -1
53 22 -1
53 23 -1
53 24 -1
53 25 -1
53 26 -1
53 27 -1
53 28 -1
53 29 -1
53 30 -1
53 31 -1
53 32 -1
53 33 -1
53 34 -1
53 35 -1
53 36 -1
53 37 -1
53 38 -1

54 0 48.775
54 1 47.6648
54 2 46.4526
54 3 45.3985
54 4 44.181
54 5 42.7606
54 6 41.3066
54 7 39.9357
54 8 38.3591
54 9 36.7023
54 10 34.9072
54 11 32.9394
54 12 30.645
54 13 28.181
54 14 25.5026
54 15 22.468
54 16 19.2261
54 17 15.794
54 18 -1
54 19 -1
54 20 -1
54 21 -1
54 22 -1
54 23 -1
54 24 -1
54 25 -1
54 26 -1
54 27 -1
54 28 -1
54 29 -1
54 30 -1
54 31 -1
54 32 -1
54 33 -1
54 34 -1
54 35 -1
54 36 -1
54 37 -1
54 38 -1

55 0 48.7436
55 1 47.7465
55 2 46.5939
55 3 45.4737
55 4 44.2032
55 5 42.9105
55 6 41.6253
55 7 40.2009
55 8 38.6384
55 9 37.1652
55 10 35.2919
55 11 33.3884
55 12 31.1985
55 13 29.1001
55 14 26.4028
55 15 23.602
55 16 20.4316
55 17 16.7594
55 18 -1
55 19 -1
55 20 -1
55 21 -1
55 22 -1
55 23 -1
55 24 -1
55 25 -1
55 26 -1
55 27 -1
55 28 -1
55 29 -1
55 30 -1
55 31 -1
55 32 -1
55 33 -1
55 34 -1
55 35 -1
55 36 -1
55 37 -1
55 38 -1

56 0 48.6783
56 1 47.7568
56 2 46.6309
56 3 45.4796
56 4 44.3611
56 5 43.0924
56 6 41.8219
56 7 40.4346
56 8 38.9599
56 9 37.5152
56 10 35.6972
56 11 34.0259
56 12 31.97
56 13 29.7843
56 14 27.3797
56 15 24.745
56 16 21.6596
56 17 18.1348
56 18 -1
56 19 -1
56 20 -1
56 21 -1
56 22 -1
56 23 -1
56 24 -1
56 25 -1
56 26 -1
56 27 -1
56 28 -1
56 29 -1
56 30 -1
56 31 -1
56 32 -1
56 33 -1
56 34 -1
56 35 -1
56 36 -1
56 37 -1
56 38 -1

57 0 48.7504
57 1 47.7067
57 2 46.6209
57 3 45.5168
57 4 44.3994
57 5 43.2217
57 6 42.0847
57 7 40.6545
57 8 39.3676
57 9 37.7628
57 10 36.2448
57 11 34.4947
57 12 32.6659
57 13 30.4502
57 14 28.1683
57 15 25.6653
57 16 22.742
57 17 19.3206
57 18 14.7745
57 19 -1
57 20 -1
57 21 -1
57 22 -1
57 23 -1
57 24 -1
57 25 -1
57 26 -1
57 27 -1
57 28 -1
57 29 -1
57 30 -1
57 31 -1
57 32 -1
57 33 -1
57 34 -1
57 35 -1
57 36 -1
57 37 -1
57 38 -1

58 0 48.6146
58 1 47.5753
58 2 46.6443
58 3 45.5903
58 4 44.4385
58 5 43.2927
58 6 42.0846
58 7 40.8649
58 8 39.5539
58 9 38.0299
58 10 36.5036
58 11 34.8706
58 12 33.08
58 13 31.2391
58 14 28.9743
58 15 26.4857
58 16 23.8131
58 17 20.5574
58 18 16.9487
58 19 -1
58 20 -1
58 21 -1
58 22 -1
58 23 -1
58 24 -1
58 25 -1
58 26 -1
58 27 -1
58 28 -1
58 29 -1
58 30 -1
58 31 -1
58 32 -1
58 33 -1
58 34 -1
58 35 -1
58 36 -1
58 37 -1
58 38 -1

59 0 48.427
59 1 47.5763
59 2 46.5733
59 3 45.4971
59 4 44.4655
59 5 43.4254
59 6 42.1917
59 7 40.9261
59 8 39.7408
59 9 38.3573
59 10 36.8526
59 11 35.2926
59 12 33.5919
59 13 31.7251
59 14 29.6146
59 15 27.3199
59 16 24.7258
59 17 21.7332
59 18 18.3365
59 19 -1
59 20 -1
59 21 -1
59 22 -1
59 23 -1
59 24 -1
59 25 -1
59 26 -1
59 27 -1
59 28 -1
59 29 -1
59 30 -1
59 31 -1
59 32 -1
59 33 -1
59 34 -1
59 35 -1
59 36 -1
59 37 -1
59 38 -1

60 0 48.3509
60 1 47.4009
60 2 46.5411
60 3 45.4976
60 4 44.4647
60 5 43.4449
60 6 42.3011
60 7 41.1214
60 8 39.8176
60 9 38.5667
60 10 37.0987
60 11 35.6347
60 12 34.0173
60 13 32.2534
60 14 30.2571
60 15 28.0132
60 16 25.6579
60 17 22.9095
60 18 19.5252
60 19 16.9472
60 20 -1
60 21 -1
60 22 -1
60 23 -1
60 24 -1
60 25 -1
60 26 -1
60 27 -1
60 28 -1
60 29 -1
60 30 -1
60 31 -1
60 32 -1
60 33 -1
60 34 -1
60 35 -1
60 36 -1
60 37 -1
60 38 -1

61 0 48.1746
61 1 47.2347
61 2 46.3541
61 3 45.432
61 4 44.5173
61 5 43.3825
61 6 42.2486
61 7 41.1779
61 8 39.9966
61 9 38.7636
61 10 37.4249
61 11 35.9896
61 12 34.3274
61 13 32.6263
61 14 30.8727
61 15 28.8091
61 16 26.4332
61 17 23.8048
61 18 20.7776
61 19 17.1871
61 20 -1
61 21 -1
61 22 -1
61 23 -1
61 24 -1
61 25 -1
61 26 -1
61 27 -1
61 28 -1
61 29 -1
61 30 -1
61 31 -1
61 32 -1
61 33 -1
61 34 -1
61 35 -1
61 36 -1
61 37 -1
61 38 -1

62 0 47.9077
62 1 47.1125
62 2 46.2323
62 3 45.2767
62 4 44.3712
62 5 43.349
62 6 42.3644
62 7 41.1763
62 8 40.1336
62 9 38.8952
62 10 37.574
62 11 36.2332
62 12 34.6564
62 13 33.0964
62 14 31.2592
62 15 29.3817
62 16 27.1532
62 17 24.7347
62 18 22.0767
62 19 18.6571
62 20 -1
62 21 -1
62 22 -1
62 23 -1
62 24 -1
62 25 -1
62 26 -1
62 27 -1
62 28 -1
62 29 -1
62 30 -1
62 31 -1
62 32 -1
62 33 -1
62 34 -1
62 35 -1
62 36 -1
62 37 -1
62 38 -1

63 0 47.642
63 1 46.9141
63 2 46.082
63 3 45.1644
63 4 44.2611
63 5 43.319
63 6 42.3175
63 7 41.25
63 8 40.1163
63 9 38.905
63 10 37.7351
63 11 36.3855
63 12 34.9579
63 13 33.3758
63 14 31.7327
63 15 29.9464
63 16 27.8423
63 17 25.5748
63 18 22.8937
63 19 20.0784
63 20 16.0941
63 21 -1
63 22 -1
63 23 -1
63 24 -1
63 25 -1
63 26 -1
63 27 -1
63 28 -1
63 29 -1
63 30 -1
63 31 -1
63 32 -1
63 33 -1
63 34 -1
63 35 -1
63 36 -1
63 37 -1
63 38 -1

64 0 47.4226
64 1 46.5959
64 2 45.8197
64 3 44.957
64 4 44.112
64 5 43.1724
64 6 42.188
64 7 41.2374
64 8 40.0749
64 9 39.0314
64 10 37.8165
64 11 36.5488
64 12 35.2161
64 13 33.7477
64 14 32.1243
64 15 30.3902
64 16 28.5399
64 17 26.3098
64 18 23.8771
64 19 21.0938
64 20 18.1021
64 21 -1
64 22 -1
64 23 -1
64 24 -1
64 25 -1
64 26 -1
64 27 -1
64 28 -1
64 29 -1
64 30 -1
64 31 -1
64 32 -1
64 33 -1
64 34 -1
64 35 -1
64 36 -1
64 37 -1
64 38 -1

65 0 47.0808
65 1 46.3441
65 2 45.5641
65 3 44.8569
65 4 43.9725
65 5 43.0695
65 6 42.1433
65 7 41.2227
65 8 40.0517
65 9 38.9806
65 10 37.8728
65 11 36.7322
65 12 35.2912
65 13 33.9565
65 14 32.4601
65 15 30.7662
65 16 28.9605
65 17 26.9739
65 18 24.7569
65 19 22.2244
65 20 19.2312
65 21 -1
65 22 -1
65 23 -1
65 24 -1
65 25 -1
65 26 -1
65 27 -1
65 28 -1
65 29 -1
65 30 -1
65 31 -1
65 32 -1
65 33 -1
65 34 -1
65 35 -1
65 36 -1
65 37 -1
65 38 -1

66 0 46.7298
66 1 46.0392
66 2 45.2997
66 3 44.533
66 4 43.7951
66 5 42.8603
66 6 42.0042
66 7 40.9886
66 8 40.0244
66 9 39.0134
66 10 37.9305
66 11 36.7108
66 12 35.4645
66 13 34.0865
66 14 32.6275
66 15 31.1632
66 16 29.409
66 17 27.4432
66 18 25.4036
66 19 22.9471
66 20 20.2666
66 21 17.8186
66 22 -1
66 23 -1
66 24 -1
66 25 -1
66 26 -1
66 27 -1
66 28 -1
66 29 -1
66 30 -1
66 31 -1
66 32 -1
66 33 -1
66 34 -1
66 35 -1
66 36 -1
66 37 -1
66 38 -1

67 0 46.4025
67 1 45.7523
67 2 45.0153
67 3 44.2705
67 4 43.4881
67 5 42.655
67 6 41.7904
67 7 40.9739
67 8 39.9544
67 9 38.9447
67 10 37.9609
67 11 36.7383
67 12 35.5524
67 13 34.2813
67 14 32.8796
67 15 31.3929
67 16 29.7011
67 17 27.9897
67 18 25.9864
67 19 23.6673
67 20 21.1575
67 21 18.4625
67 22 -1
67 23 -1
67 24 -1
67 25 -1
67 26 -1
67 27 -1
67 28 -1
67 29 -1
67 30 -1
67 31 -1
67 32 -1
67 33 -1
67 34 -1
67 35 -1
67 36 -1
67 37 -1
67 38 -1

68 0 46.0033
68 1 45.3688
68 2 44.6475
68 3 43.9833
68 4 43.2197
68 5 42.462
68 6 41.5753
68 7 40.8024
68 8 39.8759
68 9 38.8519
68 10 37.8895
68 11 36.7468
68 12 35.6353
68 13 34.4
68 14 33.0263
68 15 31.6743
68 16 30.1226
68 17 28.4228
68 18 26.4854
68 19 24.4079
68 20 22.0461
68 21 19.3281
68 22 -1
68 23 -1
68 24 -1
68 25 -1
68 26 -1
68 27 -1
68 28 -1
68 29 -1
68 30 -1
68 31 -1
68 32 -1
68 33 -1
68 34 -1
68 35 -1
68 36 -1
68 37 -1
68 38 -1

69 0 45.4991
69 1 44.9251
69 2 44.3006
69 3 43.6115
69 4 42.9829
69 5 42.1745
69 6 41.393
69 7 40.5525
69 8 39.7017
69 9 38.6944
69 10 37.7413
69 11 36.7983
69 12 35.6552
69 13 34.5057
69 14 33.1751
69 15 31.8722
69 16 30.4409
69 17 28.7695
69 18 26.9241
69 19 24.976
69 20 22.7196
69 21 20.2157
69 22 17.511
69 23 -1
69 24 -1
69 25 -1
69 26 -1
69 27 -1
69 28 -1
69 29 -1
69 30 -1
69 31 -1
69 32 -1
69 33 -1
69 34 -1
69 35 -1
69 36 -1
69 37 -1
69 38 -1

70 0 45.0515
70 1 44.5117
70 2 43.902
70 3 43.2663
70 4 42.6017
70 5 41.8783
70 6 41.149
70 7 40.3765
70 8 39.4647
70 9 38.605
70 10 37.7117
70 11 36.6916
70 12 35.6351
70 13 34.4886
70 14 33.1903
70 15 31.9765
70 16 30.6622
70 17 29.0511
70 18 27.3826
70 19 25.4912
70 20 23.5135
70 21 21.0287
70 22 18.1749
70 23 -1
70 24 -1
70 25 -1
70 26 -1
70 27 -1
70 28 -1
70 29 -1
70 30 -1
70 31 -1
70 32 -1
70 33 -1
70 34 -1
70 35 -1
70 36 -1
70 37 -1
70 38 -1

71 0 44.5485
71 1 44.0441
71 2 43.4762
71 3 42.8692
71 4 42.2651
71 5 41.5496
71 6 40.839
71 7 40.0888
71 8 39.259
71 9 38.4367
71 10 37.5469
71 11 36.5343
71 12 35.5703
71 13 34.4375
71 14 33.2993
71 15 32.0615
71 16 30.7423
71 17 29.331
71 18 27.7222
71 19 25.9067
71 20 23.9312
71 21 21.7412
71 22 19.1049
71 23 -1
71 24 -1
71 25 -1
71 26 -1
71 27 -1
71 28 -1
71 29 -1
71 30 -1
71 31 -1
71 32 -1
71 33 -1
71 34 -1
71 35 -1
71 36 -1
71 37 -1
71 38 -1

72 0 43.972
72 1 43.5091
72 2 42.977
72 3 42.4172
72 4 41.792
72 5 41.2051
72 6 40.533
72 7 39.7644
72 8 39.0232
72 9 38.1998
72 10 37.3206
72 11 36.4407
72 12 35.4653
72 13 34.4481
72 14 33.4199
72 15 32.1231
72 16 30.9754
72 17 29.5331
72 18 27.988
72 19 26.3248
72 20 24.3863
72 21 22.3027
72 22 19.9917
72 23 16.6914
72 24 -1
72 25 -1
72 26 -1
72 27 -1
72 28 -1
72 29 -1
72 30 -1
72 31 -1
72 32 -1
72 33 -1
72 34 -1
72 35 -1
72 36 -1
72 37 -1
72 38 -1

73 0 43.3897
73 1 42.9816
73 2 42.4854
73 3 41.9448
73 4 41.3998
73 5 40.809
73 6 40.1617
73 7 39.4611
73 8 38.6984
73 9 37.9704
73 10 37.0868
73 11 36.2737
73 12 35.3267
73 13 34.3074
73 14 33.2948
73 15 32.266
73 16 30.9782
73 17 29.6898
73 18 28.2347
73 19 26.5541
73 20 24.879
73 21 22.8601
73 22 20.657
73 23 18.0506
73 24 -1
73 25 -1
73 26 -1
73 27 -1
73 28 -1
73 29 -1
73 30 -1
73 31 -1
73 32 -1
73 33 -1
73 34 -1
73 35 -1
73 36 -1
73 37 -1
73 38 -1

74 0 42.7669
74 1 42.378
74 2 41.9351
74 3 41.4735
74 4 40.8949
74 5 40.3817
74 6 39.7428
74 7 39.1028
74 8 38.3706
74 9 37.6939
74 10 36.8966
74 11 36.0741
74 12 35.2011
74 13 34.2875
74 14 33.2749
74 15 32.1968
74 16 31.0141
74 17 29.796
74 18 28.4359
74 19 26.864
74 20 25.1386
74 21 23.3328
74 22 21.2939
74 23 18.87
74 24 -1
74 25 -1
74 26 -1
74 27 -1
74 28 -1
74 29 -1
74 30 -1
74 31 -1
74 32 -1
74 33 -1
74 34 -1
74 35 -1
74 36 -1
74 37 -1
74 38 -1

75 0 42.1106
75 1 41.7333
75 2 41.3855
75 3 40.9061
75 4 40.4206
75 5 39.911
75 6 39.3436
75 7 38.6549
75 8 38.0541
75 9 37.3606
75 10 36.6119
75 11 35.7975
75 12 35.0052
75 13 34.1556
75 14 33.1725
75 15 32.0747
75 16 31.0371
75 17 29.8488
75 18 28.5381
75 19 27.1062
75 20 25.5725
75 21 23.7179
75 22 21.734
75 23 19.534
75 24 16.8442
75 25 -1
75 26 -1
75 27 -1
75 28 -1
75 29 -1
75 30 -1
75 31 -1
75 32 -1
75 33 -1
75 34 -1
75 35 -1
75 36 -1
75 37 -1
75 38 -1

76 0 41.3813
76 1 41.0897
76 2 40.7406
76 3 40.3294
76 4 39.9195
76 5 39.4258
76 6 38.8861
76 7 38.2858
76 8 37.6649
76 9 36.9783
76 10 36.2698
76 11 35.5136
76 12 34.7567
76 13 33.9227
76 14 32.9939
76 15 32.0148
76 16 31.0229
76 17 29.8331
76 18 28.6397
76 19 27.2801
76 20 25.7571
76 21 24.0939
76 22 22.1926
76 23 20.0722
76 24 17.652
76 25 -1
76 26 -1
76 27 -1
76 28 -1
76 29 -1
76 30 -1
76 31 -1
76 32 -1
76 33 -1
76 34 -1
76 35 -1
76 36 -1
76 37 -1
76 38 -1

77 0 40.6317
77 1 40.4002
77 2 40.0781
77 3 39.715
77 4 39.3217
77 5 38.8964
77 6 38.3645
77 7 37.8348
77 8 37.2253
77 9 36.6528
77 10 35.9279
77 11 35.2338
77 12 34.4656
77 13 33.7004
77 14 32.7735
77 15 31.8344
77 16 30.9219
77 17 29.8262
77 18 28.6425
77 19 27.2876
77 20 25.8981
77 21 24.299
77 22 22.5409
77 23 20.5813
77 24 18.3413
77 25 -1
77 26 -1
77 27 -1
77 28 -1
77 29 -1
77 30 -1
77 31 -1
77 32 -1
77 33 -1
77 34 -1
77 35 -1
77 36 -1
77 37 -1
77 38 -1

78 0 39.8048
78 1 39.6256
78 2 39.3751
78 3 39.0717
78 4 38.7151
78 5 38.2881
78 6 37.8311
78 7 37.3102
78 8 36.8004
78 9 36.2435
78 10 35.5714
78 11 34.8881
78 12 34.1559
78 13 33.4018
78 14 32.5619
78 15 31.6521
78 16 30.7417
78 17 29.7319
78 18 28.6102
78 19 27.4484
78 20 26.1098
78 21 24.5543
78 22 22.9134
78 23 20.9872
78 24 18.8716
78 25 16.3163
78 26 -1
78 27 -1
78 28 -1
78 29 -1
78 30 -1
78 31 -1
78 32 -1
78 33 -1
78 34 -1
78 35 -1
78 36 -1
78 37 -1
78 38 -1

79 0 38.9363
79 1 38.7991
79 2 38.619
79 3 38.3533
79 4 38.0544
79 5 37.6907
79 6 37.2564
79 7 36.8068
79 8 36.3282
79 9 35.7696
79 10 35.1456
79 11 34.5683
79 12 33.8089
79 13 33.0931
79 14 32.2614
79 15 31.5171
79 16 30.5327
79 17 29.6506
79 18 28.5969
79 19 27.384
79 20 26.1654
79 21 24.8291
79 22 23.128
79 23 21.3431
79 24 19.3141
79 25 16.8965
79 26 -1
79 27 -1
79 28 -1
79 29 -1
79 30 -1
79 31 -1
79 32 -1
79 33 -1
79 34 -1
79 35 -1
79 36 -1
79 37 -1
79 38 -1

80 0 38
80 1 37.936
80 2 37.7896
80 3 37.5835
80 4 37.3568
80 5 37.0238
80 6 36.6509
80 7 36.2526
80 8 35.7725
80 9 35.275
80 10 34.738
80 11 34.0693
80 12 33.4203
80 13 32.739
80 14 32.0066
80 15 31.2236
80 16 30.3939
80 17 29.4402
80 18 28.5166
80 19 27.4211
80 20 26.2262
80 21 24.8972
80 22 23.458
80 23 21.7073
80 24 19.7416
80 25 17.4848
80 26 -1
80 27 -1
80 28 -1
80 29 -1
80 30 -1
80 31 -1
80 32 -1
80 33 -1
80 34 -1
80 35 -1
80 36 -1
80 37 -1
80 38 -1

81 0 37
81 1 37
81 2 36.9345
81 3 36.7971
81 4 36.5972
81 5 36.3345
81 6 35.9957
81 7 35.6437
81 8 35.2219
81 9 34.746
81 10 34.2133
81 11 33.6733
81 12 33.0513
81 13 32.3982
81 14 31.7091
81 15 30.9409
81 16 30.1643
81 17 29.2427
81 18 28.3428
81 19 27.3378
81 20 26.1754
81 21 24.9363
81 22 23.5452
81 23 21.8969
81 24 20.0447
81 25 17.9457
81 26 15.4073
81 27 -1
81 28 -1
81 29 -1
81 30 -1
81 31 -1
81 32 -1
81 33 -1
81 34 -1
81 35 -1
81 36 -1
81 37 -1
81 38 -1

82 0 -1
82 1 36
82 2 36
82 3 35.9349
82 4 35.7876
82 5 35.6077
82 6 35.341
82 7 35.0211
82 8 34.6261
82 9 34.204
82 10 33.6849
82 11 33.1693
82 12 32.6244
82 13 32.0314
82 14 31.317
82 15 30.6654
82 16 29.8841
82 17 29.0056
82 18 28.1495
82 19 27.23
82 20 26.1754
82 21 24.9507
82 22 23.7056
82 23 22.2189
82 24 20.409
82 25 18.3583
82 26 16.1097
82 27 -1
82 28 -1
82 29 -1
82 30 -1
82 31 -1
82 32 -1
82 33 -1
82 34 -1
82 35 -1
82 36 -1
82 37 -1
82 38 -1

83 0 -1
83 1 -1
83 2 35
83 3 35
83 4 34.933
83 5 34.7851
83 6 34.58
83 7 34.3186
83 8 33.9724
83 9 33.6143
83 10 33.1625
83 11 32.6849
83 12 32.128
83 13 31.589
83 14 30.939
83 15 30.2451
83 16 29.5595
83 17 28.7614
83 18 27.9351
83 19 27.0771
83 20 26.1255
83 21 24.9745
83 22 23.7739
83 23 22.3642
83 24 20.7145
83 25 18.7403
83 26 16.5325
83 27 -1
83 28 -1
83 29 -1
83 30 -1
83 31 -1
83 32 -1
83 33 -1
83 34 -1
83 35 -1
83 36 -1
83 37 -1
83 38 -1

84 0 -1
84 1 -1
84 2 -1
84 3 34
84 4 34
84 5 33.9205
84 6 33.7856
84 7 33.5836
84 8 33.3099
84 9 32.9445
84 10 32.6085
84 11 32.1271
84 12 31.6615
84 13 31.0819
84 14 30.5066
84 15 29.903
84 16 29.2247
84 17 28.4264
84 18 27.6411
84 19 26.7806
84 20 25.8895
84 21 24.9012
84 22 23.745
84 23 22.4552
84 24 20.906
84 25 19.096
84 26 16.973
84 27 14.6174
84 28 -1
84 29 -1
84 30 -1
84 31 -1
84 32 -1
84 33 -1
84 34 -1
84 35 -1
84 36 -1
84 37 -1
84 38 -1

85 0 -1
85 1 -1
85 2 -1
85 3 -1
85 4 33
85 5 33
85 6 32.9294
85 7 32.7778
85 8 32.558
85 9 32.2907
85 10 31.9423
85 11 31.5532
85 12 31.11
85 13 30.6083
85 14 30.0698
85 15 29.4524
85 16 28.8334
85 17 28.1165
85 18 27.412
85 19 26.5708
85 20 25.7225
85 21 24.7281
85 22 23.6872
85 23 22.4768
85 24 21.0886
85 25 19.4062
85 26 17.3861
85 27 14.9527
85 28 -1
85 29 -1
85 30 -1
85 31 -1
85 32 -1
85 33 -1
85 34 -1
85 35 -1
85 36 -1
85 37 -1
85 38 -1

86 0 -1
86 1 -1
86 2 -1
86 3 -1
86 4 -1
86 5 32
86 6 32
86 7 31.9248
86 8 31.7768
86 9 31.5507
86 10 31.2699
86 11 30.9217
86 12 30.5186
86 13 30.068
86 14 29.5693
86 15 29.032
86 16 28.403
86 17 27.7773
86 18 27.0043
86 19 26.2837
86 20 25.4704
86 21 24.5526
86 22 23.5674
86 23 22.4598
86 24 21.1954
86 25 19.6726
86 26 17.7744
86 27 15.4119
86 28 -1
86 29 -1
86 30 -1
86 31 -1
86 32 -1
86 33 -1
86 34 -1
86 35 -1
86 36 -1
86 37 -1
86 38 -1

87 0 -1
87 1 -1
87 2 -1
87 3 -1
87 4 -1
87 5 -1
87 6 31
87 7 31
87 8 30.9265
87 9 30.7721
87 10 30.5631
87 11 30.2619
87 12 29.9185
87 13 29.4834
87 14 29.0192
87 15 28.5494
87 16 27.9191
87 17 27.3393
87 18 26.6423
87 19 25.9622
87 20 25.1914
87 21 24.2681
87 22 23.3789
87 23 22.3562
87 24 21.193
87 25 19.7896
87 26 18.1133
87 27 16.0052
87 28 13
87 29 -1
87 30 -1
87 31 -1
87 32 -1
87 33 -1
87 34 -1
87 35 -1
87 36 -1
87 37 -1
87 38 -1

88 0 -1
88 1 -1
88 2 -1
88 3 -1
88 4 -1
88 5 -1
88 6 -1
88 7 30
88 8 30
88 9 29.9168
88 10 29.7721
88 11 29.5584
88 12 29.2425
88 13 28.8955
88 14 28.4819
88 15 27.9982
88 16 27.4545
88 17 26.8903
88 18 26.2636
88 19 25.5843
88 20 24.8908
88 21 24.044
88 22 23.1755
88 23 22.1711
88 24 21.1708
88 25 19.8914
88 26 18.3557
88 27 16.4495
88 28 13.6905
88 29 -1
88 30 -1
88 31 -1
88 32 -1
88 33 -1
88 34 -1
88 35 -1
88 36 -1
88 37 -1
88 38 -1

89 0 -1
89 1 -1
89 2 -1
89 3 -1
89 4 -1
89 5 -1
89 6 -1
89 7 -1
89 8 29
89 9 29
89 10 28.9162
89 11 28.756
89 12 28.5168
89 13 28.2355
89 14 27.8486
89 15 27.438
89 16 26.9529
89 17 26.4317
89 18 25.8177
89 19 25.2007
89 20 24.4877
89 21 23.744
89 22 22.9555
89 23 22.0149
89 24 21.0232
89 25 19.9315
89 26 18.5523
89 27 16.8413
89 28 14.3694
89 29 -1
89 30 -1
89 31 -1
89 32 -1
89 33 -1
89 34 -1
89 35 -1
89 36 -1
89 37 -1
89 38 -1

90 0 -1
90 1 -1
90 2 -1
90 3 -1
90 4 -1
90 5 -1
90 6 -1
90 7 -1
90 8 -1
90 9 28
90 10 28
90 11 27.9113
90 12 27.7577
90 13 27.5139
90 14 27.2316
90 15 26.8358
90 16 26.4101
90 17 25.9299
90 18 25.3456
90 19 24.7477
90 20 24.108
90 21 23.4114
90 22 22.6303
90 23 21.7972
90 24 20.8803
90 25 19.7701
90 26 18.6065
90 27 17.0893
90 28 15.0636
90 29 11
90 30 -1
90 31 -1
90 32 -1
90 33 -1
90 34 -1
90 35 -1
90 36 -1
90 37 -1
90 38 -1

91 0 -1
91 1 -1
91 2 -1
91 3 -1
91 4 -1
91 5 -1
91 6 -1
91 7 -1
91 8 -1
91 9 -1
91 10 27
91 11 27
91 12 26.9228
91 13 26.7579
91 14 26.5138
91 15 26.1798
91 16 25.815
91 17 25.3494
91 18 24.8567
91 19 24.3072
91 20 23.6747
91 21 23.0062
91 22 22.2985
91 23 21.496
91 24 20.6025
91 25 19.6152
91 26 18.5191
91 27 17.2407
91 28 15.4989
91 29 12.6278
91 30 -1
91 31 -1
91 32 -1
91 33 -1
91 34 -1
91 35 -1
91 36 -1
91 37 -1
91 38 -1

92 0 -1
92 1 -1
92 2 -1
92 3 -1
92 4 -1
92 5 -1
92 6 -1
92 7 -1
92 8 -1
92 9 -1
92 10 -1
92 11 26
92 12 26
92 13 25.9184
92 14 25.7406
92 15 25.4941
92 16 25.1691
92 17 24.7749
92 18 24.3594
92 19 23.7818
92 20 23.2456
92 21 22.5843
92 22 21.9223
92 23 21.1723
92 24 20.3689
92 25 19.4605
92 26 18.4092
92 27 17.2131
92 28 15.7541
92 29 13.6183
92 30 -1
92 31 -1
92 32 -1
92 33 -1
92 34 -1
92 35 -1
92 36 -1
92 37 -1
92 38 -1

93 0 -1
93 1 -1
93 2 -1
93 3 -1
93 4 -1
93 5 -1
93 6 -1
93 7 -1
93 8 -1
93 9 -1
93 10 -1
93 11 -1
93 12 25
93 13 25
93 14 24.9135
93 15 24.7318
93 16 24.4685
93 17 24.1464
93 18 23.7162
93 19 23.2889
93 20 22.7345
93 21 22.1862
93 22 21.5112
93 23 20.821
93 24 20.0356
93 25 19.1791
93 26 18.2519
93 27 17.1876
93 28 15.9112
93 29 14.1934
93 30 -1
93 31 -1
93 32 -1
93 33 -1
93 34 -1
93 35 -1
93 36 -1
93 37 -1
93 38 -1

94 0 -1
94 1 -1
94 2 -1
94 3 -1
94 4 -1
94 5 -1
94 6 -1
94 7 -1
94 8 -1
94 9 -1
94 10 -1
94 11 -1
94 12 -1
94 13 24
94 14 24
94 15 23.9122
94 16 23.7274
94 17 23.4468
94 18 23.1165
94 19 22.719
94 20 22.2188
94 21 21.6711
94 22 21.064
94 23 20.4165
94 24 19.6577
94 25 18.9249
94 26 18.0236
94 27 16.9924
94 28 15.8408
94 29 14.437
94 30 12.3069
94 31 -1
94 32 -1
94 33 -1
94 34 -1
94 35 -1
94 36 -1
94 37 -1
94 38 -1

95 0 -1
95 1 -1
95 2 -1
95 3 -1
95 4 -1
95 5 -1
95 6 -1
95 7 -1
95 8 -1
95 9 -1
95 10 -1
95 11 -1
95 12 -1
95 13 -1
95 14 23
95 15 23
95 16 22.9067
95 17 22.7032
95 18 22.446
95 19 22.1003
95 20 21.6287
95 21 21.1505
95 22 20.5807
95 23 19.9987
95 24 19.296
95 25 18.5347
95 26 17.7364
95 27 16.8028
95 28 15.7668
95 29 14.4896
95 30 12.8426
95 31 -1
95 32 -1
95 33 -1
95 34 -1
95 35 -1
95 36 -1
95 37 -1
95 38 -1

96 0 -1
96 1 -1
96 2 -1
96 3 -1
96 4 -1
96 5 -1
96 6 -1
96 7 -1
96 8 -1
96 9 -1
96 10 -1
96 11 -1
96 12 -1
96 13 -1
96 14 -1
96 15 22
96 16 22
96 17 21.898
96 18 21.7099
96 19 21.4151
96 20 21.0607
96 21 20.6341
96 22 20.1021
96 23 19.552
96 24 18.8925
96 25 18.1685
96 26 17.3867
96 27 16.5046
96 28 15.565
96 29 14.4127
96 30 13.0863
96 31 -1
96 32 -1
96 33 -1
96 34 -1
96 35 -1
96 36 -1
96 37 -1
96 38 -1

97 0 -1
97 1 -1
97 2 -1
97 3 -1
97 4 -1
97 5 -1
97 6 -1
97 7 -1
97 8 -1
97 9 -1
97 10 -1
97 11 -1
97 12 -1
97 13 -1
97 14 -1
97 15 -1
97 16 21
97 17 21
97 18 20.8949
97 19 20.6949
97 20 20.3818
97 21 20.0245
97 22 19.5855
97 23 19.0374
97 24 18.4391
97 25 17.7637
97 26 17.0322
97 27 16.2096
97 28 15.3205
97 29 14.261
97 30 13.0649
97 31 11.6612
97 32 -1
97 33 -1
97 34 -1
97 35 -1
97 36 -1
97 37 -1
97 38 -1

98 0 -1
98 1 -1
98 2 -1
98 3 -1
98 4 -1
98 5 -1
98 6 -1
98 7 -1
98 8 -1
98 9 -1
98 10 -1
98 11 -1
98 12 -1
98 13 -1
98 14 -1
98 15 -1
98 16 -1
98 17 20
98 18 20
98 19 19.8927
98 20 19.69
98 21 19.3805
98 22 18.9659
98 23 18.4936
98 24 17.9543
98 25 17.3384
98 26 16.6617
98 27 15.8663
98 28 15.0308
98 29 14.0555
98 30 12.9306
98 31 11.6405
98 32 -1
98 33 -1
98 34 -1
98 35 -1
98 36 -1
98 37 -1
98 38 -1

99 0 -1
99 1 -1
99 2 -1
99 3 -1
99 4 -1
99 5 -1
99 6 -1
99 7 -1
99 8 -1
99 9 -1
99 10 -1
99 11 -1
99 12 -1
99 13 -1
99 14 -1
99 15 -1
99 16 -1
99 17 -1
99 18 19
99 19 19
99 20 18.8849
99 21 18.6647
99 22 18.3409
99 23 17.9416
99 24 17.469
99 25 16.8747
99 26 16.258
99 27 15.5265
99 28 14.7223
99 29 13.801
99 30 12.7651
99 31 11.5149
99 32 -1
99 33 -1
99 34 -1
99 35 -1
99 36 -1
99 37 -1
99 38 -1

100 0 -1
100 1 -1
100 2 -1
100 3 -1
100 4 -1
100 5 -1
100 6 -1
100 7 -1
100 8 -1
100 9 -1
100 10 -1
100 11 -1
100 12 -1
100 13 -1
100 14 -1
100 15 -1
100 16 -1
100 17 -1
100 18 -1
100 19 18
100 20 18
100 21 17.873
100 22 17.6443
100 23 17.3376
100 24 16.8829
100 25 16.3862
100 26 15.8081
100 27 15.0929
100 28 14.3421
100 29 13.5169
100 30 12.5302
100 31 11.3854
100 32 10
100 33 -1
100 34 -1
100 35 -1
100 36 -1
100 37 -1
100 38 -1

101 0 -1
101 1 -1
101 2 -1
101 3 -1
101 4 -1
101 5 -1
101 6 -1
101 7 -1
101 8 -1
101 9 -1
101 10 -1
101 11 -1
101 12 -1
101 13 -1
101 14 -1
101 15 -1
101 16 -1
101 17 -1
101 18 -1
101 19 -1
101 20 17
101 21 17
101 22 16.8805
101 23 16.6271
101 24 16.2735
101 25 15.8449
101 26 15.2758
101 27 14.6868
101 28 13.9998
101 29 13.1793
101 30 12.2515
101 31 11.1905
101 32 9.89802
101 33 -1
101 34 -1
101 35 -1
101 36 -1
101 37 -1
101 38 -1

102 0 -1
102 1 -1
102 2 -1
102 3 -1
102 4 -1
102 5 -1
102 6 -1
102 7 -1
102 8 -1
102 9 -1
102 10 -1
102 11 -1
102 12 -1
102 13 -1
102 14 -1
102 15 -1
102 16 -1
102 17 -1
102 18 -1
102 19 -1
102 20 -1
102 21 16
102 22 16
102 23 15.8693
102 24 15.6033
102 25 15.2565
102 26 14.761
102 27 14.2231
102 28 13.5461
102 29 12.8102
102 30 11.9637
102 31 10.9435
102 32 9.73311
102 33 -1
102 34 -1
102 35 -1
102 36 -1
102 37 -1
102 38 -1

103 0 -1
103 1 -1
103 2 -1
103 3 -1
103 4 -1
103 5 -1
103 6 -1
103 7 -1
103 8 -1
103 9 -1
103 10 -1
103 11 -1
103 12 -1
103 13 -1
103 14 -1
103 15 -1
103 16 -1
103 17 -1
103 18 -1
103 19 -1
103 20 -1
103 21 -1
103 22 15
103 23 15
103 24 14.8619
103 25 14.5992
103 26 14.1857
103 27 13.7113
103 28 13.1117
103 29 12.4286
103 30 11.6389
103 31 10.6662
103 32 9.56283
103 33 8
103 34 -1
103 35 -1
103 36 -1
103 37 -1
103 38 -1

104 0 -1
104 1 -1
104 2 -1
104 3 -1
104 4 -1
104 5 -1
104 6 -1
104 7 -1
104 8 -1
104 9 -1
104 10 -1
104 11 -1
104 12 -1
104 13 -1
104 14 -1
104 15 -1
104 16 -1
104 17 -1
104 18 -1
104 19 -1
104 20 -1
104 21 -1
104 22 -1
104 23 14
104 24 14
104 25 13.8624
104 26 13.5657
104 27 13.1511
104 28 12.5998
104 29 11.9716
104 30 11.2721
104 31 10.3598
104 32 9.31565
104 33 8
104 34 -1
104 35 -1
104 36 -1
104 37 -1
104 38 -1

105 0 -1
105 1 -1
105 2 -1
105 3 -1
105 4 -1
105 5 -1
105 6 -1
105 7 -1
105 8 -1
105 9 -1
105 10 -1
105 11 -1
105 12 -1
105 13 -1
105 14 -1
105 15 -1
105 16 -1
105 17 -1
105 18 -1
105 19 -1
105 20 -1
105 21 -1
105 22 -1
105 23 -1
105 24 13
105 25 13
105 26 12.8447
105 27 12.5145
105 28 12.0784
105 29 11.5176
105 30 10.8599
105 31 10.0328
105 32 9.08826
105 33 7.86335
105 34 -1
105 35 -1
105 36 -1
105 37 -1
105 38 -1

106 0 -1
106 1 -1
106 2 -1
106 3 -1
106 4 -1
106 5 -1
106 6 -1
106 7 -1
106 8 -1
106 9 -1
106 10 -1
106 11 -1
106 12 -1
106 13 -1
106 14 -1
106 15 -1
106 16 -1
106 17 -1
106 18 -1
106 19 -1
106 20 -1
106 21 -1
106 22 -1
106 23 -1
106 24 -1
106 25 12
106 26 12
106 27 11.8205
106 28 11.4911
106 29 11.0103
106 30 10.4163
106 31 9.68001
106 32 8.79909
106 33 7.66759
106 34 6
106 35 -1
106 36 -1
106 37 -1
106 38 -1

107 0 -1
107 1 -1
107 2 -1
107 3 -1
107 4 -1
107 5 -1
107 6 -1
107 7 -1
107 8 -1
107 9 -1
107 10 -1
107 11 -1
107 12 -1
107 13 -1
107 14 -1
107 15 -1
107 16 -1
107 17 -1
107 18 -1
107 19 -1
107 20 -1
107 21 -1
107 22 -1
107 23 -1
107 24 -1
107 25 -1
107 26 11
107 27 11
107 28 10.8054
107 29 10.446
107 30 9.94675
107 31 9.24487
107 32 8.47731
107 33 7.46638
107 34 6
107 35 -1
107 36 -1
107 37 -1
107 38 -1

108 0 -1
108 1 -1
108 2 -1
108 3 -1
108 4 -1
108 5 -1
108 6 -1
108 7 -1
108 8 -1
108 9 -1
108 10 -1
108 11 -1
108 12 -1
108 13 -1
108 14 -1
108 15 -1
108 16 -1
108 17 -1
108 18 -1
108 19 -1
108 20 -1
108 21 -1
108 22 -1
108 23 -1
108 24 -1
108 25 -1
108 26 -1
108 27 10
108 28 10
108 29 9.78812
108 30 9.37037
108 31 8.80594
108 32 8.07738
108 33 7.18365
108 34 6
108 35 -1
108 36 -1
108 37 -1
108 38 -1

109 0 -1
109 1 -1
109 2 -1
109 3 -1
109 4 -1
109 5 -1
109 6 -1
109 7 -1
109 8 -1
109 9 -1
109 10 -1
109 11 -1
109 12 -1
109 13 -1
109 14 -1
109 15 -1
109 16 -1
109 17 -1
109 18 -1
109 19 -1
109 20 -1
109 21 -1
109 22 -1
109 23 -1
109 24 -1
109 25 -1
109 26 -1
109 27 -1
109 28 9
109 29 9
109 30 8.75994
109 31 8.30384
109 32 7.66999
109 33 6.85243
109 34 5.77177
109 35 -1
109 36 -1
109 37 -1
109 38 -1

110 0 -1
110 1 -1
110 2 -1
110 3 -1
110 4 -1
110 5 -1
110 6 -1
110 7 -1
110 8 -1
110 9 -1
110 10 -1
110 11 -1
110 12 -1
110 13 -1
110 14 -1
110 15 -1
110 16 -1
110 17 -1
110 18 -1
110 19 -1
110 20 -1
110 21 -1
110 22 -1
110 23 -1
110 24 -1
110 25 -1
110 26 -1
110 27 -1
110 28 -1
110 29 8
110 30 8
110 31 7.74079
110 32 7.22272
110 33 6.53365
110 34 5.56334
110 35 4
110 36 -1
110 37 -1
110 38 -1

111 0 -1
111 1 -1
111 2 -1
111 3 -1
111 4 -1
111 5 -1
111 6 -1
111 7 -1
111 8 -1
111 9 -1
111 10 -1
111 11 -1
111 12 -1
111 13 -1
111 14 -1
111 15 -1
111 16 -1
111 17 -1
111 18 -1
111 19 -1
111 20 -1
111 21 -1
111 22 -1
111 23 -1
111 24 -1
111 25 -1
111 26 -1
111 27 -1
111 28 -1
111 29 -1
111 30 7
111 31 7
111 32 6.69927
111 33 6.07216
111 34 5.2973
111 35 4
111 36 -1
111 37 -1
111 38 -1

112 0 -1
112 1 -1
112 2 -1
112 3 -1
112 4 -1
112 5 -1
112 6 -1
112 7 -1
112 8 -1
112 9 -1
112 10 -1
112 11 -1
112 12 -1
112 13 -1
112 14 -1
112 15 -1
112 16 -1
112 17 -1
112 18 -1
112 19 -1
112 20 -1
112 21 -1
112 22 -1
112 23 -1
112 24 -1
112 25 -1
112 26 -1
112 27 -1
112 28 -1
112 29 -1
112 30 -1
112 31 6
112 32 6
112 33 5.61717
112 34 4.87942
112 35 4
112 36 -1
112 37 -1
112 38 -1

113 0 -1
113 1 -1
113 2 -1
113 3 -1
113 4 -1
113 5 -1
113 6 -1
113 7 -1
113 8 -1
113 9 -1
113 10 -1
113 11 -1
113 12 -1
113 13 -1
113 14 -1
113 15 -1
113 16 -1
113 17 -1
113 18 -1
113 19 -1
113 20 -1
113 21 -1
113 22 -1
113 23 -1
113 24 -1
113 25 -1
113 26 -1
113 27 -1
113 28 -1
113 29 -1
113 30 -1
113 31 -1
113 32 5
113 33 5
113 34 4.54083
113 35 3.58534
113 36 -1
113 37 -1
113 38 -1

114 0 -1
114 1 -1
114 2 -1
114 3 -1
114 4 -1
114 5 -1
114 6 -1
114 7 -1
114 8 -1
114 9 -1
114 10 -1
114 11 -1
114 12 -1
114 13 -1
114 14 -1
114 15 -1
114 16 -1
114 17 -1
114 18 -1
114 19 -1
114 20 -1
114 21 -1
114 22 -1
114 23 -1
114 24 -1
114 25 -1
114 26 -1
114 27 -1
114 28 -1
114 29 -1
114 30 -1
114 31 -1
114 32 -1
114 33 4
114 34 4
114 35 3.36055
114 36 2
114 37 -1
114 38 -1

115 0 -1
115 1 -1
115 2 -1
115 3 -1
115 4 -1
115 5 -1
115 6 -1
115 7 -1
115 8 -1
115 9 -1
115 10 -1
115 11 -1
115 12 -1
115 13 -1
115 14 -1
115 15 -1
115 16 -1
115 17 -1
115 18 -1
115 19 -1
115 20 -1
115 21 -1
115 22 -1
115 23 -1
115 24 -1
115 25 -1
115 26 -1
115 27 -1
115 28 -1
115 29 -1
115 30 -1
115 31 -1
115 32 -1
115 33 -1
115 34 3
115 35 3
115 36 2
115 37 -1
115 38 -1

116 0 -1
116 1 -1
116 2 -1
116 3 -1
116 4 -1
116 5 -1
116 6 -1
116 7 -1
116 8 -1
116 9 -1
116 10 -1
116 11 -1
116 12 -1
116 13 -1
116 14 -1
116 15 -1
116 16 -1
116 17 -1
116 18 -1
116 19 -1
116 20 -1
116 21 -1
116 22 -1
116 23 -1
116 24 -1
116 25 -1
116 26 -1
116 27 -1
116 28 -1
116 29 -1
116 30 -1
116 31 -1
116 32 -1
116 33 -1
116 34 -1
116 35 2
116 36 2
116 37 -1
116 38 -1

117 0 -1
117 1 -1
117 2 -1
117 3 -1
117 4 -1
117 5 -1
117 6 -1
117 7 -1
117 8 -1
117 9 -1
117 10 -1
117 11 -1
117 12 -1
117 13 -1
117 14 -1
117 15 -1
117 16 -1
117 17 -1
117 18 -1
117 19 -1
117 20 -1
117 21 -1
117 22 -1
117 23 -1
117 24 -1
117 25 -1
117 26 -1
117 27 -1
117 28 -1
117 29 -1
117 30 -1
117 31 -1
117 32 -1
117 33 -1
117 34 -1
117 35 -1
117 36 1
117 37 -1
117 38 -1

118 0 -1
118 1 -1
118 2 -1
118 3 -1
118 4 -1
118 5 -1
118 6 -1
118 7 -1
118 8 -1
118 9 -1
118 10 -1
118 11 -1
118 12 -1
118 13 -1
118 14 -1
118 15 -1
118 16 -1
118 17 -1
118 18 -1
118 19 -1
118 20 -1
118 21 -1
118 22 -1
118 23 -1
118 24 -1
118 25 -1
118 26 -1
118 27 -1
118 28 -1
118 29 -1
118 30 -1
118 31 -1
118 32 -1
118 33 -1
118 34 -1
118 35 -1
118 36 -1
118 37 0
118 38 -1

